symbol,rule_name,rule_desc,early_exit_bars,signal_time,entry_time,exit_time,direction,level_kind,break_level,entry,sl,tp,exit_price,pnl_r_clean,pnl_r_after_cost,bars_held,exit_reason,signal_close,atr,break_atr,signal_range_atr,signal_body_atr,body_ratio,close_strength,adverse_wick_ratio,favorable_wick_ratio,atr_to_avg,pre_range_3_atr,pre_extension_3_atr,same_body_3_ratio,pre_range_6_atr,pre_extension_6_atr,same_body_6_ratio,pre_range_12_atr,pre_extension_12_atr,same_body_12_ratio,pre_range_24_atr,pre_extension_24_atr,same_body_24_ratio,back_inside_close_1,follow_through_close_1,mae_1_atr,mfe_1_atr,back_inside_close_2,follow_through_close_2,mae_2_atr,mfe_2_atr,back_inside_close_3,follow_through_close_3,mae_3_atr,mfe_3_atr,back_inside_close_6,follow_through_close_6,mae_6_atr,mfe_6_atr,quick_back_inside_3
XAUUSD,baseline,現行HYBRID。追加の騙し回避なし,0,2015-02-11 14:00:00,2015-02-11 15:00:00,2015-02-12 08:00:00,short,3m,1224.976,1224.691,1231.6426929031318,1203.835921290605,1231.6426929031318,-1.000000000000009,-1.0503474484384268,16,SL,1224.722,3.47584645156584,0.07307572516205596,3.4575750590438252,2.744367489450734,0.7937260775503382,0.8852554501581044,0.11474454984189567,0.8852554501581044,1.0297076804665841,1.722458136003896,3.011928215437668,0.3333333333333333,1.722458136003896,3.66414344749396,0.6666666666666666,1.8637186913367685,3.7110384994680135,0.5,2.5734738644655937,3.6701851413065554,0.5833333333333334,False,True,0.21836407636997063,1.0098259658215814,False,True,0.21836407636997063,1.0866417871533238,False,True,0.21836407636997063,1.0866417871533238,False,True,0.21836407636997063,1.7981231585142166,False
XAUUSD,baseline,現行HYBRID。追加の騙し回避なし,0,2015-03-06 13:00:00,2015-03-06 14:00:00,2015-03-10 03:00:00,short,3m,1190.388,1182.283,1189.4395008221354,1160.8134975335936,1160.8134975335936,3.000000000000011,2.9510934172022325,35,TP,1182.258,3.5782504110677054,2.2720601036901695,4.428700671977687,3.9362812497511173,0.888811762478706,0.9888937969331778,0.011106203066822182,0.9888937969331778,1.157130478744196,1.515265668168307,3.9723323879277253,0.3333333333333333,1.7572833864703588,4.245370853032957,0.6666666666666666,2.1932506388389434,4.537413018882392,0.5833333333333334,4.63606458304024,5.339480976765682,0.5833333333333334,False,True,0.0966953008458571,1.9104308571742008,False,True,0.0966953008458571,2.511842092492948,False,True,0.0966953008458571,3.0294134715869774,False,True,0.0966953008458571,5.179905783751302,False
XAUUSD,baseline,現行HYBRID。追加の騙し回避なし,0,2015-04-06 07:00:00,2015-04-06 08:00:00,2015-04-06 12:00:00,long,3m,1219.681,1222.186,1216.2924846259255,1239.866546122223,1216.2924846259255,-1.0000000000000082,-1.0593873058412362,4,SL,1222.167,2.9467576870372096,0.8436390989784444,1.937722950590103,1.271567057068486,0.6562171628721487,0.7826619964973683,0.2173380035026317,0.7826619964973683,1.0188542847526165,0.7221496390291033,1.7470048598315255,0.3333333333333333,1.0550579077732267,1.9326326100894715,0.5,6.217341887524045,7.119010868210197,0.5833333333333334,8.097034956406516,6.301502183801882,0.5416666666666666,False,False,0.5616342352410989,0.14286889005228648,True,False,1.625176043848737,0.14286889005228648,True,False,1.760918457200016,0.14286889005228648,True,False,2.0459775252378485,0.19275422695887628,True
XAUUSD,baseline,現行HYBRID。追加の騙し回避なし,0,2015-04-24 14:00:00,2015-04-24 15:00:00,2015-04-27 10:00:00,short,3m,1178.391,1178.274,1184.2906324281757,1160.224102715472,1184.2906324281757,-0.9999999999999885,-1.058172076186841,18,SL,1178.323,3.0083162140879613,0.02260400674687696,1.9549141717413558,1.268483672736747,0.648869239925165,0.6811766706342381,0.3188233293657618,0.6811766706342381,1.21067637530009,3.0488816159177348,3.3234538155195024,1.0,4.228278909122717,4.698641696576214,1.0,4.574984483196262,4.745179357525635,0.6666666666666666,5.265736336431866,4.502518696860568,0.5416666666666666,True,False,0.4839916738743911,0.5468175161561932,True,True,0.4839916738743911,1.0367926035813149,True,True,0.4839916738743911,1.0367926035813149,True,False,0.4839916738743911,1.0367926035813149,True
XAUUSD,baseline,現行HYBRID。追加の騙し回避なし,0,2015-09-24 13:00:00,2015-09-24 14:00:00,2015-09-25 03:00:00,long,3m,1147.861,1152.832,1146.690616441401,1171.2561506757972,1146.690616441401,-0.9999999999999956,-1.0569904153779883,12,SL,1152.881,3.0706917792995365,1.6348107725566345,5.321602158236705,4.654000149523351,0.8745486812312625,0.8745486812312625,0.1254513187687375,0.8745486812312625,1.2730085246931873,1.4654678240049566,5.676245371645885,1.0,1.4980337756495556,5.481500980811464,0.5,2.4369101615620767,6.481275696299269,0.5833333333333334,3.2663649499488905,7.509708449234345,0.5416666666666666,False,True,0.32272858079753125,0.908915710399499,False,True,0.32272858079753125,1.247275947986417,False,False,0.42107775476412995,1.247275947986417,False,True,0.7949348796435876,1.247275947986417,False
XAUUSD,baseline,現行HYBRID。追加の騙し回避なし,0,2015-11-03 10:00:00,2015-11-03 11:00:00,2015-11-03 17:00:00,short,3m,1132.098,1131.718,1135.8881405759744,1119.2075782720772,1119.2075782720772,3.000000000000016,2.916069975670233,6,TP,1131.738,2.0850702879871394,0.17265605004972398,1.4819644295938368,0.8930154588684721,0.6025889967637224,0.6601941747572873,0.33980582524271274,0.6601941747572873,0.7512696717906594,2.7385167938450117,2.513104728502241,1.0,2.8833560358311647,2.6919955803593885,0.6666666666666666,2.8833560358311647,0.7544110186896336,0.5,3.5591126317203527,2.8392328230406205,0.5416666666666666,False,False,0.3793637099704424,0.3208524930092058,True,False,0.48487574055642724,0.3208524930092058,True,True,0.48487574055642724,2.4502771102897527,True,True,0.48487574055642724,5.0818430731316235,True
XAUUSD,baseline,現行HYBRID。追加の騙し回避なし,0,2016-01-26 03:00:00,2016-01-26 04:00:00,2016-01-27 19:00:00,long,3m,1112.949,1112.981,1108.1457604588966,1127.48671862331,1127.48671862331,2.9999999999999893,2.927614754755186,38,TP,1112.981,2.4176197705516804,0.013236159130442291,1.170572823101188,0.7734880491869789,0.660777385158989,0.7321554770317817,0.26784452296821826,0.7321554770317817,0.8754652027721581,1.7165643872332728,1.8704347371249583,0.6666666666666666,2.6600543552522904,1.8414806390270746,0.6666666666666666,3.1944642801451084,2.8453605830788584,0.5,4.977209463030781,5.055799157867893,0.5833333333333334,True,False,0.44341133087080425,0.1894425275549314,True,False,0.6212722191865634,0.1894425275549314,True,True,0.6212722191865634,0.9339764786440267,True,True,0.6212722191865634,1.926274783456638,True
XAUUSD,baseline,現行HYBRID。追加の騙し回避なし,0,2016-03-28 00:00:00,2016-03-28 01:00:00,2016-03-28 07:00:00,short,3m,1211.459,1210.889,1217.6952772460231,1190.47016826193,1217.6952772460231,-0.9999999999999882,-1.051423118299295,6,SL,1210.719,3.403138623011654,0.21744632880841508,1.831250704235162,0.8671406977211213,0.4735237483953844,0.5746148908857381,0.4253851091142618,0.5746148908857381,0.919340779186957,1.4430796226730764,1.8309568578448874,1.0,3.0092808828742545,3.2878472608612084,0.8333333333333334,3.1802994820181327,2.4456835063140367,0.6666666666666666,3.400390428339087,3.3116488184740596,0.5833333333333334,False,True,0.5380327406056515,0.41990649171248695,False,True,0.5380327406056515,0.41990649171248695,False,False,0.5380327406056515,0.41990649171248695,True,False,1.6376059330395312,0.41990649171248695,False
XAUUSD,baseline,現行HYBRID。追加の騙し回避なし,0,2016-04-21 12:00:00,2016-04-21 13:00:00,2016-04-21 13:00:00,long,3m,1262.589,1268.85,1260.3619075912632,1294.3142772262102,1260.3619075912632,-0.9999999999999969,-1.041234235343604,0,SL,1268.759,4.244046204368387,1.4538013261140526,2.4900765663489635,2.1510133397236455,0.8638342165026419,0.8753785011355025,0.12462149886449747,0.8753785011355025,1.2328767518662689,0.945088674075097,2.2077987723968695,0.6666666666666666,2.0848029389719485,2.4874847001273737,0.6666666666666666,4.238879393321152,5.633067796338434,0.5833333333333334,4.469791111245266,4.847025458588606,0.5416666666666666,True,False,4.97873938748618,0.3447182074724123,True,False,5.160170022997976,0.3447182074724123,True,False,5.160170022997976,0.3447182074724123,True,False,5.214599213651514,0.3447182074724123,True
XAUUSD,baseline,現行HYBRID。追加の騙し回避なし,0,2016-04-29 01:00:00,2016-04-29 02:00:00,2016-05-02 09:00:00,long,3m,1270.222,1273.921,1265.8337620573666,1298.1827138279004,1298.1827138279004,3.000000000000003,2.956721936156346,30,TP,1273.921,4.043618971316728,0.9147746180435887,2.388949124168902,1.5876866850067037,0.664596273291943,0.7060041407867536,0.29399585921324645,0.7060041407867536,1.1992018536974953,0.7540275237671885,2.0380258522025034,0.3333333333333333,1.4741745061253697,2.2484808940936047,0.5,4.1025131491551114,4.209100837821458,0.5833333333333334,7.888478174196747,7.382248478837189,0.5416666666666666,False,True,0.14640350740250996,1.6910594317874863,False,True,0.14640350740250996,1.6910594317874863,False,True,0.14640350740250996,1.6910594317874863,False,True,0.6954166601618379,1.6910594317874863,False
XAUUSD,baseline,現行HYBRID。追加の騙し回避なし,0,2016-05-24 15:00:00,2016-05-24 16:00:00,2016-05-27 02:00:00,short,3m,1231.298,1230.86,1237.0877673259806,1212.1766980220575,1212.1766980220575,3.000000000000004,2.9438000840943443,55,TP,1230.859,3.1138836629903945,0.14098150332902543,1.6477815343533317,1.1304211656448258,0.6860261157668921,0.889300331319436,0.11069966868056405,0.889300331319436,0.9820038740740973,2.733242767273615,2.370030739334938,1.0,3.4750816572280185,3.8084274441426786,1.0,4.582701714134013,4.580132575121245,0.8333333333333334,6.073123483951556,5.32807317023112,0.7083333333333334,False,True,0.2087425447923987,0.8439621657143572,False,True,0.2087425447923987,0.8439621657143572,False,True,0.2087425447923987,0.8738284067385202,False,True,0.2087425447923987,1.5735976453578184,False
XAUUSD,baseline,現行HYBRID。追加の騙し回避なし,0,2016-07-05 22:00:00,2016-07-05 23:00:00,2016-07-08 12:00:00,long,3m,1358.229,1359.449,1350.7298508548581,1385.6064474354257,1350.7298508548581,-1.0000000000000084,-1.0401415314928086,59,SL,1359.44,4.359574572570941,0.27777939793007334,1.140248874575046,0.9822059305834879,0.8613960973647454,0.8613960973647454,0.13860390263525454,0.8613960973647454,1.0671535396255327,0.8326500532503077,0.9725719630251866,0.3333333333333333,3.528096547945808,1.9866617386229197,0.6666666666666666,3.528096547945808,3.2110931392428257,0.6666666666666666,4.4754366911755525,1.9774865314245773,0.6666666666666666,False,True,0.1880917475662289,1.1927769357856142,False,True,0.1880917475662289,1.2159443339614235,False,True,0.1880917475662289,2.68833570911679,False,True,0.1880917475662289,2.68833570911679,False
XAUUSD,baseline,現行HYBRID。追加の騙し回避なし,0,2016-08-25 12:00:00,2016-08-25 13:00:00,2016-08-26 02:00:00,short,3m,1320.829,1319.409,1324.1072989914935,1305.3141030255201,1324.1072989914935,-1.0000000000000147,-1.0744950461079446,12,SL,1319.388,2.349149495746667,0.6134134939513568,2.294447420123292,1.592065556820285,0.6938775510204263,0.7441558441558557,0.2558441558441443,0.7441558441558557,0.9025010052081172,1.7934150243004785,1.7027439110377338,0.6666666666666666,1.796394826144724,2.6064752418210313,0.5,1.8181048110105225,2.883596813342451,0.5,6.974439059610467,7.611265282338716,0.625,True,False,1.3111128114991208,0.0808803357742188,True,False,1.489900922158017,0.0808803357742188,True,False,1.8061856036333466,0.0808803357742188,True,False,1.8061856036333466,0.0808803357742188,True
XAUUSD,baseline,現行HYBRID。追加の騙し回避なし,0,2016-10-04 12:00:00,2016-10-04 13:00:00,2016-10-04 16:00:00,short,3m,1306.199,1291.86,1298.5264033166166,1271.86079005015,1271.86079005015,2.999999999999986,2.947497926036395,3,TP,1291.831,3.333201658308342,4.3105702783347875,4.974496505085459,4.775288635875184,0.9599541644050562,0.9756950726735544,0.024304927326445628,0.9756950726735544,1.3338269048092453,0.8490335389537844,4.934594928873202,0.6666666666666666,1.4316565540237394,5.090601091507806,0.6666666666666666,1.590362823319331,5.528318382438391,0.5,3.4213351513174652,7.6560024312934445,0.5833333333333334,False,True,0.40471598729637054,3.0910221031237683,False,True,0.40471598729637054,3.0910221031237683,False,True,0.40471598729637054,5.394513096794049,False,True,0.40471598729637054,7.4885958183124615,False
XAUUSD,baseline,現行HYBRID。追加の騙し回避なし,0,2016-11-11 14:00:00,2016-11-11 15:00:00,2016-11-23 13:00:00,short,3m,1246.058,1235.911,1249.967701914633,1193.7408942561015,1193.7408942561015,3.0000000000000018,2.9751008449830065,183,TP,1235.952,7.028350957316429,1.4378906320094573,3.357686624261934,3.2136983678208604,0.9571168269841965,0.9949150387728339,0.005084961227166032,0.9949150387728339,1.1632745838103757,0.9019185351581112,3.267765104429187,0.3333333333333333,1.1974359349882755,2.7431754784427382,0.5,1.9446951472694556,3.4019359797492834,0.5,4.6793337725635205,5.729651271622882,0.5,False,True,0.836327046799079,0.9534242158218296,False,True,0.836327046799079,1.6453361635224109,False,True,0.836327046799079,1.6453361635224109,False,True,0.836327046799079,2.4063966217272887,False
XAUUSD,baseline,現行HYBRID。追加の騙し回避なし,0,2017-01-05 15:00:00,2017-01-05 16:00:00,2017-01-06 06:00:00,long,3m,1180.189,1181.329,1174.0427774095067,1203.18766777148,1174.0427774095067,-0.9999999999999911,-1.048035864352639,14,SL,1181.329,3.643111295246659,0.31291934492566426,1.6768634018869057,1.1987006835881724,0.7148469471271921,0.8626616467507036,0.1373383532492965,0.8626616467507036,1.2169452205040754,2.268390760057847,2.3276807412016973,1.0,2.3526593906650355,2.3490910121702906,0.6666666666666666,2.4314382082033568,2.187964998598903,0.6666666666666666,5.116780270842027,4.3446380627052275,0.5416666666666666,False,True,0.13093204169255723,1.0180858336223133,False,True,0.13093204169255723,1.0180858336223133,False,True,0.42299009695656464,1.0180858336223133,True,False,0.5520007040750621,1.0180858336223133,False
XAUUSD,baseline,現行HYBRID。追加の騙し回避なし,0,2017-02-02 10:00:00,2017-02-02 11:00:00,2017-02-02 16:00:00,long,3m,1219.931,1222.259,1215.839453962366,1241.5176381129022,1215.839453962366,-0.999999999999997,-1.0545209891709273,5,SL,1222.242,3.2097730188170415,0.7199886055655232,2.0652550697940057,1.4748706442004533,0.7141348619701299,0.7592397043294574,0.24076029567054252,0.7592397043294574,1.1645054861684663,1.9602632220763156,2.4967497555180547,1.0,1.9602632220763156,2.291127739216386,0.6666666666666666,3.0282515128070715,4.330835831227489,0.6666666666666666,6.203865470630358,3.4684695567984725,0.5416666666666666,False,False,0.5589180261291641,0.09533384392171632,False,False,0.8598738863526201,0.09533384392171632,False,True,0.8598738863526201,0.9489767600833809,True,False,2.172739305588092,0.9489767600833809,False
XAUUSD,baseline,現行HYBRID。追加の騙し回避なし,0,2017-02-23 13:00:00,2017-02-23 14:00:00,2017-02-27 16:00:00,long,3m,1244.708,1248.468,1243.6603992440914,1262.890802267726,1262.890802267726,2.999999999999987,2.9271986136598307,49,TP,1248.488,2.403800377954336,1.5725099449467594,2.6915712549750395,2.22522637447633,0.826738794435879,0.9658423493044818,0.03415765069551819,0.9658423493044818,1.142028836587146,2.6707708588777845,4.445460653889266,1.0,3.1566681117079476,4.954238342426259,0.8333333333333334,3.282718512056807,4.734170151718101,0.5833333333333334,5.17513854897819,4.085197793486123,0.5416666666666666,False,False,0.8428320498577416,0.3120059414576926,False,True,1.027539567200679,0.49213737165926413,False,True,1.027539567200679,1.0774605178338645,False,True,1.027539567200679,1.0774605178338645,False
XAUUSD,baseline,現行HYBRID。追加の騙し回避なし,0,2017-05-03 19:00:00,2017-05-03 20:00:00,2017-05-07 22:00:00,short,3m,1243.691,1239.568,1245.150214460037,1222.821356619889,1222.821356619889,2.9999999999999916,2.9373008682296553,47,TP,1239.542,2.791107230018505,1.4865068440858888,2.7447888485277816,2.693912981605567,0.9814645607622958,0.9945176869860441,0.0054823130139558815,0.9945176869860441,1.4274641344176588,2.88165209616357,2.986628356784682,0.6666666666666666,3.0095583249749955,4.315849950315304,0.8333333333333334,3.6189938857824333,5.087228411466632,0.75,4.223055235295237,5.982930293899656,0.7083333333333334,False,True,0.18953051832282672,1.3116658366348608,False,True,0.18953051832282672,1.3116658366348608,False,True,0.18953051832282672,1.3116658366348608,False,False,0.6151680528550365,1.3116658366348608,False
XAUUSD,baseline,現行HYBRID。追加の騙し回避なし,0,2017-08-09 12:00:00,2017-08-09 13:00:00,2017-08-11 12:00:00,long,3m,1274.061,1274.839,1269.631668679231,1290.4609939623067,1290.4609939623067,3.0000000000000115,2.9327870691453533,45,TP,1274.839,2.60366566038445,0.298809486885172,2.6796835347015655,2.1577271173789647,0.8052171420381061,0.8052171420381061,0.19478285796189387,0.8052171420381061,1.234225367469032,1.3254389964533528,2.7269246232450377,0.3333333333333333,2.044809393543233,3.2607873311761537,0.6666666666666666,3.3264639664684132,3.397901710119592,0.5833333333333334,7.091540315999558,4.24401649110675,0.5416666666666666,True,False,1.7171943648632013,0.12021512775718106,True,False,1.7248758426751523,0.12021512775718106,True,False,1.7248758426751523,0.12021512775718106,True,True,1.7248758426751523,1.4783004049113693,True
XAUUSD,baseline,現行HYBRID。追加の騙し回避なし,0,2017-08-28 14:00:00,2017-08-28 15:00:00,2017-08-28 22:00:00,long,3m,1300.828,1303.672,1298.525965850609,1319.1101024481732,1319.1101024481732,3.000000000000008,2.9319864598952354,6,TP,1303.672,2.5730170746955165,1.1053171889022935,2.607833452016279,2.0015413230825634,0.7675111773472523,0.9126676602086424,0.08733233979135761,0.9126676602086424,1.1626077483478097,1.0610112256340463,2.1492278673099663,0.6666666666666666,1.4251751517949356,2.654471308088062,0.8333333333333334,2.195865723381838,3.6742857608586643,0.6666666666666666,9.083111118788729,8.96262999060311,0.5833333333333334,False,True,0.019821088830499142,1.5429357383762508,False,True,0.019821088830499142,1.5429357383762508,False,True,0.019821088830499142,2.4679198838007514,False,True,0.019821088830499142,3.2646499250277596,False
XAUUSD,baseline,現行HYBRID。追加の騙し回避なし,0,2017-11-17 17:00:00,2017-11-17 18:00:00,2017-11-20 13:00:00,long,3m,1291.038,1293.399,1288.8026539139905,1307.1880382580277,1288.8026539139905,-1.0000000000000135,-1.0761474426535362,18,SL,1293.421,2.29817304300465,1.0369106048187238,1.757482976442612,1.526865007263474,0.8687794008417988,0.9752413963852663,0.024758603614733688,0.9752413963852663,1.160241054943564,2.7513158851316746,3.502347233816933,1.0,3.746454178551909,4.529685017273532,0.6666666666666666,3.955315735544355,5.02964736932413,0.5833333333333334,5.60445177929713,5.921660268979413,0.5416666666666666,False,True,0.03916154193614542,1.5316514179445364,False,True,0.17970796466224814,1.5316514179445364,False,True,0.17970796466224814,1.5316514179445364,False,True,0.7610392982912058,1.5316514179445364,False
XAUUSD,baseline,現行HYBRID。追加の騙し回避なし,0,2017-11-27 13:00:00,2017-11-27 14:00:00,2017-11-27 14:00:00,long,3m,1296.941,1298.318,1294.2874715806788,1310.4095852579635,1294.2874715806788,-1.0000000000000084,-1.0868372490124063,0,SL,1298.318,2.015264209660569,0.6832850965144073,1.9570634863130305,1.5466954581230608,0.7903144016226709,0.9305273833671142,0.0694726166328858,0.9305273833671142,1.024846266940223,1.9084346268660155,2.083597763445274,1.0,3.1395387114355864,3.7052213621446377,1.0,4.52893469563339,4.593442366328342,0.8333333333333334,5.050950615410526,4.3205252980036795,0.5416666666666666,True,False,2.6830228880562643,0.4217809237742949,True,False,3.06461057085917,0.4217809237742949,True,False,3.06461057085917,0.4217809237742949,True,False,3.06461057085917,0.4217809237742949,True
XAUUSD,baseline,現行HYBRID。追加の騙し回避なし,0,2017-12-05 14:00:00,2017-12-05 15:00:00,2017-12-07 12:00:00,short,3m,1269.902,1267.628,1271.9697996953525,1254.6026009139423,1254.6026009139423,2.99999999999998,2.919388266488926,43,TP,1266.891,2.1708998476762864,1.3869824548667766,3.483808803107834,3.210650186124735,0.921591960862083,0.9230464101546874,0.07695358984531264,0.9230464101546874,0.9036243640752765,2.1921785130226112,4.113962239925293,0.6666666666666666,2.1921785130226112,3.910820671477607,0.5,2.1921785130226112,4.107513301244459,0.5833333333333334,2.3672211343608818,3.1189831291607404,0.5,False,True,1.0263025272145425,1.515500590007205,False,True,1.0263025272145425,2.744944685669643,False,True,1.0263025272145425,2.744944685669643,False,True,1.0263025272145425,2.744944685669643,False
XAUUSD,baseline,現行HYBRID。追加の騙し回避なし,0,2018-01-24 08:00:00,2018-01-24 09:00:00,2018-01-24 18:00:00,long,3m,1344.672,1347.019,1342.7121213495539,1359.9396359513382,1359.9396359513382,2.9999999999999782,2.91873465021728,9,TP,1346.992,2.1534393252230535,1.0773463514044588,2.3316189786215045,1.764619023852158,0.7568213503286171,0.7649870543716245,0.23501294562837552,0.7649870543716245,0.8766051766958046,1.8268450631143205,2.298648465281149,0.6666666666666666,1.8268450631143205,2.554518223739683,0.6666666666666666,3.076009582630757,2.977098042609585,0.6666666666666666,5.823242778712174,4.784903795203317,0.5416666666666666,False,True,0.14534888275408173,1.179508505416966,False,True,0.14534888275408173,1.6763880726596294,False,True,0.14534888275408173,1.8045551386025027,False,True,0.14534888275408173,3.886805586748144,False
XAUUSD,baseline,現行HYBRID。追加の騙し回避なし,0,2018-03-01 12:00:00,2018-03-01 13:00:00,2018-03-01 14:00:00,short,3m,1307.018,1306.491,1310.8493646609056,1293.4159060172829,1310.8493646609056,-0.9999999999999747,-1.0803053501097566,1,SL,1306.492,2.179182330452873,0.24137493804419527,2.156772260090463,1.8796040802830765,0.87148936170212,0.87148936170212,0.12851063829788,0.87148936170212,0.9123724810277338,0.9168576543959162,1.9667927461165449,0.6666666666666666,2.3678606089503953,3.5086554682237088,0.6666666666666666,3.6467806704125523,4.059320726119162,0.6666666666666666,5.736555324125653,5.941219244976852,0.625,True,False,1.8107709230462101,0.8416000691502129,True,False,2.2756241782529005,0.8416000691502129,True,True,2.2756241782529005,1.7134867274845844,True,False,2.926326957999287,1.7134867274845844,True
XAUUSD,baseline,現行HYBRID。追加の騙し回避なし,0,2018-03-23 06:00:00,2018-03-23 07:00:00,2018-03-28 10:00:00,long,3m,1341.042,1342.851,1336.9802927499838,1360.4631217500487,1336.9802927499838,-1.0000000000000089,-1.0596180298377544,72,SL,1342.888,2.9353536250081076,0.6288850461739188,1.76401233428419,1.5875429659644444,0.8999613750482338,0.941869447663161,0.0581305523368389,0.941869447663161,1.2318811978804232,0.5348588962584022,1.51770470244028,0.6666666666666666,2.5107707423086154,1.4638781383582555,0.6666666666666666,4.880842934200279,5.490309536369906,0.75,4.880842934200279,5.031761718303765,0.6666666666666666,True,False,1.2431210907305277,0.0010220233686999626,True,False,1.5725532898910044,0.0010220233686999626,True,False,1.5725532898910044,0.0010220233686999626,True,True,1.5725532898910044,1.6434135767838687,True
XAUUSD,baseline,現行HYBRID。追加の騙し回避なし,0,2018-04-11 14:00:00,2018-04-11 15:00:00,2018-04-11 18:00:00,long,3m,1356.788,1359.002,1352.5745706681812,1378.284287995456,1352.5745706681812,-1.000000000000012,-1.054454118735706,3,SL,1359.002,3.21371466590934,0.6889223936044356,2.417762871863863,2.033161210393594,0.8409266409266272,0.9898326898326961,0.010167310167303871,0.9898326898326961,1.2355325824591774,2.7447987506706535,3.1875885275898668,1.0,3.9374995341782997,4.9018041853888485,0.8333333333333334,4.734085499682981,5.86268600627888,0.9166666666666666,6.006756046133892,6.2805824717760945,0.7083333333333334,False,True,0.19634599384115292,1.9198966434234552,False,False,1.1205101803837214,1.9198966434234552,True,False,1.5374731467026321,1.9198966434234552,True,False,3.570323190703458,1.9198966434234552,True
XAUUSD,baseline,現行HYBRID。追加の騙し回避なし,0,2018-05-15 12:00:00,2018-05-15 13:00:00,2018-05-21 06:00:00,short,3m,1301.678,1297.528,1302.232888276837,1283.4133351694893,1283.4133351694893,2.9999999999999867,2.9256092856182545,85,TP,1297.528,2.3524441384184636,1.7641226553375737,4.344417719891483,3.987342290859246,0.9178082191780682,0.9267123287671212,0.07328767123287883,0.9267123287671212,1.0828087199204102,1.9766675535710119,5.237106292471885,0.6666666666666666,2.57179326862458,5.964009844430258,0.8333333333333334,3.6987063190582967,7.128755886749501,0.6666666666666666,6.40610323275589,9.041659970850443,0.75,False,True,0.32731914327948675,2.4102591459672174,False,True,0.32731914327948675,2.4102591459672174,False,True,0.32731914327948675,2.4102591459672174,False,True,0.32731914327948675,3.7688461354753158,False
XAUUSD,baseline,現行HYBRID。追加の騙し回避なし,0,2018-06-15 14:00:00,2018-06-15 15:00:00,2018-06-26 07:00:00,short,3m,1282.029,1280.479,1286.9907518666105,1260.943744400169,1260.943744400169,2.9999999999999853,2.946251023200855,153,TP,1280.488,3.255875933305197,0.4732981328424257,2.3898330769935328,1.014780681967144,0.4246240843079144,0.7211155378485944,0.2788844621514056,0.7211155378485944,1.7447293056036628,5.0686820806611435,5.436632218977361,1.0,5.39332590052777,5.857102786051511,0.8333333333333334,5.867238307390812,6.5850175004166305,0.75,7.32030350302845,7.055244263156253,0.7083333333333334,False,True,0.35965743903862774,1.1548351586551497,False,True,0.35965743903862774,1.4794789785217761,False,True,0.35965743903862774,1.5786842328424466,False,True,0.35965743903862774,1.5786842328424466,False
XAUUSD,baseline,現行HYBRID。追加の騙し回避なし,0,2018-07-13 11:00:00,2018-07-13 12:00:00,2018-07-13 12:00:00,short,3m,1237.949,1237.902,1241.9384930230171,1225.7925209309487,1241.9384930230171,-0.9999999999999939,-1.0867089322350667,0,SL,1237.849,2.018246511508563,0.04954796127723278,1.9229563771668232,1.4908981548299076,0.7753156402988787,0.9842824014429475,0.01571759855705242,0.9842824014429475,1.0411010391979951,1.6152635376355806,1.5112128189535157,0.6666666666666666,3.55308430318554,3.9440177176623665,0.6666666666666666,4.414723349795459,3.993070199326727,0.6666666666666666,4.647598767798148,2.5660889145444283,0.5416666666666666,True,False,2.8088739248025423,0.7486696948979498,True,False,2.884682305556615,0.7486696948979498,True,False,2.884682305556615,0.7486696948979498,True,False,2.884682305556615,0.7486696948979498,True
XAUUSD,baseline,現行HYBRID。追加の騙し回避なし,0,2018-08-13 07:00:00,2018-08-13 08:00:00,2018-08-15 02:00:00,short,3m,1204.5,1204.468,1209.0490020123293,1190.7249939630124,1190.7249939630124,2.999999999999981,2.9235975013636235,40,TP,1204.469,2.2905010061646327,0.013534156901270055,2.1654651042067825,1.4795889593057474,0.6832661290322322,0.826411290322561,0.17358870967743897,0.826411290322561,1.1477375591846222,1.0665788809632233,1.637196399349874,0.3333333333333333,1.161754564978696,1.8070282391757222,0.6666666666666666,2.903294948180483,3.1521488008816356,0.6666666666666666,4.978823396849588,1.8118306819471341,0.4583333333333333,True,False,0.6675395452282537,0.45404913475301584,True,True,0.6675395452282537,1.4586328453941675,True,True,0.6675395452282537,1.4979255589785287,True,True,0.6675395452282537,4.217417924725311,True
XAUUSD,baseline,現行HYBRID。追加の騙し回避なし,0,2018-09-27 12:00:00,2018-09-27 13:00:00,2018-09-28 15:00:00,short,3m,1187.698,1187.028,1191.8400742800775,1172.5917771597678,1191.8400742800775,-1.000000000000015,-1.0727337068443132,25,SL,1186.978,2.4060371400386975,0.29924725101643573,2.9633790274265817,2.664131776410051,0.8990182328190401,0.9537166900420547,0.04628330995794524,0.9537166900420547,1.1826333646919365,1.8632297587592819,3.6865598840495166,1.0,1.8632297587592819,3.366531573934737,0.6666666666666666,2.3399472544756974,3.869433204115132,0.5,4.0190568296233025,4.335344549100466,0.4583333333333333,False,True,0.0502901630179828,1.5419545850985354,False,True,0.3383156421212845,1.7830148706395137,False,True,0.3383156421212845,2.0689622438330284,False,True,0.3383156421212845,2.0689622438330284,False
XAUUSD,baseline,現行HYBRID。追加の騙し回避なし,0,2018-10-11 14:00:00,2018-10-11 15:00:00,2018-10-23 11:00:00,long,3m,1212.609,1215.888,1208.8163813053332,1237.1028560840002,1237.1028560840002,2.999999999999995,2.9505063811961283,180,TP,1215.879,3.5358093473333896,0.9248236199347474,3.06011974547216,2.282645699233427,0.7459334565619187,0.9326247689463913,0.0673752310536087,0.9326247689463913,1.6107130781834404,2.144912028619333,3.4277866280150153,0.6666666666666666,3.8248668611613756,5.025157822324312,0.6666666666666666,5.252262827464348,6.5588943638858295,0.5833333333333334,6.802968609758598,7.765407379984216,0.625,False,True,0.2887599131355791,1.363195672197449,False,True,0.2887599131355791,1.363195672197449,False,True,0.2887599131355791,2.648050016345303,False,True,0.2887599131355791,2.9421835223795867,False
XAUUSD,baseline,現行HYBRID。追加の騙し回避なし,0,2018-12-04 04:00:00,2018-12-04 05:00:00,2018-12-07 19:00:00,long,3m,1236.418,1236.965,1232.933655299046,1249.0590341028617,1249.0590341028617,3.0000000000000226,2.913180334116001,83,TP,1236.953,2.0156723504769465,0.26542012141680205,0.8270193315919983,0.7714547454263194,0.9328134373126225,0.9988002399520379,0.0011997600479620916,0.9988002399520379,0.9994808494043331,2.341650416985273,1.0095886861366938,1.0,2.7797176454170685,3.283271707544132,0.8333333333333334,2.993045967303469,1.983457281166775,0.5,6.06398157771425,6.036695397007709,0.625,False,True,0.34975922541831306,0.358193135818498,False,True,0.34975922541831306,0.6608216854713171,False,False,0.34975922541831306,0.677193393895106,False,True,0.42913720565514213,2.0548974633798873,False
XAUUSD,baseline,現行HYBRID。追加の騙し回避なし,0,2019-02-18 13:00:00,2019-02-18 14:00:00,2019-02-19 05:00:00,long,3m,1326.248,1326.838,1323.3575546972093,1337.2793359083723,1323.3575546972093,-0.9999999999999695,-1.1005618446925112,10,SL,1326.838,1.7402226513954095,0.33903707639181835,1.4653297369479974,0.5631463302780242,0.3843137254901758,0.7227450980391934,0.2772549019608066,0.7227450980391934,0.8913088387166956,1.2986843943145978,1.3636186140303603,0.6666666666666666,2.7467749578866227,2.8576803066046303,0.6666666666666666,2.7467749578866227,1.2527132653123527,0.5,6.832459047964938,5.17749840388255,0.5416666666666666,True,False,0.833226713166475,0.25858760063788955,True,False,0.8579361950051425,0.25858760063788955,True,False,0.8579361950051425,0.25858760063788955,True,False,0.9021834066698425,0.25858760063788955,True
XAUUSD,baseline,現行HYBRID。追加の騙し回避なし,0,2019-03-01 16:00:00,2019-03-01 17:00:00,2019-03-04 14:00:00,short,3m,1302.288,1301.328,1307.0390463621502,1284.194860913549,1284.194860913549,2.9999999999999933,2.9387152584997764,20,TP,1301.325,2.8555231810751582,0.33724117751247873,1.6434816677737425,1.4543744654303024,0.8849350095887566,0.9424675047943782,0.057532495205621724,0.9424675047943782,1.3489449513098293,2.7403034413657905,1.5163596039761795,0.6666666666666666,2.7403034413657905,2.6264889214368448,0.6666666666666666,3.2141220427930204,4.125338599270128,0.6666666666666666,5.254728835488018,4.902779320015443,0.7083333333333334,False,True,0.17509926142912297,1.063552913920505,False,True,0.17509926142912297,1.8648071342201755,False,True,0.17509926142912297,3.2393363364387753,False,True,0.17509926142912297,3.9316788161295584,False
XAUUSD,baseline,現行HYBRID。追加の騙し回避なし,0,2019-04-16 12:00:00,2019-04-16 13:00:00,2019-04-23 13:00:00,short,3m,1280.848,1279.075,1283.1694050723752,1266.7917847828744,1266.7917847828744,2.9999999999999893,2.9145174955058515,92,TP,1279.075,2.0472025361876147,0.8660598883887985,3.2092574544357797,2.6831736982063483,0.8360730593607293,0.8665144596651505,0.1334855403348495,0.8665144596651505,1.092595742168367,1.2055475490940366,2.175163385784259,0.3333333333333333,2.3681096102138004,3.62592360491279,0.5,2.8453462210180733,3.9908117812389765,0.75,3.717267766857869,3.2385657416908744,0.6666666666666666,False,True,0.22469686895594973,2.84290386374676,False,True,0.22469686895594973,2.84290386374676,False,True,0.22469686895594973,2.84290386374676,False,True,0.22469686895594973,3.013868872735036,False
XAUUSD,baseline,現行HYBRID。追加の騙し回避なし,0,2019-05-13 13:00:00,2019-05-13 14:00:00,2019-05-16 12:00:00,long,3m,1295.708,1297.348,1292.1794707342267,1312.8535877973197,1292.1794707342267,-0.999999999999993,-1.0677175231100746,67,SL,1297.348,2.5842646328866477,0.634609930859897,3.2620498275300265,2.294656640243611,0.7034400948991908,0.7271648873072362,0.27283511269276384,0.7271648873072362,1.3702161608051386,3.3703978645061925,5.390314839560422,0.6666666666666666,3.7612247121699363,5.259910237914118,0.5,3.7612247121699363,4.7789223451952925,0.4166666666666667,3.7612247121699363,3.517441628973695,0.375,False,True,0.6628578119286989,0.5146531756364797,False,True,0.6628578119286989,0.6462186491074126,False,True,0.6628578119286989,1.2576111434724546,False,True,0.6628578119286989,1.4770159183490363,False
XAUUSD,baseline,現行HYBRID。追加の騙し回避なし,0,2019-07-18 19:00:00,2019-07-18 20:00:00,2019-07-19 11:00:00,long,3m,1439.138,1445.848,1436.1680618046964,1474.8878145859105,1436.1680618046964,-0.9999999999999994,-1.0361572556496221,14,SL,1445.788,4.839969097651763,1.3739757146851437,2.262411139218373,1.681828919930384,0.743378995433796,0.7966210045662028,0.20337899543379725,0.7966210045662028,1.4425313528725288,2.5089003163039867,4.0357695691645725,0.6666666666666666,4.471102927185901,5.706648005955385,0.8333333333333334,4.787220648008187,5.3188356125021174,0.6666666666666666,4.787220648008187,4.882262577144308,0.4583333333333333,False,True,0.2665306273599641,0.1859516004837199,False,False,1.4964971581149284,1.4669515149269565,False,False,1.4964971581149284,1.4669515149269565,False,False,1.4964971581149284,1.4669515149269565,False
XAUUSD,baseline,現行HYBRID。追加の騙し回避なし,0,2019-08-25 22:00:00,2019-08-25 23:00:00,2019-08-26 07:00:00,long,3m,1534.948,1547.408,1535.444101224253,1583.2996963272403,1535.444101224253,-1.0000000000000047,-1.029254677472674,8,SL,1547.428,5.981949387873414,2.0862764277644055,3.304942706482548,2.031110464530263,0.6145675265553922,0.6145675265553922,0.3854324734446079,0.6145675265553922,1.8514916116373261,0.8325045360790675,3.3567652780055712,0.3333333333333333,1.8706276623945335,3.2481050473928264,0.5,5.930006708500564,8.529493763928157,0.6666666666666666,6.137296994592541,8.279909572690006,0.5,False,False,0.6987688676326391,0.17218467312478186,False,False,0.6987688676326391,0.3042486457156314,False,False,0.966240204525534,0.3042486457156314,False,False,1.5680507125344811,0.3042486457156314,False
XAUUSD,baseline,現行HYBRID。追加の騙し回避なし,0,2019-09-04 17:00:00,2019-09-04 18:00:00,2019-09-05 01:00:00,long,3m,1555.048,1555.515,1546.7774017514296,1581.727794745712,1546.7774017514296,-0.9999999999999919,-1.0400567741893285,6,SL,1555.505,4.368799124285296,0.10460540459728032,2.2752247739534526,1.8373470081010426,0.8075452716297786,0.8538229376257579,0.1461770623742421,0.8538229376257579,1.0531031977458978,1.2326041657685367,2.0502201509357354,1.0,3.4833370835033306,4.51153725298012,0.8333333333333334,3.4833370835033306,3.1649429526613897,0.5,3.712690727718799,2.2104472476930304,0.4583333333333333,True,False,0.750091708676612,0.2616279594193492,True,False,0.750091708676612,0.2616279594193492,True,False,0.8714065105071211,0.2616279594193492,True,False,1.8648145104023184,0.2616279594193492,True
XAUUSD,baseline,現行HYBRID。追加の騙し回避なし,0,2019-11-07 15:00:00,2019-11-07 16:00:00,2019-11-12 15:00:00,short,3m,1473.925,1469.665,1477.6431233416884,1445.730629974935,1445.730629974935,3.000000000000002,2.9561300339678565,68,TP,1469.675,3.989061670844153,1.0654134607802712,4.166393345451349,3.6231578232134662,0.869614921780979,0.895908543922984,0.104091456077016,0.895908543922984,1.3895958703235454,1.6928793177997872,3.7184183208832593,0.3333333333333333,1.7781123946622452,4.02350259894666,0.5,2.79589560660762,5.424834656772982,0.5,3.2897460813693056,4.381982892809214,0.4166666666666667,False,True,0.46376821233968163,2.0924720369724477,False,True,0.46376821233968163,2.300541018724812,False,True,0.46376821233968163,2.300541018724812,False,True,0.46376821233968163,2.300541018724812,False
XAUUSD,baseline,現行HYBRID。追加の騙し回避なし,0,2019-12-24 01:00:00,2019-12-24 02:00:00,2019-12-24 15:00:00,long,3m,1486.708,1487.528,1484.1940128034678,1497.5299615895965,1497.5299615895965,2.999999999999987,2.895020592651276,13,TP,1487.515,1.6669935982660866,0.48410503845930336,1.9298214482324596,1.6058849912708724,0.8321417469692424,1.0,0.0,1.0,0.993101384800124,0.7978434958498454,1.337737590785915,0.3333333333333333,1.3275395912148698,1.7396587503494365,0.6666666666666666,3.3431442123094026,3.2795566855724974,0.5833333333333334,4.649088039726797,5.0750044923985635,0.6666666666666666,False,True,0.19796116814329828,1.2297587717986738,False,True,0.19796116814329828,1.2297587717986738,False,True,0.19796116814329828,1.2297587717986738,False,True,0.19796116814329828,2.2555575521771245,False
XAUUSD,baseline,現行HYBRID。追加の騙し回避なし,0,2020-02-18 15:00:00,2020-02-18 16:00:00,2020-02-20 12:00:00,long,3m,1593.488,1600.698,1594.8231348548848,1618.3225954353459,1618.3225954353459,2.9999999999999836,2.940424164409758,42,TP,1600.698,2.9374325725576464,2.4545244263163566,3.870727146632056,3.7457881085657583,0.9677220756376466,0.9929639401934981,0.0070360598065018825,0.9929639401934981,1.278980079272453,2.363628722873001,4.784109814566415,0.3333333333333333,2.363628722873001,4.102221822068293,0.5,2.8392141075559096,4.742236512980143,0.4166666666666667,4.54580647220559,6.949265896587456,0.5,False,True,0.2314946754362372,1.4706720557124064,False,True,0.2314946754362372,1.4706720557124064,False,False,0.2314946754362372,1.4706720557124064,False,True,0.24613330932415642,1.4706720557124064,False
XAUUSD,baseline,現行HYBRID。追加の騙し回避なし,0,2020-09-21 14:00:00,2020-09-21 15:00:00,2020-09-21 22:00:00,short,3m,1902.678,1896.638,1913.6018916309956,1845.7463251070126,1913.6018916309956,-0.9999999999999946,-1.0206320582336506,6,SL,1896.588,8.481945815497898,0.7179956265309692,3.8355585743729708,1.8403795944414207,0.47982048996404186,0.5631205237758581,0.4368794762241419,0.5631205237758581,1.6158901596963426,2.70067747404671,4.2793246726098495,0.6666666666666666,4.352774799921642,4.987888501091133,0.8333333333333334,5.103781719626418,6.585752988180471,0.6666666666666666,5.705058845292722,5.883084033480225,0.625,False,False,1.002953825106544,1.2426393930437123,False,False,1.1660060338901785,1.2426393930437123,True,False,1.5338461578272051,1.2426393930437123,True,False,1.9850397970281823,1.2426393930437123,True
XAUUSD,baseline,現行HYBRID。追加の騙し回避なし,0,2020-10-28 14:00:00,2020-10-28 15:00:00,2020-10-28 15:00:00,short,3m,1872.748,1871.778,1882.026721585135,1841.031835244595,1882.026721585135,-0.9999999999999903,-1.0341506008425172,0,SL,1871.878,5.124360792567522,0.16977727275994775,1.5748305645662297,0.8371775863678973,0.5315985130111371,0.8211895910780725,0.17881040892192743,0.8211895910780725,1.2468201095917864,4.606818480509813,3.8443819234143954,1.0,6.554963898857306,6.259707561287476,1.0,7.358966615835363,6.553012435952065,0.75,7.472151464341965,6.771576281344131,0.5833333333333334,True,False,2.222716249121332,0.5210405957114628,True,False,2.3885905960706664,0.5210405957114628,True,False,2.3885905960706664,0.5210405957114628,True,False,2.3885905960706664,0.5210405957114628,True
XAUUSD,baseline,現行HYBRID。追加の騙し回避なし,0,2020-11-23 14:00:00,2020-11-23 15:00:00,2020-11-24 11:00:00,short,3m,1850.398,1841.498,1852.6824374822002,1807.9446875533995,1807.9446875533995,3.0000000000000067,2.9687065173767495,19,TP,1841.538,5.592218741100081,1.5843443202396967,4.856748503127586,4.545065416200078,0.9358247422680431,0.9775405007363805,0.022459499263619412,0.9775405007363805,1.1945554322376652,1.1819995436551598,4.406122353352903,0.3333333333333333,2.263859942915905,4.89966527929665,0.6666666666666666,2.43910344560608,5.621561218439701,0.4166666666666667,3.079278690127306,4.60228778442547,0.5,False,True,0.29558929586413996,1.428771006627013,False,True,0.29558929586413996,1.9241021315778009,False,True,0.29558929586413996,1.9241021315778009,False,True,0.29558929586413996,1.9241021315778009,False
XAUUSD,baseline,現行HYBRID。追加の騙し回避なし,0,2020-12-17 13:00:00,2020-12-17 14:00:00,2020-12-21 10:00:00,long,3m,1884.718,1887.775,1875.604808717636,1924.2855738470926,1875.604808717636,-0.999999999999998,-1.028758792025504,42,SL,1887.765,6.085095641182091,0.5007316531524745,2.5500010049119775,0.7817461352301714,0.3065669910420903,0.8588644712251174,0.1411355287748825,0.8588644712251174,1.2266803682356802,1.8663634344773847,2.128479281795469,0.6666666666666666,2.32371039565995,2.149021276099394,0.8333333333333334,3.4965761024368667,3.8421746146061078,0.5833333333333334,6.328906277061998,4.9613024642839205,0.625,False,True,0.34839222339458364,1.3726982273654427,False,True,0.34839222339458364,1.3726982273654427,True,False,0.6047563123075559,1.3726982273654427,True,False,0.8660504798535029,1.3726982273654427,True
XAUUSD,baseline,現行HYBRID。追加の騙し回避なし,0,2021-01-03 23:00:00,2021-01-04 00:00:00,2021-01-04 13:00:00,long,3m,1906.638,1913.025,1904.0991017782412,1939.802694665277,1939.802694665277,3.0000000000000004,2.9607882600378606,13,TP,1913.035,4.462949110879473,1.433357145929805,2.5924561792101506,1.8008271661462563,0.6946413137424442,0.8424373379429667,0.15756266205703331,0.8424373379429667,0.9088304227674291,1.1584268320239188,4.045979362834744,0.3333333333333333,1.9298898073930246,5.231966446374909,0.5,4.9368700947742346,6.6547924392862585,0.6666666666666666,4.9368700947742346,6.744419273485421,0.6666666666666666,False,True,0.7118611306267106,0.10598373144047492,False,True,0.7118611306267106,1.259257020497912,False,True,0.7118611306267106,1.9583463272512414,False,True,0.7118611306267106,2.713452405378983,False
XAUUSD,baseline,現行HYBRID。追加の騙し回避なし,0,2021-02-04 14:00:00,2021-02-04 15:00:00,2021-02-05 07:00:00,short,3m,1802.948,1785.738,1799.511310901729,1744.4180672948132,1799.511310901729,-1.0000000000000042,-1.025411464425468,15,SL,1785.745,6.88665545086448,2.498019557206207,3.3941003970317536,3.2756103686250952,0.9650894155899802,0.973175323008473,0.026824676991526998,0.973175323008473,1.1012258761164417,1.918057334833226,3.901748852068261,0.3333333333333333,2.919995075036845,5.247830424776581,0.6666666666666666,3.01626822311728,5.36051211845746,0.5833333333333334,5.21675583399343,7.594397654007066,0.5833333333333334,False,False,1.4085211710108725,0.1244435715006465,False,False,1.4085211710108725,0.1244435715006465,False,False,1.4085211710108725,0.1244435715006465,False,False,1.4584728496529147,0.1244435715006465,False
XAUUSD,baseline,現行HYBRID。追加の騙し回避なし,0,2021-06-29 12:00:00,2021-06-29 13:00:00,2021-06-29 16:00:00,short,3m,1760.767,1754.678,1765.700972345876,1721.6090829623727,1765.700972345876,-0.9999999999999983,-1.0317518713662626,3,SL,1754.678,5.511486172937916,1.1047836842806011,4.599485366482741,2.8540396376636217,0.6205128205128145,0.8347140039447705,0.16528599605522956,0.8347140039447705,1.3953289942711316,1.6238814213025992,3.118940964490643,0.3333333333333333,2.570994384341657,3.915459337621206,0.6666666666666666,2.6635284094661604,3.8084101713006735,0.6666666666666666,3.3947286472146962,3.6033838019071833,0.5416666666666666,False,False,0.821919870223541,0.6187078934795495,False,True,0.821919870223541,0.6187078934795495,True,False,1.6741400976937186,0.6187078934795495,True,False,2.0230478041925886,0.6187078934795495,True
XAUUSD,baseline,現行HYBRID。追加の騙し回避なし,0,2021-08-06 12:00:00,2021-08-06 13:00:00,2021-08-08 22:00:00,short,3m,1789.407,1776.348,1785.6637664712696,1748.400700586191,1748.400700586191,2.999999999999992,2.9624292857619787,8,TP,1776.378,4.657883235634825,2.797193347467901,5.556171911310892,4.972215667154566,0.8948995363214831,0.9629057187016989,0.03709428129830109,0.9629057187016989,1.3987664864290479,1.1685565576995736,4.798316932681556,0.6666666666666666,1.5936423530780752,5.064532279282234,0.8333333333333334,1.9407957526371735,5.435945625749309,0.8333333333333334,4.330937247560826,7.86838101041514,0.75,False,True,-0.006440693869365319,2.8596680780007886,False,True,-0.006440693869365319,3.38222304060243,False,True,-0.006440693869365319,3.8193314645371,False,True,-0.006440693869365319,3.821478362493555,False
XAUUSD,baseline,現行HYBRID。追加の騙し回避なし,0,2021-09-16 11:00:00,2021-09-16 12:00:00,2021-09-16 13:00:00,short,3m,1774.358,1771.207,1779.1807886613146,1747.2856340160565,1747.2856340160565,2.999999999999997,2.9561061855453716,1,TP,1771.227,3.9868943306572686,0.7853230460421282,2.1497936210882522,2.0667716063198456,0.9613814024034644,0.9813323999533212,0.01866760004667874,0.9813323999533212,1.0913654553301562,2.7913957775162395,3.353738246128926,0.6666666666666666,4.206281533735891,3.903037981303753,0.6666666666666666,5.20354899814462,5.954760279810603,0.6666666666666666,7.893361947923001,7.810841576748293,0.625,False,True,0.48157785001623543,2.726182110326538,False,True,0.48157785001623543,6.523624115142335,False,True,0.48157785001623543,6.523624115142335,False,True,0.48157785001623543,6.523624115142335,False
XAUUSD,baseline,現行HYBRID。追加の騙し回避なし,0,2021-10-22 12:00:00,2021-10-22 13:00:00,2021-10-22 15:00:00,long,3m,1800.458,1805.728,1797.2599975013318,1831.1320074960054,1797.2599975013318,-0.9999999999999866,-1.0413320614932577,2,SL,1805.698,4.234001249334199,1.2376000127123261,3.677372556857024,3.1648549943406974,0.8606294155427197,0.928066795118825,0.07193320488117505,0.928066795118825,1.1294767902808767,1.0779401637441113,2.992441252111686,0.6666666666666666,2.038261089638834,3.0066122446236463,0.6666666666666666,2.7288607913889886,4.873404324867578,0.6666666666666666,4.3939524115458255,6.477088310805922,0.625,False,True,0.5739251967349286,0.9107224521028081,False,True,0.5739251967349286,1.5635328404876812,True,False,5.410957307488443,1.9012748286897236,True,False,5.410957307488443,1.9012748286897236,True
XAUUSD,baseline,現行HYBRID。追加の騙し回避なし,0,2021-11-05 16:00:00,2021-11-05 17:00:00,2021-11-10 13:00:00,long,3m,1813.748,1813.898,1802.9458892656642,1846.7543322030072,1846.7543322030072,3.000000000000005,2.968042689807472,64,TP,1813.974,5.476055367167865,0.0412705834486055,1.401738931644485,0.7560186525544609,0.5393434080250012,0.8150078165711196,0.18499218342888035,0.8150078165711196,1.4268315777327134,3.8671997596971597,2.6964665274442994,1.0,4.896042534695221,3.630350437870303,0.5,4.896042534695221,3.369944013101549,0.5,4.896042534695221,3.9857157272111565,0.5,True,False,0.2585802927577546,0.2300926333861457,True,True,0.29400725377117,0.4181842305192612,True,True,0.29400725377117,0.7275309931828935,True,False,0.29400725377117,0.8124461316944329,True
XAUUSD,baseline,現行HYBRID。追加の騙し回避なし,0,2022-01-19 15:00:00,2022-01-19 16:00:00,2022-01-21 08:00:00,long,3m,1831.624,1838.168,1829.5146765787274,1864.1279702638171,1829.5146765787274,-1.0000000000000069,-1.0404468876246775,38,SL,1838.188,4.326661710636214,1.5171049735327873,2.867337644979808,2.574733303649482,0.8979526035789251,0.9669514750927086,0.03304852490729132,0.9669514750927086,1.3367052953374678,2.7194175988096707,4.7380639788881425,1.0,3.253085390382967,4.93914279165074,0.8333333333333334,4.20901868875766,6.150238169668979,0.75,4.20901868875766,4.643302699310413,0.5416666666666666,False,True,0.254237579355005,0.693375216422655,False,True,0.254237579355005,1.0114033156885074,False,True,0.254237579355005,1.0576283301166423,False,True,0.254237579355005,1.1856716200827129,False
XAUUSD,baseline,現行HYBRID。追加の騙し回避なし,0,2022-02-11 18:00:00,2022-02-11 19:00:00,2022-02-15 12:00:00,long,3m,1853.748,1857.108,1846.356660410045,1889.3620187698648,1846.356660410045,-1.0000000000000058,-1.0325540828723525,39,SL,1857.048,5.3756697949774805,0.6138769913068626,3.871889605170037,3.0786861230692995,0.7951378879600304,0.8520226770442996,0.14797732295570046,0.8520226770442996,1.75536712052098,2.097599076962521,3.9511355440478626,1.0,2.9774894311690394,4.963846556373493,0.8333333333333334,3.71600205404428,6.36274200323036,0.75,3.865564811926292,4.081351875537207,0.5416666666666666,False,True,1.0566125183706263,0.9505792198721362,False,True,1.0566125183706263,1.549574344723088,False,True,1.0566125183706263,1.549574344723088,False,True,1.0566125183706263,1.549574344723088,False
XAUUSD,baseline,現行HYBRID。追加の騙し回避なし,0,2022-03-06 23:00:00,2022-03-07 00:00:00,2022-03-07 13:00:00,long,3m,1974.398,1988.608,1972.6337282991042,2036.5308151026875,1972.6337282991042,-0.9999999999999939,-1.0219102320627493,13,SL,1988.608,7.987135850447934,1.7791108434950575,2.14920596336636,1.7698459453656588,0.8234882908074109,0.8397996038681108,0.1602003961318892,0.8397996038681108,1.099185475870836,0.7775002349123109,2.710358306824824,1.0,1.764086684366302,3.256486491154561,0.8333333333333334,3.8649649358685494,5.1969818439575075,0.75,5.1520345678973385,6.656954507292871,0.6666666666666666,False,False,0.22035433388819683,0.20783420128092425,False,True,0.22035433388819683,1.5439827531302732,False,False,0.2341264797561967,1.5439827531302732,False,False,0.682222025770884,1.5439827531302732,False
XAUUSD,baseline,現行HYBRID。追加の騙し回避なし,0,2022-05-10 14:00:00,2022-05-10 15:00:00,2022-05-12 22:00:00,short,3m,1850.308,1849.802,1862.1724017498486,1812.6907947504537,1812.6907947504537,2.999999999999993,2.971706658597042,52,TP,1849.812,6.1852008749243765,0.08019141334777731,2.358532939349092,1.1640689034352625,0.4935563476830314,0.6823416506717989,0.31765834932820114,0.6823416506717989,1.1003447862691267,1.5674511137228784,1.697762160413035,0.3333333333333333,1.6499059943828742,2.0720426481147594,0.3333333333333333,1.8204744239834671,1.6565347200830187,0.4166666666666667,3.2157403457399085,2.1674316277018386,0.5416666666666666,False,True,0.049149575922836,1.374086334763333,False,True,0.049149575922836,1.374086334763333,False,True,0.049149575922836,1.6287264073898022,False,True,0.049149575922836,2.3320180365486243,False
XAUUSD,baseline,現行HYBRID。追加の騙し回避なし,0,2022-06-14 18:00:00,2022-06-14 19:00:00,2022-06-15 02:00:00,short,3m,1807.228,1807.156,1818.1379770571402,1774.2100688285789,1818.1379770571402,-0.9999999999999919,-1.0318703998541392,6,SL,1807.156,5.4909885285701865,0.013112393082865298,0.9087616872693356,0.7452210068749907,0.8200400801603388,0.9883767535070155,0.011623246492984492,0.9883767535070155,1.1061511788101503,1.1300333205423148,0.5849584247513208,0.6666666666666666,2.42852446888509,2.3350986681698407,0.6666666666666666,4.053914861445965,4.115288145736497,0.6666666666666666,4.076679432770347,3.9094964209641043,0.625,True,False,0.5904219218691675,0.3993816393149568,True,False,0.5904219218691675,0.3993816393149568,True,False,0.5904219218691675,0.3993816393149568,True,False,1.8670590817405148,0.3993816393149568,True
XAUUSD,baseline,現行HYBRID。追加の騙し回避なし,0,2022-09-15 04:00:00,2022-09-15 05:00:00,2022-09-15 14:00:00,short,3m,1688.668,1687.314,1694.5077940005879,1665.7326179982365,1665.7326179982365,2.9999999999999885,2.951346952668979,9,TP,1687.324,3.5968970002939447,0.37365540350196,1.778199375594371,1.4634836637161734,0.823014383989983,0.9146341463414551,0.08536585365854482,0.9146341463414551,0.8523289564976787,1.698686395384913,2.38260923215193,0.6666666666666666,2.1702039283755195,2.8190965710642297,0.5,4.551145056047569,4.501101921649898,0.5833333333333334,4.641778732789815,3.6058858507597233,0.5416666666666666,True,False,0.6199788317034874,0.38533213486143775,True,False,0.6377719461559226,0.38533213486143775,True,False,0.6700219661010324,0.493758926056245,True,True,1.090940329867467,0.493758926056245,True
XAUUSD,baseline,現行HYBRID。追加の騙し回避なし,0,2022-11-08 15:00:00,2022-11-08 16:00:00,2022-11-10 15:00:00,long,3m,1683.84,1712.907,1700.4765267847015,1750.1984196458952,1750.1984196458952,3.000000000000009,2.971843388909018,45,TP,1712.938,6.2152366076491985,4.6817203972876555,5.727859170507906,5.465761344981027,0.9542415730337104,0.9660112359550614,0.033988764044938544,0.9660112359550614,1.33264617975221,1.665423322301352,6.780111950707987,0.6666666666666666,2.51655745185154,6.688401846011662,0.6666666666666666,2.51655745185154,6.472802652514993,0.4166666666666667,2.7675535278625523,5.415723024699356,0.3333333333333333,False,True,0.10635154246365362,0.6114006979755572,False,True,0.46337737109728755,0.6114006979755572,False,False,0.46337737109728755,0.6114006979755572,False,False,0.7756744118263901,0.6114006979755572,False
XAUUSD,baseline,現行HYBRID。追加の騙し回避なし,0,2022-12-01 13:00:00,2022-12-01 14:00:00,2022-12-02 13:00:00,long,3m,1786.367,1789.187,1779.2128877008577,1819.1093368974266,1779.2128877008577,-0.9999999999999998,-1.0350908421223846,22,SL,1789.318,4.987056149571118,0.5917318577321021,1.5439970533843372,0.9526662338479099,0.6170129870129804,0.6415584415584449,0.3584415584415551,0.6415584415584449,1.2199426977362027,1.7366959064106178,2.566644452379134,0.6666666666666666,2.111466100277524,2.8375457535638615,0.5,2.644846900537581,2.73107011260966,0.5833333333333334,8.075104589200029,5.742866962198307,0.5833333333333334,False,True,0.06436663040730319,2.8052621788112684,False,True,0.06436663040730319,2.9436203563223424,False,True,0.06436663040730319,2.9436203563223424,False,True,0.06436663040730319,2.9436203563223424,False
XAUUSD,baseline,現行HYBRID。追加の騙し回避なし,0,2022-12-13 13:00:00,2022-12-13 14:00:00,2022-12-14 19:00:00,long,3m,1809.758,1810.858,1800.9049387190346,1840.717183842896,1800.9049387190346,-0.9999999999999989,-1.0351650602884843,28,SL,1810.867,4.976530640482684,0.2228460106280707,5.364982540810851,4.405076866536436,0.821079441177578,0.9127308138881628,0.08726918611183719,0.9127308138881628,1.2504752786952935,1.5185277748570332,4.774209527964562,1.0,1.5185277748570332,4.623502126728255,0.6666666666666666,1.802460518786238,5.373020268876826,0.75,3.4483862834883654,4.350219372486393,0.5416666666666666,False,True,0.025921673012625806,2.7109247334386883,True,False,0.4485052260792439,2.7109247334386883,True,False,0.9643264247107124,2.7109247334386883,True,True,1.1357309757168188,2.7109247334386883,True
XAUUSD,baseline,現行HYBRID。追加の騙し回避なし,0,2022-12-27 15:00:00,2022-12-27 16:00:00,2022-12-27 17:00:00,long,3m,1824.358,1824.525,1814.4711874723812,1854.686437582857,1814.4711874723812,-0.9999999999999928,-1.0348126642543387,1,SL,1824.495,5.0269062638094875,0.027253342873380406,5.0388844889270645,3.278358325207943,0.6506119226213911,0.655744176865375,0.34425582313462505,0.655744176865375,1.290095709879236,1.847458359599874,3.1285644041593157,0.3333333333333333,1.847458359599874,3.1782967816655048,0.6666666666666666,1.847458359599874,3.9978863629675248,0.6666666666666666,4.0601512996052485,6.117082433261258,0.6666666666666666,True,False,1.1358875022413208,0.35608382294435187,True,False,2.760544810613535,0.35608382294435187,True,False,2.760544810613535,0.35608382294435187,True,False,2.760544810613535,0.35608382294435187,True
XAUUSD,baseline,現行HYBRID。追加の騙し回避なし,0,2023-04-04 14:00:00,2023-04-04 15:00:00,2023-04-06 13:00:00,long,3m,2009.695,2016.035,2002.6359012133996,2056.2322963598017,2002.6359012133996,-0.9999999999999989,-1.0261211597566646,44,SL,2015.995,6.699549393300238,0.9403617512395915,4.8619687814487795,3.5405366253020767,0.7282104810732785,0.7282104810732785,0.2717895189267216,0.7282104810732785,1.3914152023090942,2.1941774195590695,5.088401920596481,0.6666666666666666,2.1941774195590695,5.283937459346294,0.5,2.4315068139195275,5.264533169241368,0.5833333333333334,3.107671692191806,5.988611717695841,0.5,False,True,0.0791097981201526,1.0493243033673911,False,True,0.0791097981201526,1.3214321561467024,False,True,0.0791097981201526,1.3214321561467024,False,True,0.0791097981201526,1.3214321561467024,False
XAUUSD,baseline,現行HYBRID。追加の騙し回避なし,0,2023-05-03 22:00:00,2023-05-03 23:00:00,2023-05-04 06:00:00,long,3m,2048.538,2056.454,2037.7058406104497,2112.698478168652,2037.7058406104497,-0.9999999999999957,-1.018668499276528,7,SL,2056.454,9.37407969477526,0.8444562301312877,4.320850826836391,1.832713243261175,0.42415563894924774,0.42415563894924774,0.5758443610507522,0.42415563894924774,1.942004010874429,2.4954983061471476,3.584245183954102,0.6666666666666666,2.4954983061471476,3.5245059862692276,0.6666666666666666,3.507971029767141,4.2168406165815,0.5,3.507971029767141,4.28084689981529,0.5416666666666666,False,False,0.6503038376554098,0.016001570808411227,False,False,0.6503038376554098,0.06091264621082382,True,False,1.3834958120986196,0.06091264621082382,True,False,1.9318163051348272,0.06091264621082382,True
XAUUSD,baseline,現行HYBRID。追加の騙し回避なし,0,2023-05-18 12:00:00,2023-05-18 13:00:00,2023-05-19 15:00:00,short,3m,1971.515,1966.878,1974.7364007249291,1943.3027978252123,1974.7364007249291,-1.0000000000000042,-1.0445383243043163,25,SL,1966.918,3.929200362464582,1.169958153296298,2.3447518960883764,1.8214902116905387,0.7768370780419168,0.9150113969391181,0.08498860306088188,0.9150113969391181,0.9236894625745474,1.3106992580978398,2.6483760154885654,0.6666666666666666,2.3847091356070678,2.635905284683368,0.6666666666666666,3.5299803320032184,4.203399795484202,0.6666666666666666,4.204417814325419,5.193423118591122,0.6666666666666666,False,True,0.2995520440352052,2.657029175639025,False,True,0.2995520440352052,3.207522864040111,False,True,0.2995520440352052,3.8259693100940484,False,True,0.2995520440352052,3.8259693100940484,False
XAUUSD,baseline,現行HYBRID。追加の騙し回避なし,0,2023-11-27 01:00:00,2023-11-27 02:00:00,2023-11-28 16:00:00,long,3m,2009.395,2011.965,2004.1942433441454,2035.2772699675634,2035.2772699675634,2.9999999999999956,2.95495934109113,37,TP,2011.905,3.885378327927248,0.6460117363497555,4.130871859925731,2.519703146957811,0.6099688473520244,0.6149532710280323,0.3850467289719677,0.6149532710280323,1.0520649198581387,1.2140387889887347,2.9340772089191836,0.6666666666666666,1.831739254024383,2.8071912383931314,0.6666666666666666,3.1067759639354064,4.806996493945963,0.6666666666666666,3.719071549902004,5.515550402380618,0.5416666666666666,False,False,1.1908750215499198,0.023163767438814868,False,False,1.1908750215499198,0.023163767438814868,False,True,1.1908750215499198,0.4426853332755383,False,False,1.1908750215499198,0.4426853332755383,False
XAUUSD,baseline,現行HYBRID。追加の騙し回避なし,0,2024-02-13 14:00:00,2024-02-13 15:00:00,2024-02-15 14:00:00,short,3m,2001.755,1995.645,2005.8616777701372,1964.9949666895882,2005.8616777701372,-0.999999999999999,-1.0342577115452496,45,SL,1995.615,5.108338885068639,1.2019562793586274,2.6290346631573582,1.7011400761606463,0.6470588235294128,0.7617274758004445,0.2382725241995555,0.7617274758004445,1.5281328982516098,5.85708988247714,6.254479336401885,0.3333333333333333,5.85708988247714,5.96279939238815,0.3333333333333333,5.85708988247714,4.546096201228811,0.3333333333333333,5.85708988247714,4.570957511893059,0.4166666666666667,False,True,0.04502442088802959,1.1021195199982237,False,True,0.4189228726103487,1.1021195199982237,False,True,0.4189228726103487,1.1021195199982237,False,True,0.4189228726103487,1.1021195199982237,False
XAUUSD,baseline,現行HYBRID。追加の騙し回避なし,0,2024-06-07 13:00:00,2024-06-07 14:00:00,2024-06-12 12:00:00,short,3m,2311.968,2309.415,2330.530863270963,2246.0674101871105,2330.530863270963,-0.9999999999999901,-1.0165752162489605,67,SL,2309.405,10.557931635481614,0.24275588140638046,2.179404147936651,0.9263177995141108,0.42503259452410486,0.8031290743155082,0.19687092568449183,0.8031290743155082,1.7019628727219673,2.451332409941226,2.282644066287379,0.6666666666666666,6.235217490778644,6.065581991910548,0.8333333333333334,7.0270392498724945,5.827846033139518,0.6666666666666666,7.0270392498724945,4.546345028290233,0.5,True,False,1.0987000485034644,0.1771180250605064,True,True,1.0987000485034644,0.47263045189936115,True,False,1.0987000485034644,0.6115781218264907,True,True,1.0987000485034644,2.072091462164735,True
XAUUSD,baseline,現行HYBRID。追加の騙し回避なし,0,2024-11-11 13:00:00,2024-11-11 14:00:00,2024-11-13 16:00:00,short,3m,2637.955,2635.375,2651.9409643083973,2585.6771070748086,2585.6771070748086,3.0000000000000027,2.9788723437112288,48,TP,2635.385,8.282982154198551,0.31027472378375276,2.8142038176654003,2.6246585583889033,0.9326469326469254,0.9476619476619366,0.052338052338063386,0.9476619476619366,0.9431662304236379,2.252811807706396,3.1896724522830966,0.6666666666666666,2.252811807706396,4.113252855764032,0.6666666666666666,3.4009490151709447,4.518903856508611,0.6666666666666666,5.718954733711284,6.810349092857366,0.625,False,True,0.019316714321152107,2.14415528964986,False,True,0.019316714321152107,2.663291987031317,False,True,0.019316714321152107,2.749009906831512,False,True,0.019316714321152107,3.002541782296853,False
XAUUSD,baseline,現行HYBRID。追加の騙し回避なし,0,2024-12-12 00:00:00,2024-12-12 01:00:00,2024-12-12 01:00:00,long,3m,2721.185,2724.915,2711.19320518583,2766.080384442511,2711.19320518583,-0.9999999999999911,-1.0255068673405863,0,SL,2723.575,6.860897407085138,0.3483509311087728,0.6704662272386647,0.6500607333662017,0.9695652173913314,0.9717391304347583,0.028260869565241677,0.9717391304347583,0.9530182927991837,0.6267401689404635,0.9488554650703553,0.6666666666666666,1.1485377979654032,0.8176772901758181,0.6666666666666666,4.470406446877756,3.9660992411720697,0.75,6.800859600642808,4.048595737827997,0.625,True,False,3.7444081256002972,0.30608240808727555,True,False,3.7444081256002972,0.30608240808727555,True,False,3.7444081256002972,0.30608240808727555,True,False,3.7444081256002972,0.30608240808727555,True
XAUUSD,baseline,現行HYBRID。追加の騙し回避なし,0,2024-12-18 19:00:00,2024-12-18 20:00:00,2024-12-19 07:00:00,short,3m,2605.085,2604.465,2618.3869043607624,2562.699286917714,2618.3869043607624,-1.0000000000000073,-1.0251402387870485,10,SL,2604.435,6.960952180381076,0.09337802978047564,4.568771509396985,4.502688596013884,0.9855359557274459,0.9855359557274459,0.014464044272554101,0.9855359557274459,1.133850922613353,0.9869339455257964,4.342796677328285,0.6666666666666666,2.070119090979157,5.650089094254748,0.6666666666666666,2.3718019564237154,5.762142729991332,0.6666666666666666,2.6576823860593195,6.136085824635255,0.5833333333333334,False,True,0.6895608353019036,2.5049733927414097,False,True,0.6895608353019036,3.007778168482362,False,True,0.6895608353019036,3.1850527665578756,True,False,1.941257409882128,3.1850527665578756,False
USDJPY,baseline,現行HYBRID。追加の騙し回避なし,0,2015-03-06 13:00:00,2015-03-06 14:00:00,2015-03-10 03:00:00,long,3m,120.476,120.765,120.4191456123355,121.80256316299351,121.80256316299351,3.0000000000000124,2.971086097627632,38,TP,120.765,0.17292719383225047,1.671223557125136,5.933132766817904,4.724531647651354,0.7962962962963063,0.8460038986354758,0.1539961013645242,0.8460038986354758,1.3085366331492994,0.896330973544625,3.990118527392159,0.3333333333333333,1.4746090209927332,3.8108523326832837,0.3333333333333333,1.5150884843140497,4.365999258233438,0.4166666666666667,2.683210140159366,3.018611407679328,0.4583333333333333,False,True,0.06939336569377955,1.9777109222726348,False,True,0.06939336569377955,2.978131944357929,False,True,0.06939336569377955,2.978131944357929,False,False,0.8731998516466711,2.978131944357929,False
USDJPY,baseline,現行HYBRID。追加の騙し回避なし,0,2015-03-26 06:00:00,2015-03-26 07:00:00,2015-03-26 12:00:00,short,3m,118.679,118.603,118.94769664898442,117.56891005304672,118.94769664898442,-0.9999999999999943,-1.0290110160033519,5,SL,118.602,0.17234832449221313,0.4467696464521018,2.07718874584223,1.7928807890091119,0.8631284916201292,0.9497206703910581,0.050279329608941874,0.9497206703910581,1.0216389070194947,2.843079568331677,4.154377491684542,0.6666666666666666,3.8468607220487714,4.56053171573196,0.8333333333333334,4.65336696694282,5.918247264690296,0.5833333333333334,5.2393894902111695,6.550687413564035,0.5,False,False,0.707868790482567,0.34813219204062024,False,True,0.707868790482567,1.5898036769854442,False,True,0.707868790482567,1.5898036769854442,True,False,2.45433195388629,1.5898036769854442,False
USDJPY,baseline,現行HYBRID。追加の騙し回避なし,0,2015-05-19 14:00:00,2015-05-19 15:00:00,2015-05-20 18:00:00,long,3m,120.505,120.677,120.41588838175579,121.46033485473266,121.46033485473266,3.0000000000000124,2.9617022020420607,27,TP,120.678,0.13055580912210912,1.3251038093463505,2.5353142248186282,1.8612729807581108,0.7341389728096773,0.9123867069486485,0.08761329305135147,0.9123867069486485,1.028686434473961,3.2246745880624132,4.251055573336457,0.6666666666666666,3.929354070489357,5.101266688003792,0.6666666666666666,4.825522542706278,5.346372594934879,0.6666666666666666,5.484244667583636,6.40339181857535,0.625,False,False,0.8731897934421278,0.3370206220302586,False,False,1.263827332613497,0.3370206220302586,False,True,1.263827332613497,0.3370206220302586,False,True,1.263827332613497,0.4672331350874906,False
USDJPY,baseline,現行HYBRID。追加の騙し回避なし,0,2015-12-09 13:00:00,2015-12-09 14:00:00,2015-12-09 18:00:00,short,3m,122.223,122.093,122.38621499438587,121.21335501684241,121.21335501684241,2.999999999999984,2.9658953321233095,4,TP,122.101,0.14660749719293242,0.8321538961916144,3.3763621197937823,2.660164094383036,0.7878787878788044,0.8040404040404119,0.19595959595958806,0.8040404040404119,1.03006934595258,1.9644288696983134,3.819722802191036,1.0,2.6942687622598074,4.269904418163566,0.6666666666666666,4.119843879506121,5.333970055916723,0.6666666666666666,4.399502156095084,4.917893107820964,0.625,False,True,0.4501816159725302,1.841652065342072,False,True,1.1049912392053014,1.841652065342072,False,True,1.1049912392053014,2.3259383491912766,False,True,1.1049912392053014,6.998277848299951,False
USDJPY,baseline,現行HYBRID。追加の騙し回避なし,0,2016-01-20 08:00:00,2016-01-20 09:00:00,2016-01-20 09:00:00,short,long,116.182,116.093,116.62856034817688,114.4863189554694,116.62856034817688,-1.0000000000000129,-1.018672032076384,0,SL,116.093,0.2677801740884328,0.33236217095970266,3.0584788541123764,2.5618028008804172,0.8376068376068262,0.910866910866902,0.089133089133098,0.910866910866902,1.19486028633367,2.1771589401068434,2.976321912976248,0.6666666666666666,3.5812957522512447,4.257223313416483,0.8333333333333334,4.712820896080352,5.515718275364999,0.75,6.341022093141418,6.475460724091365,0.625,True,False,3.2377303620456557,0.44439436341803534,True,False,3.2377303620456557,0.44439436341803534,True,False,3.2377303620456557,0.44439436341803534,True,False,3.2377303620456557,0.44439436341803534,True
USDJPY,baseline,現行HYBRID。追加の騙し回避なし,0,2016-03-17 11:00:00,2016-03-17 12:00:00,2016-03-17 12:00:00,short,3m,111.042,110.764,111.37621735986453,108.92734792040639,111.37621735986453,-0.9999999999999953,-1.0163340680215287,0,SL,110.764,0.30610867993226665,0.9081741819981043,1.9960231122331693,1.7412116510970528,0.8723404255319313,0.9885433715221098,0.01145662847789019,0.9885433715221098,1.4453158731652695,2.172431046865944,3.0904056696769313,1.0,3.78297015379059,4.622541250098189,0.8333333333333334,6.004403404721181,6.631631616748613,0.75,8.817129918031766,8.96740334383003,0.625,True,False,4.031247987718149,0.3201477332223433,True,False,4.031247987718149,0.3201477332223433,True,False,4.031247987718149,0.3201477332223433,True,False,4.031247987718149,0.3201477332223433,True
USDJPY,baseline,現行HYBRID。追加の騙し回避なし,0,2016-04-05 06:00:00,2016-04-05 07:00:00,2016-04-05 07:00:00,short,3m,110.666,110.417,110.7925832735009,109.29025017949732,110.7925832735009,-0.9999999999999981,-1.0266252538532348,0,SL,110.419,0.18779163675044722,1.3152875403510838,2.689150639179318,1.8424675666456678,0.6851485148514985,0.8257425742574364,0.17425742574256367,0.8257425742574364,1.0231806130566488,1.8477926174163453,2.2897718313804662,0.3333333333333333,3.003328634647858,2.880852466922803,0.6666666666666666,3.519858559401087,4.419792139641286,0.5833333333333334,5.490127344542412,5.3197257198815615,0.5833333333333334,False,False,2.1513205113434544,0.6549812447901652,False,False,2.1513205113434544,0.6549812447901652,False,True,2.1513205113434544,0.6549812447901652,False,False,2.1513205113434544,0.8200578186804137,False
USDJPY,baseline,現行HYBRID。追加の騙し回避なし,0,2016-04-29 01:00:00,2016-04-29 02:00:00,2016-05-09 10:00:00,short,3m,107.628,107.38,108.02164014039741,105.45507957880777,108.02164014039741,-1.0000000000000069,-1.0155850598651788,152,SL,107.381,0.3208200701987045,0.7699019573401904,2.4063332431846987,1.2312197293496854,0.5116580310880835,0.6036269430051803,0.39637305699481973,0.6036269430051803,1.4171912074888304,1.418240447731925,2.3782801354274072,0.6666666666666666,1.418240447731925,1.979302602878644,0.5,3.0733738054147017,3.8869139303774,0.6666666666666666,12.901312556400997,13.66809750176818,0.5833333333333334,False,True,0.07792529932594795,0.3896264966296512,False,True,0.07792529932594795,0.7262637897176826,False,True,0.07792529932594795,0.7262637897176826,False,True,0.09974438313717972,1.4961657470578729,False
USDJPY,baseline,現行HYBRID。追加の騙し回避なし,0,2016-08-16 02:00:00,2016-08-16 03:00:00,2016-08-16 12:00:00,short,3m,100.679,100.615,100.95301035762344,99.60096892712967,99.60096892712967,3.000000000000017,2.970415107778663,9,TP,100.615,0.16900517881171973,0.3786866204337228,2.7632289334770044,1.710006770395847,0.6188436830835166,0.8158458244111376,0.18415417558886243,0.8158458244111376,0.9951705701658489,2.4082102268204157,3.8401190103352962,0.6666666666666666,2.4082102268204157,3.7809492258925874,0.5,2.4082102268204157,2.43187814059755,0.5833333333333334,3.1774174245763023,4.331228221210216,0.5833333333333334,False,True,0.0,1.573916266177432,False,True,0.0,1.573916266177432,False,True,0.0,2.254368787269255,False,True,0.0,2.7868968472540545,False
USDJPY,baseline,現行HYBRID。追加の騙し回避なし,0,2016-08-30 13:00:00,2016-08-30 14:00:00,2016-09-01 12:00:00,long,3m,102.655,102.72,102.37421573274955,103.75735280175135,103.75735280175135,2.999999999999987,2.971080234275805,46,TP,102.72,0.17289213362522635,0.37595695441469007,1.567451302252075,1.1336548163889395,0.723247232472315,0.9520295202951838,0.0479704797048162,0.9520295202951838,1.2171854526525097,2.267309632777879,2.2846614922124044,1.0,2.267309632777879,2.0128156944048667,0.8333333333333334,3.7364337315676703,2.967167963303765,0.75,4.6502983284526485,2.7415937906549344,0.5416666666666666,False,True,0.5726113613393389,0.7172101899603293,False,True,0.5726113613393389,1.3650129421826391,False,True,0.5726113613393389,2.2152540544743027,False,True,0.5726113613393389,2.4003405551092953,False
USDJPY,baseline,現行HYBRID。追加の騙し回避なし,0,2016-10-05 14:00:00,2016-10-05 15:00:00,2016-10-07 13:00:00,long,3m,103.357,103.551,103.16165229493437,104.71904311519691,103.16165229493437,-0.9999999999999841,-1.0256839834160545,46,SL,103.551,0.19467385253281885,0.996538556544451,2.326968897498109,2.0393082832378724,0.876379690949234,0.8962472406181088,0.10375275938189125,0.8962472406181088,1.054253283663333,1.7670580590272198,2.5221671714604046,0.6666666666666666,2.126633826852497,3.5187057280048557,0.8333333333333334,2.4040208477463203,3.4056962009740146,0.75,2.98961566963328,3.5392529147377556,0.7083333333333334,False,False,0.6626467721352439,0.03082078009931367,False,False,0.6626467721352439,0.1181463237140114,False,False,0.6626467721352439,0.1181463237140114,False,False,0.6626467721352439,0.5958684152533733,False
USDJPY,baseline,現行HYBRID。追加の騙し回避なし,0,2016-10-25 12:00:00,2016-10-25 13:00:00,2016-10-25 15:00:00,long,3m,104.635,104.758,104.51706345498447,105.4808096350466,104.51706345498447,-0.9999999999999815,-1.0415047040677938,2,SL,104.759,0.12046827250776683,1.029316660882646,2.49028224407099,1.709993807595455,0.6866666666666834,0.9033333333333445,0.09666666666665545,0.9033333333333445,0.9072533886570113,1.543974991323969,2.606495415461054,0.6666666666666666,2.0005267360703782,2.523486007325311,0.6666666666666666,2.7808151725459136,2.398971895121756,0.5833333333333334,5.785755747058345,6.831674289568093,0.5416666666666666,False,True,0.03320376325432076,0.9546081935605129,True,False,1.2119373587812334,0.9546081935605129,True,False,4.382896749565033,0.9546081935605129,True,False,5.345805883939155,0.9546081935605129,True
USDJPY,baseline,現行HYBRID。追加の騙し回避なし,0,2016-11-03 03:00:00,2016-11-03 04:00:00,2016-11-03 10:00:00,short,3m,102.808,102.607,103.0477803741989,101.28465887740332,103.0477803741989,-0.9999999999999957,-1.0226870355064326,6,SL,102.607,0.22039018709944808,0.9120188273596278,1.547255821540377,1.102589925613814,0.7126099706744847,0.8269794721407667,0.17302052785923325,0.8269794721407667,1.2366343846154242,2.722444260774944,2.9175527661304432,1.0,2.722444260774944,3.307769776841506,0.5,2.9175527661304432,2.822267217003318,0.4166666666666667,4.94577374040776,5.335990751118823,0.4583333333333333,False,False,0.6806110651937521,0.21779554086200067,True,False,1.0617532617021888,0.21779554086200067,True,False,1.093515111411252,0.21779554086200067,True,False,1.719677291389504,0.21779554086200067,True
USDJPY,baseline,現行HYBRID。追加の騙し回避なし,0,2017-04-11 14:00:00,2017-04-11 15:00:00,2017-04-14 14:00:00,short,3m,110.109,109.734,110.11890020959399,108.57929937121801,108.57929937121801,2.999999999999992,2.974019239920544,71,TP,109.734,0.19245010479699737,1.9485570059603876,3.7931909716029084,3.018964321234643,0.795890410958904,0.8589041095890495,0.1410958904109505,0.8589041095890495,1.0373082888906726,2.2707184309458257,4.4063369094784175,1.0,2.7591567204399396,4.785656006638745,0.8333333333333334,3.0501412333300104,4.9467367191315015,0.6666666666666666,5.585863417086459,7.300593582331591,0.6666666666666666,False,False,0.39490755320801146,0.46245752941459156,False,False,0.5975574818278995,0.46245752941459156,False,True,0.9612881229404696,0.46245752941459156,False,True,0.9612881229404696,0.6754997620662441,False
USDJPY,baseline,現行HYBRID。追加の騙し回避なし,0,2017-06-06 00:00:00,2017-06-06 01:00:00,2017-06-06 11:00:00,short,3m,110.237,110.168,110.42544441862248,109.3956667441326,109.3956667441326,2.9999999999999813,2.961156664209294,10,TP,110.168,0.1287222093112356,0.5360380339118814,2.2917568116525344,1.755718777740653,0.7661016949152837,0.9389830508474527,0.061016949152547274,0.9389830508474527,0.8773786628049041,1.3672854198334496,2.6102721651365455,0.6666666666666666,1.3672854198334496,2.3383688146014037,0.5,2.5947348308202924,3.705654234434853,0.5833333333333334,3.278377540736962,2.252913475861847,0.5,False,True,0.1709106774791122,2.0975401326990983,False,True,0.1709106774791122,3.4104448824254976,False,True,0.1709106774791122,3.4104448824254976,False,True,0.1709106774791122,4.622356959096088,False
USDJPY,baseline,現行HYBRID。追加の騙し回避なし,0,2018-01-10 07:00:00,2018-01-10 08:00:00,2018-01-15 00:00:00,short,3m,112.03,111.945,112.29811719165112,110.88564842504664,110.88564842504664,2.9999999999999925,2.971680789730924,64,TP,111.946,0.1765585958255594,0.4757627325207973,2.1069492440205932,1.025155411741188,0.48655913978493937,0.5026881720430045,0.4973118279569955,0.5026881720430045,1.6328113602480128,1.693488774091859,1.9370339824060228,0.3333333333333333,1.9370339824060228,1.2800283041630438,0.3333333333333333,3.9873448058884797,3.8684041227582804,0.4166666666666667,5.029491743791125,4.485762906624499,0.5,False,True,0.05663842053821699,0.8892232024495318,False,True,0.05663842053821699,1.2970198303245009,False,True,0.05663842053821699,3.65884196676695,False,True,0.05663842053821699,3.834421070435286,False
USDJPY,baseline,現行HYBRID。追加の騙し回避なし,0,2018-02-14 02:00:00,2018-02-14 03:00:00,2018-02-15 20:00:00,short,long,107.318,107.214,107.58864043988835,106.09007868033493,106.09007868033493,3.0000000000000098,2.973307740074811,41,TP,107.216,0.1873202199441781,0.544522102474576,2.802687292148401,2.439672557165452,0.8704761904762196,0.9123809523809657,0.08761904761903432,0.9123809523809657,0.8889492468690761,1.414689776036838,2.9361485917746237,0.6666666666666666,1.414689776036838,3.1710404791165727,0.3333333333333333,2.6265183766419207,2.204780669823503,0.3333333333333333,7.105479592094383,7.83684751404558,0.625,False,True,-0.005338451984994287,1.9485349745412737,False,True,-0.005338451984994287,2.007257946376742,False,True,0.26158414726722357,2.007257946376742,True,False,1.5161203637527156,2.007257946376742,False
USDJPY,baseline,現行HYBRID。追加の騙し回避なし,0,2018-03-02 10:00:00,2018-03-02 11:00:00,2018-03-05 16:00:00,short,3m,105.55,105.538,105.9518958981677,104.29631230549687,105.9518958981677,-1.0000000000000024,-1.0241606646605133,29,SL,105.535,0.20694794908385408,0.07248199398160093,1.0823977767918844,1.0727335109276939,0.9910714285714495,0.9910714285714495,0.008928571428550471,0.9910714285714495,1.2668040811787062,1.6912465262373322,0.9809229852176431,0.6666666666666666,2.5417019222880937,2.6335124479980756,0.5,3.2182005327830128,2.705994441979677,0.5,7.6106093680678235,5.94352350649107,0.5416666666666666,False,True,0.26093517833376334,1.2660188282119171,False,True,0.26093517833376334,1.377157885650349,False,True,0.26093517833376334,1.377157885650349,True,False,0.6813307434270488,1.377157885650349,False
USDJPY,baseline,現行HYBRID。追加の騙し回避なし,0,2018-03-22 22:00:00,2018-03-22 23:00:00,2018-03-26 19:00:00,short,3m,105.25,104.848,105.3347280732594,103.38781578022181,105.3347280732594,-1.0000000000000082,-1.0205453528353718,44,SL,104.847,0.24336403662969783,1.6559554385318225,2.827040550148589,1.914826884257647,0.6773255813953584,0.6976744186046545,0.3023255813953455,0.6976744186046545,1.620868937075002,1.6395191562634968,2.198352753385931,0.6666666666666666,2.272316023593251,3.172202477783022,0.5,2.280534164727385,3.1516571249476586,0.5833333333333334,3.3201290181977203,4.58161368229025,0.5833333333333334,False,False,0.5834880205248938,0.8300322545494301,False,True,0.9985041477996088,0.8300322545494301,False,False,0.9985041477996088,0.8300322545494301,False,True,0.9985041477996088,0.8300322545494301,False
USDJPY,baseline,現行HYBRID。追加の騙し回避なし,0,2018-04-05 14:00:00,2018-04-05 15:00:00,2018-04-05 23:00:00,long,3m,107.291,107.456,107.15104622039965,108.37086133880105,107.15104622039965,-1.0000000000000093,-1.0327918545987493,8,SL,107.455,0.1524768898001753,1.0755728308396604,2.4921809495064777,2.131470548920058,0.8552631578947546,0.9052631578947321,0.09473684210526788,0.9052631578947321,1.1977973699742601,1.1345981691174483,2.708607189858367,1.0,1.2788823293520721,2.2298461127163716,0.6666666666666666,2.0986786943213183,3.1480180414819308,0.5833333333333334,5.994351020655136,5.9287673114575625,0.6666666666666666,False,True,0.40661899702473037,0.19675112759262647,False,False,0.7542126557716727,0.19675112759262647,False,False,0.8853800741668192,0.19675112759262647,False,False,0.8853800741668192,0.2229846112716744,False
USDJPY,baseline,現行HYBRID。追加の騙し回避なし,0,2018-05-15 11:00:00,2018-05-15 12:00:00,2018-05-17 12:00:00,long,3m,110.036,110.101,109.87308003889598,110.78475988331205,110.78475988331205,2.9999999999999964,2.956124948637439,48,TP,110.102,0.11395998055200839,0.5791506779863113,2.3692527735802393,1.7286770236863722,0.7296296296296505,0.8518518518518792,0.14814814814812086,0.8518518518518792,0.9250061533055428,1.4040016436032203,1.22850143815274,0.6666666666666666,1.6321519106885707,1.9743773113169703,0.5,3.00105351320167,3.264303821377266,0.5,5.098280968333752,5.256231153239234,0.5833333333333334,False,True,0.8687260169794668,1.7462270442313705,False,True,0.8687260169794668,2.4131278249427974,False,True,0.8687260169794668,2.4131278249427974,False,True,0.8687260169794668,2.5710780098481547,False
USDJPY,baseline,現行HYBRID。追加の騙し回避なし,0,2018-05-29 08:00:00,2018-05-29 09:00:00,2018-05-29 09:00:00,short,3m,108.648,108.601,108.93350994916833,107.60347015249502,108.93350994916833,-0.9999999999999984,-1.0300742880777023,0,SL,108.601,0.1662549745841633,0.28269830793065515,2.213467602521069,0.842080066176476,0.3804347826086877,0.5217391304347894,0.4782608695652107,0.5217391304347894,1.0102176075413904,2.5021807680672135,2.9172059435399196,0.6666666666666666,2.5021807680672135,2.5021807680672135,0.5,4.571291787815167,4.866019810976887,0.6666666666666666,4.703618655357133,4.739707801050412,0.5833333333333334,True,False,2.0270070164391,0.3428468840861483,True,False,2.0270070164391,0.3428468840861483,True,False,2.261586463445412,0.3428468840861483,True,False,3.043517953466395,0.3428468840861483,True
USDJPY,baseline,現行HYBRID。追加の騙し回避なし,0,2018-09-13 14:00:00,2018-09-13 15:00:00,2018-09-21 02:00:00,long,3m,111.826,111.849,111.5877831276136,112.6326506171592,112.6326506171592,3.000000000000025,2.961717633671104,131,TP,111.848,0.1306084361931983,0.1684424118474459,2.4577279183190224,1.9141183164477642,0.7788161993769175,0.7912772585669634,0.20872274143303657,0.7912772585669634,1.1768534601290954,2.1974078272820803,2.1361560411556773,0.6666666666666666,2.1974078272820803,2.687422116292654,0.6666666666666666,2.5572620707742373,3.7822977933007804,0.75,4.1574649833245925,4.486693333753548,0.6666666666666666,False,True,0.2220377247079128,0.8422120592370119,False,True,0.2220377247079128,0.8422120592370119,False,True,0.3521977702263294,0.8422120592370119,False,True,0.3521977702263294,1.148470989868702,False
USDJPY,baseline,現行HYBRID。追加の騙し回避なし,0,2018-10-15 08:00:00,2018-10-15 09:00:00,2018-10-16 01:00:00,short,3m,111.663,111.656,111.9476694675189,110.78099159744329,111.9476694675189,-0.9999999999999827,-1.0342853850457887,16,SL,111.655,0.14583473375945286,0.054856616073309175,1.2959875547325992,0.9462766272651436,0.7301587301587851,0.9523809523809488,0.0476190476190512,0.9523809523809488,0.9577119691796682,2.3725486451719617,1.8171254074293774,1.0,3.3668248115012145,3.154255424216983,1.0,3.7645352780328767,3.4422526586020266,0.6666666666666666,4.6490982122155105,4.12796035951883,0.625,True,False,0.7474213939992151,0.20571231027503123,True,False,1.007990320347653,0.20571231027503123,True,False,1.5771277121085403,0.20571231027503123,True,False,1.878839100511887,0.20571231027503123,True
USDJPY,baseline,現行HYBRID。追加の騙し回避なし,0,2018-10-26 14:00:00,2018-10-26 15:00:00,2018-10-26 16:00:00,short,3m,111.625,111.396,111.76268372052034,110.29594883843899,111.76268372052034,-1.0000000000000193,-1.0272714588632614,1,SL,111.398,0.18334186026016755,1.2381242323923414,2.3289825869230354,1.8817306615654146,0.8079625292739894,0.9508196721311465,0.04918032786885355,0.9508196721311465,1.374275872962678,2.4598855894666443,3.365298023727168,0.3333333333333333,2.4598855894666443,3.294392230682645,0.5,3.7743699066761103,4.608876547892111,0.5833333333333334,5.083399932112974,6.157895411325708,0.5416666666666666,True,False,1.5762903222968387,0.038180042408523525,True,False,3.681646946541025,0.038180042408523525,True,False,3.828912824402672,0.038180042408523525,True,False,3.828912824402672,0.038180042408523525,True
USDJPY,baseline,現行HYBRID。追加の騙し回避なし,0,2018-11-06 06:00:00,2018-11-06 07:00:00,2018-11-06 08:00:00,long,3m,113.392,113.417,113.25662469491496,113.89812591525514,113.25662469491496,-0.9999999999999654,-1.0623537395279308,1,SL,113.416,0.0801876525425228,0.29929794973451707,1.1473088073155897,0.9976598324483311,0.8695652173912977,0.8695652173912977,0.13043478260870237,0.8695652173912977,0.6394429426334001,1.1847210510324042,1.5214312444837361,0.6666666666666666,1.5837849840117013,1.8456706900294038,0.8333333333333334,2.743564539232955,3.105216228495437,0.75,3.541692405191549,1.334370025899663,0.6666666666666666,True,False,0.9976598324483311,0.3865931850738103,True,False,2.1948516313863995,0.3865931850738103,True,False,3.0428624889674722,0.3865931850738103,True,False,3.9282855902653595,0.3865931850738103,True
USDJPY,baseline,現行HYBRID。追加の騙し回避なし,0,2019-02-25 17:00:00,2019-02-25 18:00:00,2019-02-26 00:00:00,long,3m,111.128,111.191,110.99229705169736,111.78710884490792,110.99229705169736,-0.9999999999999899,-1.050326379580227,6,SL,111.191,0.0993514741513205,0.634112382711586,1.7211621816455902,1.147441454430489,0.666666666666722,0.7485380116959409,0.2514619883040591,0.7485380116959409,1.0710347198037486,3.261149396802299,3.6838909852766895,1.0,3.9757839868422926,4.630026921386087,0.6666666666666666,5.09302961352461,5.65668506482375,0.6666666666666666,5.294335131845702,6.170014136542654,0.5833333333333334,True,False,1.0065275916057397,0.03019582774817076,True,False,1.0870497989341474,0.03019582774817076,True,False,1.751358009393904,0.03019582774817076,True,False,1.8620760444704825,0.03019582774817076,True
USDJPY,baseline,現行HYBRID。追加の騙し回避なし,0,2019-05-05 21:00:00,2019-05-05 22:00:00,2019-05-06 05:00:00,short,3m,110.843,110.619,110.84813685000401,109.93158944998797,110.84813685000401,-0.9999999999999963,-1.0436420418619485,7,SL,110.612,0.11456842500200579,2.0162623340240957,1.7107680409900592,0.06982726697914812,0.04081632653059005,0.5765306122449017,0.42346938775509835,0.5765306122449017,1.3860907753961702,1.134693088411746,4.268191694102832,1.0,2.103546417748,5.760749525783007,0.8333333333333334,5.507625682983362,7.523888017007458,0.75,5.507625682983362,7.8730243519033225,0.5416666666666666,False,False,1.8067805330865274,-0.061098858606832125,False,False,2.0162623340240957,-0.026185225117196047,False,True,2.0162623340240957,2.7930906791674133,False,True,2.0162623340240957,2.8978315796361973,False
USDJPY,baseline,現行HYBRID。追加の騙し回避なし,0,2019-05-31 04:00:00,2019-05-31 05:00:00,2019-06-03 01:00:00,short,3m,109.019,109.016,109.3001272712331,108.16361818630074,108.16361818630074,2.999999999999992,2.964804504838293,20,TP,109.014,0.14206363561654495,0.03519549516179886,1.5908363813102273,1.20368593453124,0.7566371681416246,0.8628318584071158,0.13716814159288418,0.8628318584071158,1.3969155449468953,1.9287131348628561,2.301785383577184,0.6666666666666666,3.498432219076044,3.9982082503726075,0.8333333333333334,4.1530684290842625,4.772509143930682,0.6666666666666666,5.631279225876914,4.709157252639664,0.625,False,True,0.0844691883881572,0.8728482800108911,False,True,0.0844691883881572,1.0136302606577865,False,True,0.0844691883881572,1.8160875503452798,False,True,0.0844691883881572,2.146925204865529,False
USDJPY,baseline,現行HYBRID。追加の騙し回避なし,0,2019-06-20 00:00:00,2019-06-20 01:00:00,2019-06-25 04:00:00,short,3m,107.815,107.642,107.92834605485099,106.78296183544701,106.78296183544701,2.999999999999993,2.965077220968885,75,TP,107.641,0.14317302742549776,1.2153127102836176,3.5830771285949967,3.2897257847333106,0.9181286549707303,0.9317738791422798,0.06822612085772016,0.9317738791422798,1.5180795673108132,1.0127605919031304,3.045266331515355,0.3333333333333333,3.394494121826735,2.2699806370240183,0.3333333333333333,4.134857037286963,5.7762276517505375,0.5,5.007926513065462,6.307053893023819,0.5833333333333334,False,False,0.2095366741868477,0.6286100225605432,False,True,1.0406988151279772,0.6286100225605432,False,True,1.0406988151279772,0.6286100225605432,False,True,1.0406988151279772,1.2222972660899782,False
USDJPY,baseline,現行HYBRID。追加の騙し回避なし,0,2019-09-05 14:00:00,2019-09-05 15:00:00,2019-09-06 12:00:00,long,3m,106.973,107.046,106.73734961627513,107.97195115117465,106.73734961627513,-0.9999999999999974,-1.0323991173421112,21,SL,107.046,0.15432519186244104,0.4730271131953403,2.254978567013165,1.0497314018854815,0.46551724137932937,0.46551724137932937,0.5344827586206706,0.46551724137932937,1.3408735263093665,2.203139979265672,2.5854495639030386,0.6666666666666666,3.201032793403753,3.2399117342143264,0.6666666666666666,3.7906967290307216,2.4364136241292043,0.5,5.404172772669425,5.579128006317098,0.5416666666666666,True,False,0.7775788162114678,0.025919293873654204,True,False,0.8812559917063609,0.025919293873654204,True,False,1.101569989632882,0.025919293873654204,True,False,1.101569989632882,0.025919293873654204,True
USDJPY,baseline,現行HYBRID。追加の騙し回避なし,0,2020-01-02 15:00:00,2020-01-02 16:00:00,2020-01-02 17:00:00,short,3m,108.427,108.272,108.48595019113746,107.63014942658762,108.48595019113746,-0.999999999999986,-1.0467398507420032,1,SL,108.271,0.1069750955687298,1.458283343152317,4.393545969753599,3.757883999661607,0.8553191489361744,0.8723404255319097,0.12765957446809026,0.8723404255319097,1.7092385410079187,1.5985028953783684,4.814204626432152,0.6666666666666666,2.1406851639863254,5.3002990741495015,0.6666666666666666,2.1406851639863254,4.066367014559213,0.5,2.8885227758592644,5.188123432368554,0.5416666666666666,True,False,1.6171988356752816,0.11217564178094747,True,False,2.6361275818521324,0.11217564178094747,True,False,2.6828674325942825,0.11217564178094747,True,False,2.795043074375097,0.11217564178094747,True
USDJPY,baseline,現行HYBRID。追加の騙し回避なし,0,2020-01-13 09:00:00,2020-01-13 10:00:00,2020-01-17 00:00:00,long,3m,109.707,109.848,109.70838979397175,110.26683061808474,110.26683061808474,2.9999999999999627,2.9283719988352948,86,TP,109.848,0.06980510301412429,2.0199096328455464,2.8651200465893596,2.249119236572565,0.7849999999999713,0.8349999999999961,0.16500000000000392,0.8349999999999961,0.6047899819754575,1.1746992191015295,3.208934452180091,0.6666666666666666,1.432560023294578,3.3808416549754567,0.6666666666666666,3.5814000582366488,5.687263292479878,0.6666666666666666,3.8106096619636673,2.979724848452869,0.5416666666666666,False,True,0.22920960372722207,1.0744200174710352,False,True,0.22920960372722207,1.0744200174710352,False,True,0.22920960372722207,1.0744200174710352,False,True,0.7019544114142741,1.3036296211980538,False
USDJPY,baseline,現行HYBRID。追加の騙し回避なし,0,2020-02-28 15:00:00,2020-02-28 16:00:00,2020-02-28 16:00:00,short,3m,108.308,107.928,108.46911335523119,106.30465993430641,108.46911335523119,-0.9999999999999891,-1.0184804161703096,0,SL,107.929,0.2705566776155977,1.4008155457115776,2.6094347632516235,1.8036886182249088,0.6912181303116111,0.7492917847025412,0.25070821529745885,0.7492917847025412,1.4248071851782083,1.7962964517567386,2.7720624255505797,1.0,1.7962964517567386,2.7794545920186975,0.6666666666666666,3.5112790723640255,4.490741129391951,0.75,7.2628035549424785,7.6952452933283855,0.6666666666666666,False,False,2.1030713601843827,0.47309865396063266,False,False,2.1030713601843827,0.47309865396063266,False,False,2.1030713601843827,0.47309865396063266,False,False,2.1030713601843827,1.5486588750742458,False
USDJPY,baseline,現行HYBRID。追加の騙し回避なし,0,2020-03-08 21:00:00,2020-03-08 22:00:00,2020-03-09 01:00:00,short,long,104.453,104.425,105.14021951390326,102.27934145829019,102.27934145829019,2.9999999999999987,2.9860182785765765,3,TP,104.423,0.35760975695163466,0.08389032854061228,0.6179920869158305,0.5928249883536468,0.9592760180995467,0.040723981900453364,0.9592760180995467,0.040723981900453364,1.4403501044769491,1.1073523367360423,2.141999722070194,0.6666666666666666,1.3785977323506622,2.4663756590939214,0.5,2.0776838035224445,2.8131223503950924,0.5,3.772268440042733,4.868435399640013,0.5416666666666666,False,True,0.4837675612508509,2.5334879219264113,False,True,0.4837675612508509,2.5334879219264113,False,True,0.4837675612508509,2.5334879219264113,False,True,0.4837675612508509,8.025508097051617,False
USDJPY,baseline,現行HYBRID。追加の騙し回避なし,0,2020-04-28 09:00:00,2020-04-28 10:00:00,2020-04-30 14:00:00,short,3m,106.915,106.738,106.98530273898795,105.99609178303614,106.98530273898795,-1.0000000000000089,-1.040436268683948,52,SL,106.739,0.12365136949397627,1.4233566576759658,3.6716131965050702,2.466612389722467,0.6718061674008533,0.7202643171806005,0.27973568281939953,0.7202643171806005,1.0229502457863089,2.102685971566786,3.970841584766426,0.6666666666666666,2.612182956984786,4.359029764132609,0.8333333333333334,2.7577535242471045,4.124499405765463,0.5,2.9194985989830906,3.5341298829794705,0.5,False,True,0.12130880605193216,0.6631548064172674,False,True,0.12130880605193216,1.4557056726231858,False,True,0.12130880605193216,1.4557056726231858,True,False,1.8762428669364741,1.4557056726231858,False
USDJPY,baseline,現行HYBRID。追加の騙し回避なし,0,2020-06-02 12:00:00,2020-06-02 13:00:00,2020-06-04 05:00:00,long,3m,108.088,108.305,108.043984874819,109.08804537554302,109.08804537554302,2.9999999999999982,2.9616880439665834,40,TP,108.301,0.13050756259050197,1.6320893270250203,4.375225379019943,3.0343069178492246,0.6935201401050827,0.7057793345008884,0.29422066549911163,0.7057793345008884,1.198640098089475,1.95390975770601,4.513148420740367,0.6666666666666666,1.95390975770601,3.9921058186854674,0.6666666666666666,3.202879524396446,5.616532754503761,0.6666666666666666,3.2488538716365873,4.536135594360438,0.5833333333333334,False,True,-0.015324782413344175,1.3102688963439215,False,True,0.15324782413376842,2.758460834408376,False,True,0.15324782413376842,2.758460834408376,False,True,0.15324782413376842,3.608986258350992,False
USDJPY,baseline,現行HYBRID。追加の騙し回避なし,0,2020-07-24 00:00:00,2020-07-24 01:00:00,2020-07-24 13:00:00,short,3m,106.638,106.528,106.73542360016847,105.90572919949462,105.90572919949462,3.0000000000000018,2.951789478189228,12,TP,106.529,0.10371180008423166,1.050989375475908,3.2590312744113445,3.0372628740814838,0.9319526627218645,0.9467455621301768,0.05325443786982323,0.9467455621301768,1.1248702982776322,1.1763367321839473,2.8926313086490256,0.6666666666666666,1.8223577244489726,1.9766313942435032,0.5,4.9946100596007055,6.411999400838795,0.6666666666666666,4.9946100596007055,6.035957330714404,0.625,False,True,0.7038736184380087,0.6074525748163242,False,True,0.7038736184380087,0.6074525748163242,False,True,0.7038736184380087,1.6198735328433942,False,True,0.7038736184380087,2.130905064038034,False
USDJPY,baseline,現行HYBRID。追加の騙し回避なし,0,2021-03-26 08:00:00,2021-03-26 09:00:00,2021-03-30 06:00:00,long,3m,109.364,109.472,109.29748457660934,109.99554627017199,109.99554627017199,3.0000000000000138,2.9426984744058813,45,TP,109.473,0.08725771169533145,1.2491732579531591,1.7648869883008385,1.6846648524690857,0.9545454545455133,0.9610389610389587,0.03896103896104136,0.9610389610389587,0.8984219347474945,1.6732045473501942,2.567108346619505,0.6666666666666666,2.1545373623411987,2.739012923402065,0.8333333333333334,2.865076279709221,3.323488484462605,0.6666666666666666,3.885043435285688,3.976725876236332,0.5833333333333334,False,False,1.0428877658140874,0.27504732285209565,False,True,1.0428877658140874,1.512760275686526,False,True,1.0428877658140874,3.300567874224985,False,True,1.0428877658140874,4.2861541144449395,False
USDJPY,baseline,現行HYBRID。追加の騙し回避なし,0,2021-04-19 07:00:00,2021-04-19 08:00:00,2021-04-20 06:00:00,short,3m,108.405,108.221,108.45466741836843,107.51999774489471,108.45466741836843,-0.9999999999999745,-1.0427958680324765,22,SL,108.221,0.1168337091842163,1.5748879435974892,3.0385066303104487,2.9101190262128207,0.9577464788732383,0.9577464788732383,0.042253521126761694,0.9577464788732383,1.108096592719981,1.9086957142514436,3.774595560470142,0.3333333333333333,2.6191071235916112,3.6205304355529884,0.5,3.2011309288341514,4.89584730292272,0.6666666666666666,4.31382349768018,5.743205489966942,0.7083333333333334,False,True,0.11126925688452985,1.6005654644170149,False,True,0.11126925688452985,1.8059856309732196,False,True,0.11126925688452985,1.8059856309732196,False,False,0.7532072773726699,1.8059856309732196,False
USDJPY,baseline,現行HYBRID。追加の騙し回避なし,0,2021-05-27 15:00:00,2021-05-27 16:00:00,2021-05-31 14:00:00,long,3m,109.784,109.817,109.57960154585932,110.52919536242202,109.57960154585932,-1.000000000000005,-1.0421232734483876,46,SL,109.819,0.11869922707033649,0.29486291413891824,1.5417118082121473,0.8593147783478209,0.5573770491803711,0.8142076502732614,0.1857923497267386,0.8142076502732614,1.3399478004553518,4.47349164022236,3.9174644307031814,1.0,5.61082002332977,5.189587288845464,0.8333333333333334,5.998354139055178,6.41116221884964,0.6666666666666666,6.3100663625735445,6.023628103124231,0.5,False,True,0.07582189220716067,0.87616408772715,False,True,0.07582189220716067,0.87616408772715,False,False,0.5223285907604003,0.87616408772715,True,True,0.5476025548294539,0.87616408772715,False
USDJPY,baseline,現行HYBRID。追加の騙し回避なし,0,2021-06-16 18:00:00,2021-06-16 19:00:00,2021-06-17 14:00:00,long,3m,110.329,110.505,110.28150658542359,111.17548024372923,110.28150658542359,-1.0000000000000089,-1.0447440476890386,19,SL,110.505,0.11174670728820403,1.574990478655298,4.778664293192653,4.778664293192653,1.0,1.0,0.0,1.0,1.3971791188906104,0.876983334705772,5.637750008822839,0.3333333333333333,1.5839392881931547,5.700391675587582,0.5,2.9352095284030493,4.080657149243128,0.4166666666666667,3.0157488142433793,3.669011910503748,0.5,False,True,0.9306761919326587,1.225986906680535,False,True,0.9306761919326587,1.9329428601679177,False,True,0.9306761919326587,1.9329428601679177,False,True,0.9306761919326587,2.836772623487133,False
USDJPY,baseline,現行HYBRID。追加の騙し回避なし,0,2021-08-03 12:00:00,2021-08-03 13:00:00,2021-08-04 08:00:00,short,3m,109.063,109.035,109.21781827132065,108.48654518603801,109.21781827132065,-0.9999999999999645,-1.054699127870236,19,SL,109.036,0.09140913566033118,0.2953752904997461,1.7066127895539331,1.4768764524987306,0.8653846153846942,0.9487179487179744,0.051282051282025586,0.9487179487179744,0.9245110113500996,0.9845843016658203,1.59721453381339,0.6666666666666666,1.6409738361097006,1.0611630806841694,0.6666666666666666,2.5817988354792103,2.964692730571422,0.6666666666666666,4.879162206032791,5.458972961458011,0.5833333333333334,False,True,-0.010939825574116492,1.76131191742436,False,True,-0.010939825574116492,1.76131191742436,True,False,0.7329683134622292,1.76131191742436,True,False,1.3127790688877605,1.76131191742436,True
USDJPY,baseline,現行HYBRID。追加の騙し回避なし,0,2021-09-15 08:00:00,2021-09-15 09:00:00,2021-09-16 12:00:00,short,3m,109.412,109.325,109.50389808103407,108.78830575689781,109.50389808103407,-1.0000000000000075,-1.0558977488310133,27,SL,109.325,0.08944904051703094,0.9726208296604216,1.7551893132951377,1.2856482231142445,0.7324840764331049,0.8789808917197077,0.12101910828029225,0.8789808917197077,1.2007798610586156,2.2470895030084015,2.895503389448735,1.0,2.6271941950596536,3.353864929863364,0.6666666666666666,3.5998150247199163,4.013458366069804,0.5,8.272866826996319,7.971018983308602,0.5,False,False,0.4695410901808932,0.7043116352713398,False,True,0.4695410901808932,1.1403140761535977,False,True,0.4695410901808932,1.1738527254522328,False,True,1.1403140761535977,2.381244100203101,False
USDJPY,baseline,現行HYBRID。追加の騙し回避なし,0,2021-11-09 02:00:00,2021-11-09 03:00:00,2021-11-10 08:00:00,short,3m,113.0,112.945,113.16742008025646,112.27773975923057,113.16742008025646,-0.9999999999999752,-1.0449599693896985,29,SL,112.945,0.11121004012823751,0.49455966328746687,1.8433587449803144,1.6635188674212935,0.9024390243902625,0.9024390243902625,0.0975609756097375,0.9024390243902625,0.9305999027606499,1.8433587449803144,2.787518102165397,0.6666666666666666,1.8703347266141739,2.5357422735827932,0.6666666666666666,3.111229881771711,1.528638959251996,0.5833333333333334,5.269308412480472,5.979675928838686,0.5833333333333334,False,True,0.19782386531501228,1.3308150939369836,False,True,0.19782386531501228,1.3308150939369836,False,True,0.19782386531501228,1.9962226409054755,False,True,0.5215356449213263,1.9962226409054755,False
USDJPY,baseline,現行HYBRID。追加の騙し回避なし,0,2021-11-16 20:00:00,2021-11-16 21:00:00,2021-11-17 13:00:00,long,3m,114.7,114.823,114.58309492319998,115.54271523040005,114.58309492319998,-0.9999999999999746,-1.0416831529093509,16,SL,114.822,0.11995253840000991,1.0170689309897072,1.7757023139411152,1.058752083899202,0.5962441314554213,0.9154929577464789,0.08450704225352113,0.9154929577464789,1.089827530378167,1.0420788227353568,1.7006726387041666,0.6666666666666666,2.3676030852546623,1.7590290527772698,0.6666666666666666,4.743542801091247,5.402136617060057,0.6666666666666666,5.168710960767289,5.468829661715201,0.6666666666666666,False,False,0.5418809878223666,0.20841576454700025,False,True,0.5418809878223666,0.20841576454700025,False,True,0.5418809878223666,1.2254846955367076,False,False,1.0337421921535526,1.2254846955367076,False
USDJPY,baseline,現行HYBRID。追加の騙し回避なし,0,2022-04-11 06:00:00,2022-04-11 07:00:00,2022-04-12 12:00:00,long,3m,125.097,125.426,125.03798616832118,126.59004149503644,125.03798616832118,-1.0000000000000127,-1.0257722771292173,29,SL,125.426,0.19400691583940707,1.695815835103238,2.3968217730182158,2.206106922261897,0.9204301075268692,0.980645161290322,0.01935483870967801,0.980645161290322,1.1934187761374513,1.257687123906322,2.8968039493252076,0.6666666666666666,3.9792395887528222,4.293661369729366,0.8333333333333334,5.396714830860388,5.453413840544667,0.6666666666666666,5.690518790133598,6.999750468298329,0.6666666666666666,False,False,1.5514910831795317,0.01030891085166715,False,False,1.5514910831795317,0.01030891085166715,False,False,1.5514910831795317,0.06700792053594634,False,True,1.5514910831795317,1.7731326664908516,False
USDJPY,baseline,現行HYBRID。追加の騙し回避なし,0,2022-05-24 13:00:00,2022-05-24 14:00:00,2022-05-25 07:00:00,short,3m,126.941,126.695,127.24418199358605,125.0474540192418,127.24418199358605,-0.9999999999999911,-1.018208899994495,17,SL,126.694,0.27459099679303267,0.8995196597293067,2.8952150991287477,1.962919419409303,0.6779874213836482,0.7308176100628954,0.26918238993710464,0.7308176100628954,1.0875131615720228,1.194503839640548,2.7677527991670656,0.6666666666666666,2.024829679390709,2.1522919793522877,0.6666666666666666,3.656347118899711,4.60685169861366,0.6666666666666666,3.656347118899711,3.182915719042146,0.625,False,True,0.029134239991216473,1.2199962996328948,False,True,0.029134239991216473,1.2199962996328948,False,True,0.029134239991216473,1.2199962996328948,False,False,0.7101470997862702,1.2199962996328948,False
USDJPY,baseline,現行HYBRID。追加の騙し回避なし,0,2022-07-28 12:00:00,2022-07-28 13:00:00,2022-07-29 06:00:00,short,3m,134.74,134.71,135.39964256251477,132.64107231245572,132.64107231245572,2.99999999999998,2.9854997348720187,17,TP,134.71,0.3448212812573837,0.08700159076785155,3.372761668766949,2.894252919543724,0.8581255374032511,0.8641444539982683,0.13585554600173172,0.8641444539982683,1.4555142394698017,1.3050238615176908,2.064837754223567,0.0,1.5921291110515596,2.2533412008872316,0.16666666666666666,3.8164697816829505,4.199276781061415,0.4166666666666667,6.847025193429628,6.452617981948729,0.4583333333333333,False,True,0.5394098627605972,1.0701195664445329,False,True,0.5394098627605972,1.0701195664445329,False,True,0.5394098627605972,1.0875198845981031,False,True,0.5394098627605972,1.0875198845981031,False
USDJPY,baseline,現行HYBRID。追加の騙し回避なし,0,2022-08-22 15:00:00,2022-08-22 16:00:00,2022-08-23 07:00:00,long,3m,137.462,137.571,137.0539112769382,139.12226616918534,137.0539112769382,-1.0000000000000182,-1.0193390409691947,15,SL,137.57,0.25854436153088994,0.4177232849346074,1.860415741236447,1.4929739628217644,0.8024948024948027,0.8399168399168419,0.16008316008315812,0.8399168399168419,1.1633994470771842,1.5355198529539746,1.512313003790941,0.6666666666666666,2.444454778506148,3.109717787846412,0.5,2.6223739554227032,1.2841123203544607,0.5,2.846706830665326,2.12729450661128,0.5416666666666666,True,False,0.8161075288999284,0.05801712290763933,True,False,0.850917802644534,0.05801712290763933,True,False,0.850917802644534,0.05801712290763933,True,False,0.850917802644534,0.05801712290763933,True
USDJPY,baseline,現行HYBRID。追加の騙し回避なし,0,2022-11-10 13:00:00,2022-11-10 14:00:00,2022-11-10 21:00:00,short,3m,145.105,143.707,144.5892622828638,141.0602131514085,141.0602131514085,2.9999999999999996,2.9886655020913606,7,TP,143.709,0.44113114143191495,3.164591816094779,7.031922502525868,5.7873946321561895,0.8230174081237892,0.8249516441005784,0.17504835589942155,0.8249516441005784,1.529982498571191,0.8228845481679187,6.218105552684847,0.3333333333333333,1.0813111004851264,5.875803715843623,0.3333333333333333,1.2241257741340774,5.732989042194672,0.5,2.3054368746192035,6.13423026816083,0.5,False,True,0.37177153140365937,4.336578899849144,False,True,0.37177153140365937,4.905570694863337,False,True,0.37177153140365937,5.084655761819944,False,True,0.37177153140365937,5.084655761819944,False
USDJPY,baseline,現行HYBRID。追加の騙し回避なし,0,2022-12-20 03:00:00,2022-12-20 04:00:00,2023-01-03 01:00:00,short,3m,133.618,133.44,134.55822472285703,130.0853258314289,130.0853258314289,3.0000000000000018,2.9910572537026017,237,TP,133.443,0.5591123614285177,0.3129961204092545,7.714012956144293,6.628363555638895,0.859262694180379,0.9204729886389945,0.07952701136100543,0.9204729886389945,1.7434177245029452,0.8960631790003044,6.93778257752922,0.6666666666666666,1.3628745357250018,6.186591888546908,0.6666666666666666,1.7152187398428873,6.31715598448908,0.5,3.0816703740868694,5.04192036247869,0.5,False,True,0.2593396426248036,0.6063181989642696,False,True,0.2593396426248036,0.9264685164114848,False,True,0.45429151190831696,1.3807600283198527,False,True,0.45429151190831696,2.5880307784699212,False
USDJPY,baseline,現行HYBRID。追加の騙し回避なし,0,2023-05-18 07:00:00,2023-05-18 08:00:00,2023-05-19 15:00:00,long,3m,137.772,137.811,137.43278317450904,138.94565047647288,137.43278317450904,-1.0000000000000158,-1.026439860223077,31,SL,137.811,0.18910841274548018,0.20623090974014754,1.845502243571442,1.4541923122697162,0.787965616045821,0.8252148997134559,0.17478510028654415,0.8252148997134559,1.0775256702125948,1.8983819640175643,1.115762101414263,0.6666666666666666,2.421891196434596,2.411315252345462,0.6666666666666666,2.421891196434596,1.0311545487002869,0.6666666666666666,5.208652463947707,4.36786490885364,0.75,True,False,0.35958209903402244,0.6609965055771301,True,False,0.6028288130863655,0.6609965055771301,True,False,0.6186927292202923,0.6609965055771301,True,True,0.6186927292202923,3.236238891305601,True
USDJPY,baseline,現行HYBRID。追加の騙し回避なし,0,2023-06-15 01:00:00,2023-06-15 02:00:00,2023-06-15 13:00:00,long,3m,140.932,141.004,140.47795105206572,142.58214684380283,140.47795105206572,-0.9999999999999905,-1.0190096378659335,11,SL,141.004,0.26302447396713796,0.27373878526983897,2.611924242782993,2.437035574416079,0.9330422125181661,0.9446870451237114,0.05531295487628859,0.9446870451237114,1.4001515643760962,1.6880558424972323,3.714483239008661,0.3333333333333333,2.946493869223763,4.0338451551566985,0.6666666666666666,4.193526113230771,5.649664373763369,0.5833333333333334,4.193526113230771,3.6156331221056277,0.5416666666666666,False,True,0.7755932249311024,0.292748423135782,False,True,0.7755932249311024,0.3079561334286229,False,True,0.7755932249311024,1.228022606141065,False,True,0.7755932249311024,1.8971618590228216,False
USDJPY,baseline,現行HYBRID。追加の騙し回避なし,0,2023-07-12 12:00:00,2023-07-12 13:00:00,2023-07-14 01:00:00,short,3m,139.281,139.269,139.81535255873052,137.62994232380842,137.62994232380842,3.0000000000000155,2.9816968002799915,36,TP,139.271,0.27317627936526256,0.0366063994401519,3.192078031175024,0.9005174262260305,0.2821100917431346,0.42431192660551675,0.5756880733944832,0.42431192660551675,1.089410503656161,0.9773908650501518,1.3617580591710705,0.6666666666666666,1.632645415027612,0.6332907103134106,0.5,3.122525872238954,1.7058582139078116,0.5833333333333334,6.021752707893387,4.4220530523619015,0.625,False,True,0.32945759496074284,1.6875550141876836,False,True,0.32945759496074284,3.272612109943171,False,True,0.32945759496074284,4.081613537568978,False,True,0.32945759496074284,4.081613537568978,False
USDJPY,baseline,現行HYBRID。追加の騙し回避なし,0,2023-10-25 20:00:00,2023-10-25 21:00:00,2023-10-26 06:00:00,long,3m,150.159,150.182,150.01168579474196,150.6929426157741,150.6929426157741,2.999999999999995,2.9412849915552184,9,TP,150.199,0.08515710262901653,0.469720067558884,3.1118954475758542,1.7027352449002036,0.5471698113208215,0.5622641509434286,0.43773584905657137,0.5622641509434286,0.9143313825428341,2.289885329348308,2.501259359750039,1.0,2.289885329348308,3.21758246277672,1.0,2.289885329348308,3.4172134914894294,0.75,3.100152445886832,3.6168445202018047,0.6666666666666666,True,False,1.6675062398334708,-0.1878880270236871,True,False,1.6675062398334708,-0.14091602026759845,True,False,1.6675062398334708,-0.10568701520086571,True,True,1.843651265167802,2.7830914002849023,True
USDJPY,baseline,現行HYBRID。追加の騙し回避なし,0,2023-11-13 04:00:00,2023-11-13 05:00:00,2023-11-13 15:00:00,long,3m,151.716,151.759,151.55392437037438,152.3742268888768,151.55392437037438,-1.00000000000005,-1.0487624981001291,10,SL,151.759,0.10253781481280043,0.41935748366084735,1.0630224585827797,0.8972299650421223,0.8440366972474959,0.8440366972474959,0.15596330275250408,0.8440366972474959,0.8307285482985329,1.4141124449036824,1.9017374259047515,0.3333333333333333,2.7404523932270006,2.984264883727396,0.6666666666666666,2.7404523932270006,2.0382724205849176,0.6666666666666666,4.008277343830168,3.969267345349883,0.5833333333333334,False,True,0.1755449931601742,0.32183248746096615,False,False,0.34133748670083147,0.39009998480118785,False,False,0.8582199665621144,0.39009998480118785,True,False,0.8582199665621144,0.9264874639026133,False
USDJPY,baseline,現行HYBRID。追加の騙し回避なし,0,2023-12-28 07:00:00,2023-12-28 08:00:00,2023-12-28 17:00:00,short,3m,140.956,140.82,141.2919765295996,139.4040704112012,141.2919765295996,-1.0000000000000093,-1.021187494235103,9,SL,140.82,0.23598826479979843,0.5762998431950496,1.830599501913694,1.2839621506478236,0.7013888888889022,0.7430555555555716,0.25694444444442843,0.7430555555555716,1.1354398110585895,1.0636122106026824,1.6229620584096813,1.0,2.22892439353391,2.4450368347320084,0.8333333333333334,4.479036281302793,4.512936272079015,0.75,7.479185464994758,8.326685234399342,0.6666666666666666,False,False,1.0678497094497252,0.46188737432537597,False,True,1.0678497094497252,0.6144373328181939,False,True,1.0678497094497252,0.7288498016878675,True,False,1.339049635659139,0.7288498016878675,False
USDJPY,baseline,現行HYBRID。追加の騙し回避なし,0,2024-01-11 13:00:00,2024-01-11 14:00:00,2024-01-11 15:00:00,long,3m,145.993,146.244,145.6980578063381,147.8818265809857,145.6980578063381,-0.9999999999999799,-1.0183169575754991,1,SL,146.246,0.27297109683094883,0.9268380533221705,4.744092012063864,3.15051670299223,0.6640926640926664,0.9868725868725902,0.013127413127409806,0.9868725868725902,1.0349904000054835,1.018422841199871,3.05160513208428,0.0,1.018422841199871,3.0772488726900487,0.3333333333333333,1.1539683272588594,3.231111316324556,0.4166666666666667,2.4984330133031607,3.4875487223820345,0.5416666666666666,True,False,1.8976368048255248,0.6154497745379265,True,False,2.2090250836096645,0.6154497745379265,True,False,2.2090250836096645,0.6154497745379265,True,False,2.9526935611764342,0.6154497745379265,True
USDJPY,baseline,現行HYBRID。追加の騙し回避なし,0,2024-04-10 12:00:00,2024-04-10 13:00:00,2024-04-10 20:00:00,long,3m,151.97,152.384,152.16041163824463,153.0547650852661,153.0547650852661,2.9999999999999374,2.9552749529470335,7,TP,152.382,0.11179418087768762,3.685343877162706,6.672977020299447,4.866085119360493,0.7292225201072444,0.8176943699731984,0.18230563002680159,0.8176943699731984,1.0511761220087854,0.5724806022778846,4.6961299405592545,0.6666666666666666,0.9839510351649075,5.39384067458522,0.6666666666666666,1.815836910349585,5.903706210988682,0.6666666666666666,2.8176779643355014,5.4832907686910275,0.5833333333333334,False,True,0.1341751411589666,2.80873295492487,False,True,0.1341751411589666,3.5243337077720986,False,True,0.1341751411589666,5.018150279340468,False,True,0.1341751411589666,5.367005646353324,False
USDJPY,baseline,現行HYBRID。追加の騙し回避なし,0,2024-06-14 03:00:00,2024-06-14 04:00:00,2024-06-14 08:00:00,long,3m,157.707,157.819,157.30738278097425,159.35385165707723,157.30738278097425,-0.9999999999999755,-1.019545862860169,4,SL,157.819,0.25580860951287493,0.43782732806871294,4.63236949787009,1.9389495957328875,0.41856540084386495,0.8641350210970455,0.1358649789029545,0.8641350210970455,1.3477287433789944,1.0593857670234006,2.4119594769500377,1.0,1.4933039225201636,3.1977031639305067,1.0,2.513597963823177,4.0889945103561764,0.75,2.9475161193198294,3.182066473642374,0.6666666666666666,False,True,0.14463938516547659,0.5433749875139136,False,True,0.14463938516547659,1.4463938516556547,False,True,0.7583794789761535,1.7043992414104538,True,False,3.5143461422659974,1.7043992414104538,False
USDJPY,baseline,現行HYBRID。追加の騙し回避なし,0,2024-06-26 10:00:00,2024-06-26 11:00:00,2024-06-26 13:00:00,long,long,160.203,160.302,160.0302599387829,161.11722018365128,160.0302599387829,-0.9999999999999776,-1.036799873950112,2,SL,160.3,0.1358700306085469,0.713917554633322,2.6275110000419932,2.288952159700504,0.8711484593837749,0.8711484593837749,0.12885154061622509,0.8711484593837749,0.9124653338721314,1.7737539243979925,2.9660698403836916,1.0,2.3331120084404984,4.040626159728499,0.8333333333333334,3.3193486303051087,4.62942414293128,0.8333333333333334,5.652460638745817,6.410538042119342,0.625,False,True,0.7065575798432532,0.6918376302631157,False,True,0.7065575798432532,0.6918376302631157,False,True,2.1196727395297597,2.391991806760839,False,True,2.1196727395297597,3.834546865607411,False
USDJPY,baseline,現行HYBRID。追加の騙し回避なし,0,2024-09-04 23:00:00,2024-09-05 00:00:00,2024-09-05 14:00:00,short,3m,143.444,143.334,143.93790732842683,141.52227801471955,143.93790732842683,-1.0000000000000213,-1.0165588320083048,14,SL,143.335,0.30195366421340775,0.360982537780843,1.6625067336332031,0.9438534244730045,0.567729083665321,0.6972111553784615,0.30278884462153854,0.6972111553784615,1.148152659443795,1.2021712038025654,1.288277130245564,1.0,2.0400481034224236,2.440771838023185,0.8333333333333334,5.649873481231513,5.133237922572485,0.75,6.765938758590797,6.716262262565852,0.6666666666666666,True,False,1.5465949095750307,0.12253535686142938,True,False,1.64263613522315,0.12253535686142938,True,False,1.881083316142658,0.12253535686142938,True,False,1.881083316142658,0.12253535686142938,True
USDJPY,baseline,現行HYBRID。追加の騙し回避なし,0,2024-09-16 03:00:00,2024-09-16 04:00:00,2024-09-16 15:00:00,short,long,140.248,140.12,140.74206313743548,138.25381058769358,140.74206313743548,-0.9999999999999923,-1.016075538636178,11,SL,140.12,0.31103156871774,0.41153378908668087,1.594693432711094,1.3278394913500837,0.8326612903225297,0.8528225806451489,0.14717741935485107,0.8528225806451489,0.917784194433913,1.3728509995314766,1.3021186295322231,0.6666666666666666,1.53039127816626,1.8647624817991768,0.6666666666666666,2.1509070695236283,1.7425883881641113,0.5,3.6362868395084953,2.752132214517464,0.5833333333333334,False,False,0.5787193909032307,0.5529985290852788,False,False,0.5787193909032307,0.5529985290852788,False,True,0.5787193909032307,1.2731826599871074,False,False,0.5787193909032307,1.7490186036186222,False
EURJPY,baseline,現行HYBRID。追加の騙し回避なし,0,2015-03-04 08:00:00,2015-03-04 09:00:00,2015-03-06 09:00:00,short,3m,133.43,133.21,133.6729161907723,131.82125142768314,131.82125142768314,2.9999999999999907,2.972997271970248,48,TP,133.22,0.1851664763089167,1.1341145772502634,3.4023437317506366,2.9162946272148096,0.8571428571428507,0.8571428571428507,0.1428571428571493,0.8571428571428507,0.9503233205406654,1.2961309454287189,2.322234610560012,0.6666666666666666,1.2961309454287189,2.430245522678982,0.5,1.5661582257264517,2.7542782590362003,0.5833333333333334,3.510354643869607,3.8883928362864637,0.625,False,True,-0.05400545605948519,1.6201636817860905,False,True,-0.05400545605948519,1.6201636817860905,False,True,-0.05400545605948519,1.6201636817860905,False,True,-0.05400545605948519,3.132316451453057,False
EURJPY,baseline,現行HYBRID。追加の騙し回避なし,0,2015-09-01 08:00:00,2015-09-01 09:00:00,2015-09-02 00:00:00,short,3m,135.27,135.06,135.64055102380337,133.3183469285899,135.64055102380337,-1.0000000000000073,-1.0215312685491478,15,SL,135.11,0.23222040952134482,0.6890005935731071,3.7033781904555885,3.4019404307672545,0.9186046511627669,0.9186046511627669,0.08139534883723312,0.9186046511627669,0.8472755722558459,1.2488135758512489,3.4450029678655354,0.6666666666666666,1.722501483932829,3.9617534130453964,0.5,1.722501483932829,3.4019404307672545,0.4166666666666667,2.325377003309374,3.4019404307672545,0.4583333333333333,False,True,0.21531268549152713,1.205751038752968,True,False,1.3780011871462141,1.205751038752968,True,True,1.3780011871462141,1.205751038752968,True,True,1.3780011871462141,1.9378141694244784,True
EURJPY,baseline,現行HYBRID。追加の騙し回避なし,0,2015-11-15 23:00:00,2015-11-16 00:00:00,2015-11-16 09:00:00,short,3m,131.51,131.38,131.89271990977875,129.84184027066374,131.89271990977875,-1.0000000000000029,-1.0243797827265653,9,SL,131.38,0.20508796391150041,0.6338743508911769,0.78015304725069,0.04875956545312482,0.06249999999994449,0.6249999999999778,0.3750000000000222,0.6249999999999778,1.1134007815809237,0.78015304725069,1.8528634872204062,0.6666666666666666,1.3165082672356174,1.8528634872204062,0.3333333333333333,4.144563063519351,2.925573927190122,0.5,5.363552199848581,5.607350027114482,0.5833333333333334,False,True,0.0,3.4619291471750495,False,True,0.0,3.4619291471750495,False,True,0.24379782726590127,3.4619291471750495,False,True,0.24379782726590127,3.4619291471750495,False
EURJPY,baseline,現行HYBRID。追加の騙し回避なし,0,2015-12-31 18:00:00,2016-01-03 23:00:00,2016-01-04 14:00:00,short,3m,131.02,130.71,131.1961091642853,129.2516725071441,129.2516725071441,2.999999999999981,2.9742856113021943,15,TP,130.65,0.19444366571412322,1.902864763637965,0.15428633218686597,0.10285755479114654,0.666666666666035,1.0,0.0,1.0,1.3758972038370945,0.6171453287474639,5.142877739562004,0.3333333333333333,1.131433102703635,5.245735294353151,0.3333333333333333,2.108579873220404,5.862880623100614,0.4166666666666667,2.3657237601984167,4.885733852583845,0.375,False,True,0.30857266437373193,0.9257179931211958,False,True,0.30857266437373193,0.9257179931211958,False,True,0.30857266437373193,1.5942920992642329,False,True,0.30857266437373193,3.445728085506625,False
EURJPY,baseline,現行HYBRID。追加の騙し回避なし,0,2016-02-18 20:00:00,2016-02-18 21:00:00,2016-02-23 01:00:00,short,3m,125.82,125.65,126.24253963549344,123.87238109351968,123.87238109351968,2.999999999999996,2.978904364786363,50,TP,125.66,0.23701585419737733,0.6750603268368494,1.940798439656017,1.43450319452835,0.7391304347826033,0.8260869565217458,0.17391304347825415,0.8260869565217458,0.9963711762317108,1.3501206536737589,1.940798439656017,0.6666666666666666,1.7720333579467746,2.5314762256382752,0.6666666666666666,3.965979420166565,3.755023068030057,0.6666666666666666,5.35829134426759,4.30350958358505,0.625,False,False,0.506295245127667,0.2531476225638335,True,False,0.8860166789734173,0.2531476225638335,True,False,1.1391643015372508,0.2531476225638335,True,True,1.1391643015372508,1.2235468423917821,True
EURJPY,baseline,現行HYBRID。追加の騙し回避なし,0,2016-02-29 22:00:00,2016-02-29 23:00:00,2016-03-01 07:00:00,short,3m,122.45,122.28,122.92608776352492,120.34173670942523,122.92608776352492,-0.9999999999999931,-1.0193472167492954,8,SL,122.28,0.25843510540996883,0.6578053694768828,2.1668882759238364,0.9286664039673349,0.4285714285714177,0.6249999999999873,0.3750000000000127,0.6249999999999873,1.0544633386847162,1.276916305455106,1.9347216749319889,1.0,1.3929996059510297,1.6251662069428772,0.5,3.5211934483762066,3.1729435468884355,0.5833333333333334,8.12583103471433,8.861025271188478,0.5833333333333334,False,False,0.42563876848503535,0.23216660099184747,False,True,0.6578053694768828,0.23216660099184747,False,True,0.6578053694768828,0.6191109359782232,True,False,1.276916305455106,0.6191109359782232,False
EURJPY,baseline,現行HYBRID。追加の騙し回避なし,0,2016-04-07 02:00:00,2016-04-07 03:00:00,2016-04-07 13:00:00,short,3m,124.67,124.55,125.13618836467057,122.79143490598827,122.79143490598827,3.0000000000000036,2.9786757964617543,10,TP,124.54,0.23447534586823027,0.5544292919949565,1.2794522122961467,1.0662101769134151,0.8333333333333017,0.8333333333333017,0.16666666666669824,0.8333333333333017,1.048647165415431,2.3883107962860595,1.791233097214484,1.0,2.3883107962860595,2.5162560175156137,0.6666666666666666,3.6677630085821455,2.558904424592172,0.6666666666666666,4.478082743036332,4.733973185495561,0.6666666666666666,False,True,0.21324203538267092,0.7250229203011296,False,True,0.21324203538267092,0.8956165486073027,False,True,0.21324203538267092,1.4073974335257613,False,True,0.3838356636887834,4.9045668138017335,False
EURJPY,baseline,現行HYBRID。追加の騙し回避なし,0,2016-04-17 22:00:00,2016-04-17 23:00:00,2016-04-18 09:00:00,short,3m,122.55,122.07,122.6000418184003,120.47987454479907,122.6000418184003,-0.9999999999999991,-1.0235830448958043,10,SL,122.0,0.21201672736012273,2.5941349385409116,2.075307950832729,0.8489896162497894,0.4090909090909267,1.0,0.0,1.0,0.978656826809649,0.5188269877081823,3.1129619262490937,0.6666666666666666,1.3206505141662943,3.7732871833322412,0.8333333333333334,2.7827992977075535,4.292114171040423,0.75,4.433612440415388,5.659930774998395,0.6666666666666666,False,False,0.7546574366664348,0.1414982693749649,False,False,0.8018235264581121,0.1886643591666422,False,True,0.8018235264581121,0.1886643591666422,False,True,0.8018235264581121,1.414982693749582,False
EURJPY,baseline,現行HYBRID。追加の騙し回避なし,0,2016-11-15 09:00:00,2016-11-15 10:00:00,2016-11-23 15:00:00,long,3m,116.56,116.71,116.15755502246458,118.36733493260625,118.36733493260625,3.0000000000000004,2.9773733122604287,147,TP,116.69,0.22097799101416812,0.5882938812293774,1.448108015333872,0.995574260542053,0.6875000000000111,0.8437500000000056,0.15624999999999445,0.8437500000000056,0.7128741463945453,1.4933613908130796,1.8553883946465475,1.0,1.5838681417714304,1.357601264375521,0.8333333333333334,1.9006417701257552,1.6291215172506381,0.6666666666666666,3.1677362835429252,3.937043666689069,0.6666666666666666,False,True,0.18101350191670182,0.8598141341044945,False,True,0.18101350191670182,0.8598141341044945,False,False,0.4977871302710265,0.8598141341044945,True,True,1.0860810115004038,0.8598141341044945,False
EURJPY,baseline,現行HYBRID。追加の騙し回避なし,0,2016-11-30 09:00:00,2016-11-30 10:00:00,2016-12-04 23:00:00,long,3m,120.14,120.31,119.7573241992454,121.9680274022638,119.7573241992454,-0.9999999999999992,-1.0226172377783165,59,SL,120.28,0.22107032030183993,0.6332826577934595,2.4878961556171393,2.4878961556171393,1.0,1.0,0.0,1.0,1.0813471570195046,1.2665653155868546,1.945082448937077,0.3333333333333333,2.3974272045038063,3.4378201423073604,0.5,2.533130631173838,2.8950064356272343,0.4166666666666667,4.613916506780882,4.704385457894279,0.5,False,False,0.27140685334006326,0.768986084463491,False,True,0.4523447555667292,0.768986084463491,False,True,0.4523447555667292,1.8998479733803784,False,True,0.4523447555667292,1.8998479733803784,False
EURJPY,baseline,現行HYBRID。追加の騙し回避なし,0,2017-02-06 13:00:00,2017-02-06 14:00:00,2017-02-10 01:00:00,short,3m,120.54,120.46,120.90009543311115,119.13971370066652,120.90009543311115,-0.9999999999999932,-1.0284029304999138,83,SL,120.44,0.1760381732444626,0.568058609998977,1.8745934129964545,1.8177875519966133,0.9696969696969971,1.0,0.0,1.0,0.8825049763399728,2.0450109959961393,2.8970989109945644,1.0,3.749186825992909,4.771692323991019,0.8333333333333334,4.487663018991491,3.976410269992516,0.6666666666666666,5.510168516989601,6.078227126988577,0.5833333333333334,False,True,0.1136117219997631,1.8177875519965325,True,False,1.0793113589979513,1.8177875519965325,True,False,1.3065348029975583,1.8177875519965325,True,True,1.3065348029975583,2.8402930499946426,True
EURJPY,baseline,現行HYBRID。追加の騙し回避なし,0,2017-02-22 08:00:00,2017-02-22 09:00:00,2017-02-22 16:00:00,short,3m,119.33,119.14,119.4775196419848,118.12744107404559,119.4775196419848,-0.9999999999999875,-1.0370348816634123,7,SL,119.12,0.13500785679392094,1.5554650298652064,2.370232426461392,2.0739533731536786,0.8749999999999833,0.9687499999999848,0.031250000000015266,0.9687499999999848,0.984457060210358,1.9258138464997694,3.5553486396919305,0.6666666666666666,3.1849998230573675,4.444185799614965,0.6666666666666666,3.4072091130381263,4.962674142903438,0.5833333333333334,5.777441539499518,6.962557752730162,0.5833333333333334,False,True,0.14813952665380412,1.2591859765575981,False,True,0.14813952665380412,1.9998836098268293,False,True,0.14813952665380412,3.8516276929997493,False,True,0.14813952665380412,3.8516276929997493,False
EURJPY,baseline,現行HYBRID。追加の騙し回避なし,0,2017-03-09 09:00:00,2017-03-09 10:00:00,2017-03-10 09:00:00,long,3m,121.12,121.25,120.8316995835087,122.50490124947393,122.50490124947393,3.000000000000007,2.9701171705616853,23,TP,121.22,0.16732016659652382,0.5976565887669387,4.183596121368741,3.4664082148484314,0.8285714285714396,0.857142857142863,0.14285714285713705,0.857142857142863,1.2481365303101453,0.6574222476436665,3.64570519147853,0.6666666666666666,0.8367192242737652,3.765236509231901,0.5,1.5539071307941597,4.123830462492098,0.5833333333333334,5.139846663395962,5.7972689110396285,0.5,False,True,0.5378909298902959,1.1355475186572346,True,False,0.896484883150493,1.1355475186572346,True,False,1.9722667429309997,1.1355475186572346,True,True,2.211329378437826,3.5859395326018024,True
EURJPY,baseline,現行HYBRID。追加の騙し回避なし,0,2017-03-29 11:00:00,2017-03-29 12:00:00,2017-03-30 00:00:00,short,3m,119.32,119.15,119.61758093047581,117.74725720857258,119.61758093047581,-0.9999999999999933,-1.0267333400172363,12,SL,119.17,0.18703237219032315,0.8020002005179738,3.475334202244781,3.0476007619684373,0.8769230769230587,0.8923076923076819,0.10769230769231812,0.8923076923076819,1.1324269638521993,1.4970670409669755,2.833734041830341,0.6666666666666666,2.9406674018993892,5.025867923246243,0.8333333333333334,4.010001002590097,5.988268163867902,0.6666666666666666,4.010001002590097,3.635734242348315,0.5416666666666666,True,False,0.8554668805525358,0.8554668805525358,True,False,0.8554668805525358,0.8554668805525358,True,False,1.6574670810705856,0.8554668805525358,True,False,1.7644004411396335,0.8554668805525358,True
EURJPY,baseline,現行HYBRID。追加の騙し回避なし,0,2017-11-30 18:00:00,2017-11-30 19:00:00,2017-12-01 11:00:00,long,3m,133.86,134.03,133.54626796387308,135.48119610838074,133.54626796387308,-1.0000000000000195,-1.0258407528682234,16,SL,134.04,0.19349281445076563,0.9302671032560721,1.860534206512438,1.2920376434113663,0.6944444444444181,0.7777777777777515,0.22222222222224855,0.7777777777777515,1.1905298141489196,2.7391198040321028,4.237883470389247,1.0,3.876112930234099,5.58160261953702,1.0,5.219832079381873,5.323195090854835,0.8333333333333334,5.788328642482945,7.028684780157756,0.7083333333333334,True,False,1.085311620465442,0.15504451720936985,True,False,1.188674631938404,0.15504451720936985,True,False,1.188674631938404,0.41345204589170187,True,False,1.188674631938404,0.41345204589170187,True
EURJPY,baseline,現行HYBRID。追加の騙し回避なし,0,2017-12-20 16:00:00,2017-12-20 17:00:00,2017-12-22 01:00:00,long,3m,134.33,134.61,134.15831591750083,135.96505224749757,134.15831591750083,-0.9999999999999905,-1.0276742096618088,32,SL,134.6,0.18067363299967557,1.4944073217394518,2.9888146434790612,2.379982030918584,0.7962962962963207,0.8148148148148227,0.18518518518517738,0.8148148148148227,1.1834921590134635,1.8818462570053813,3.154859901450129,0.6666666666666666,1.8818462570053813,3.7636925140107627,0.5,3.3209051594213537,4.538570384542307,0.5833333333333334,5.811584028987212,6.475765060871325,0.625,False,False,0.44278735458940893,0.33209051594213534,False,True,0.44278735458940893,0.38743893526577217,False,True,0.44278735458940893,0.4981357739132031,False,False,0.44278735458940893,0.8302262898553384,False
EURJPY,baseline,現行HYBRID。追加の騙し回避なし,0,2018-02-01 10:00:00,2018-02-01 11:00:00,2018-02-05 20:00:00,long,3m,136.27,136.43,135.9523954568814,137.86281362935586,135.9523954568814,-1.000000000000006,-1.0261722803522142,55,SL,136.45,0.19104181724744534,0.942202092680237,1.8320596246562064,1.727370503247225,0.9428571428571126,0.9428571428571126,0.057142857142887304,0.9428571428571126,0.9304296485546224,2.5648834745186297,3.7688083707213944,0.6666666666666666,2.6172280352231945,3.350051885085618,0.6666666666666666,3.925842052834792,4.868044145515029,0.75,5.234456070446389,5.967279920308813,0.7083333333333334,False,False,0.8375129712714044,0.15703368211339763,False,False,0.942202092680237,0.15703368211339763,False,True,0.942202092680237,0.4711010463401929,True,False,2.5125389138142133,0.9945466533848021,False
EURJPY,baseline,現行HYBRID。追加の騙し回避なし,0,2018-03-22 22:00:00,2018-03-22 23:00:00,2018-03-23 12:00:00,short,3m,129.35,129.16,129.89312552341264,126.96062342976207,129.89312552341264,-0.9999999999999947,-1.0170502862071944,13,SL,129.17,0.2932502093650571,0.6138103034597702,2.387040069010088,1.398123468991731,0.5857142857143309,0.6571428571428792,0.3428571428571208,0.6571428571428792,1.6288132223031573,1.977833200037005,2.0460343448659004,0.6666666666666666,2.455241213838984,2.966749800055459,0.5,2.69394522074007,3.1372526621276497,0.5833333333333334,5.080985289750158,5.456091586308939,0.5,True,False,0.6820114482886658,0.47740801380197884,True,False,1.0571177448473497,0.47740801380197884,True,False,1.0571177448473497,0.47740801380197884,True,False,1.0571177448473497,0.47740801380197884,True
EURJPY,baseline,現行HYBRID。追加の騙し回避なし,0,2018-04-09 13:00:00,2018-04-09 14:00:00,2018-04-09 19:00:00,long,3m,131.8,131.9,131.47036067826883,133.1889179651935,131.47036067826883,-1.0000000000000204,-1.029094171244919,5,SL,131.89,0.17185572869246574,0.5236950824085077,1.3965202197564617,1.1055785073071436,0.7916666666666272,0.9583333333332544,0.041666666666745615,0.9583333333332544,0.9340974099151432,1.9202153021651347,2.6184754120432,0.6666666666666666,2.909417124492518,2.269345357104085,0.5,3.4913005493909886,4.131372316779257,0.75,3.5494888918809515,3.4913005493909886,0.625,True,False,0.8146367948578257,0.5236950824086731,True,False,0.9892018223273834,0.5236950824086731,True,False,1.1637668497969411,0.5236950824086731,True,False,3.0839821519619104,0.5236950824086731,True
EURJPY,baseline,現行HYBRID。追加の騙し回避なし,0,2018-04-24 13:00:00,2018-04-24 14:00:00,2018-04-24 17:00:00,long,3m,133.07,133.43,133.0343447697335,134.6169656907995,133.0343447697335,-1.000000000000008,-1.0315931625409636,3,SL,133.42,0.15826209210659828,2.2115213778688703,2.969757278852524,2.401080353114784,0.8085106382978646,0.9361702127659549,0.06382978723404513,0.9361702127659549,1.1091960338501692,1.3900991518033055,3.222502579180349,1.0,2.780198303606611,4.107111130327826,0.6666666666666666,2.969757278852524,4.043924805245914,0.5833333333333334,4.35985643065583,6.192259858032873,0.5833333333333334,False,False,1.137353851475301,0.3159316254099156,False,False,1.137353851475301,0.3159316254099156,False,False,2.401080353114784,0.3159316254099156,True,False,3.601620529672176,0.3159316254099156,False
EURJPY,baseline,現行HYBRID。追加の騙し回避なし,0,2018-05-23 07:00:00,2018-05-23 08:00:00,2018-05-28 12:00:00,short,3m,129.22,128.87,129.52440171956854,126.90679484129441,126.90679484129441,3.0000000000000027,2.9808985832001964,73,TP,128.86,0.2617606878274119,1.3753020095872683,4.0495003615626874,3.51466069116756,0.8679245283018732,0.8679245283018732,0.13207547169812686,0.8679245283018732,1.5354357356278503,1.2224906751888158,4.35512303035981,0.3333333333333333,3.4764578575679472,4.240514529560862,0.5,3.9730946943633527,6.685495879938385,0.5,6.265264710342314,9.1304772303158,0.5416666666666666,False,False,0.15281133439856126,1.489910510386325,False,True,0.19101416799817442,1.9865473471817305,False,True,0.19101416799817442,1.9865473471817305,False,True,0.6112453375943536,2.444981350377523,False
EURJPY,baseline,現行HYBRID。追加の騙し回避なし,0,2018-08-03 13:00:00,2018-08-03 14:00:00,2018-08-07 18:00:00,short,3m,129.11,128.7,129.1084773667572,127.47456789972833,129.1084773667572,-0.9999999999999796,-1.0306014506977808,50,SL,128.71,0.16339094670288765,2.448116055826344,3.3049566753656427,3.0601450697828865,0.9259259259258908,0.9259259259258908,0.07407407407410917,0.9259259259258908,1.1501194641108041,1.8972899432654036,3.488565379552449,0.3333333333333333,1.8972899432654036,3.1213479711784884,0.5,2.0808986474523836,4.345405999091573,0.5833333333333334,2.570521858617722,4.95743501304829,0.5416666666666666,False,False,1.162855126517483,0.06120290139577601,False,False,1.224058027913085,0.06120290139577601,False,False,1.5300725348914432,0.06120290139577601,False,True,1.5300725348914432,0.24481160558275616,False
EURJPY,baseline,現行HYBRID。追加の騙し回避なし,0,2018-08-26 23:00:00,2018-08-27 00:00:00,2018-08-27 02:00:00,long,3m,129.43,129.58,129.2017968773843,130.71460936784715,129.2017968773843,-0.9999999999999658,-1.0330510227243066,2,SL,129.6,0.15128124904628584,1.1237347726285263,1.916959318013457,1.6525511362185428,0.8620689655172651,0.8965517241379243,0.10344827586207572,0.8965517241379243,0.8936464651719712,1.4542449998723102,2.181367499808371,0.3333333333333333,1.5203470453211796,2.049163408911008,0.16666666666666666,3.833918636027102,4.8254493177580775,0.5833333333333334,6.742408635771722,7.535633181156465,0.625,True,False,1.5203470453209917,-0.13220409089736318,True,False,1.916959318013457,-0.13220409089736318,True,False,4.164428863270698,-0.13220409089736318,True,False,4.230530908719379,-0.13220409089736318,True
EURJPY,baseline,現行HYBRID。追加の騙し回避なし,0,2018-10-08 08:00:00,2018-10-08 09:00:00,2018-10-18 17:00:00,short,3m,130.15,129.97,130.48905903395524,128.41282289813427,128.41282289813427,2.999999999999977,2.97591796080544,198,TP,129.99,0.20762361358209935,0.7706252542258578,3.515977722405502,3.3714854872381452,0.9589041095890389,0.9589041095890389,0.04109589041096104,0.9589041095890389,1.1026117441285177,1.8783990571756397,4.47925929018779,1.0,2.215547605899427,5.298048622802859,1.0,2.600860233012287,5.249884544413785,0.75,3.612305879183786,5.009064152468144,0.5833333333333334,False,False,0.8187893326149313,0.09632815677828356,False,False,0.8187893326149313,0.1444922351673569,False,False,0.8187893326149313,0.19265631355656712,False,True,0.8187893326149313,1.8302349787864296,False
EURJPY,baseline,現行HYBRID。追加の騙し回避なし,0,2019-01-02 02:00:00,2019-01-02 03:00:00,2019-01-02 09:00:00,short,3m,125.53,125.49,125.66499191175882,124.96502426472352,124.96502426472352,3.0000000000000333,2.9285681270960073,6,TP,125.49,0.0699967647035286,0.5714549832328153,1.8572286955064974,1.285773712273682,0.6923076923076671,0.7692307692307776,0.23076923076922237,0.7692307692307776,0.5245540895853601,3.714457391012589,3.1430024077799765,1.0,4.285912374245404,2.2858199329310582,0.5,4.285912374245404,2.2858199329310582,0.25,4.285912374245404,2.2858199329310582,0.125,False,True,0.0,5.285958594902577,False,True,0.0,5.285958594902577,False,True,0.0,5.285958594902577,False,True,0.42859123742456073,5.285958594902577,False
EURJPY,baseline,現行HYBRID。追加の騙し回避なし,0,2019-03-22 14:00:00,2019-03-22 15:00:00,2019-03-25 08:00:00,short,3m,124.27,123.94,124.54957324912665,122.11128025262003,124.54957324912665,-0.9999999999999997,-1.0205061492083147,16,SL,123.99,0.2438292996506619,1.1483443556666961,2.1326395176667545,1.6404919366667254,0.769230769230765,1.0,0.0,1.0,1.96928541295844,2.0506149208333775,2.5837748002500955,1.0,7.177152222916821,3.568069962250096,0.8333333333333334,7.177152222916821,7.956385892833555,0.4166666666666667,7.177152222916821,8.407521175416894,0.4583333333333333,False,True,0.6972090730833554,0.6561967746666668,False,False,0.6972090730833554,0.6972090730833554,True,False,1.2303689525000732,0.6972090730833554,True,False,1.5584673398334066,0.6972090730833554,True
EURJPY,baseline,現行HYBRID。追加の騙し回避なし,0,2019-05-05 22:00:00,2019-05-05 23:00:00,2019-05-06 11:00:00,short,3m,123.99,123.72,124.10321387586283,122.57035837241149,124.10321387586283,-0.9999999999999957,-1.0326188606084323,12,SL,123.74,0.15328555034513508,1.6309430304233135,2.93569745476189,0.6523772121692883,0.22222222222221522,0.733333333333348,0.26666666666665195,0.733333333333348,1.4405633502784938,0.7176149333862543,3.849025551799042,0.3333333333333333,1.5657053092063475,4.697115927619135,0.3333333333333333,2.087607078941797,3.849025551799042,0.3333333333333333,2.4137956850265336,5.41473086100539,0.4583333333333333,False,True,0.5871394909524151,2.3485579638095677,False,True,0.652377212169381,2.413795685026441,False,True,0.652377212169381,2.5442711274603727,False,False,1.8918939152910845,2.5442711274603727,False
EURJPY,baseline,現行HYBRID。追加の騙し回避なし,0,2019-07-16 09:00:00,2019-07-16 10:00:00,2019-07-16 14:00:00,short,3m,121.3,121.17,121.43751373848232,120.36745878455302,121.43751373848232,-0.9999999999999809,-1.0467265721413008,4,SL,121.18,0.1070054953929307,1.1214377313926078,2.6166880399161734,2.6166880399161734,1.0,1.0,0.0,1.0,1.078152934487126,2.5232348956335335,4.018485204157099,0.6666666666666666,2.5232348956335335,3.644672627026141,0.3333333333333333,2.5232348956335335,2.6166880399161734,0.16666666666666666,2.990500617047131,4.205391492722511,0.375,False,True,0.373812577130825,0.7476251542619156,False,True,0.373812577130825,0.7476251542619156,True,False,2.055969174219936,0.934531442827328,True,False,3.0839537613299037,0.934531442827328,True
EURJPY,baseline,現行HYBRID。追加の騙し回避なし,0,2019-08-01 12:00:00,2019-08-01 13:00:00,2019-08-02 01:00:00,short,3m,120.03,119.77,120.17032227646841,118.56903317059474,118.56903317059474,3.0000000000000044,2.968775157579888,12,TP,119.76,0.1601289105873678,1.686141490687789,2.7477861329727196,2.43553770877129,0.8863636363636422,0.9772727272727155,0.022727272727284472,0.9772727272727155,1.5131928687614653,2.248188654250415,4.059229514618758,1.0,3.184933926854703,4.87107541754258,0.8333333333333334,3.372282981375578,5.245773526584242,0.5833333333333334,5.932720059827422,8.056009344397284,0.5833333333333334,False,False,0.7493962180834124,0.4371477938820719,False,True,0.7493962180834124,1.311443381646127,False,False,0.7493962180834124,1.311443381646127,False,True,0.7493962180834124,5.308223211424652,False
EURJPY,baseline,現行HYBRID。追加の騙し回避なし,0,2019-08-23 15:00:00,2019-08-23 16:00:00,2019-08-26 07:00:00,short,3m,117.5,117.37,117.7874202349423,116.11773929517312,117.7874202349423,-1.0000000000000067,-1.0299458410340827,14,SL,117.36,0.16696809397691825,0.8384835489548933,2.7550173751375433,2.635234011001069,0.9565217391304133,0.9782608695652066,0.021739130434793353,0.9782608695652066,1.3248759059378903,1.7368587799780237,2.814909057205695,0.6666666666666666,1.8566421441144128,3.2940425137513363,0.6666666666666666,2.335775600660054,3.353934195819573,0.5833333333333334,2.51545064686468,3.8929593344334514,0.5416666666666666,False,False,0.7785918668866563,0.5989168206820302,False,False,0.7785918668866563,0.5989168206820302,False,True,0.7785918668866563,0.5989168206820302,False,True,0.7785918668866563,3.4138258778877253,False
EURJPY,baseline,現行HYBRID。追加の騙し回避なし,0,2019-10-11 10:00:00,2019-10-11 11:00:00,2019-10-17 08:00:00,long,3m,119.35,119.47,119.0709052582008,120.6672842253976,120.6672842253976,2.9999999999999876,2.9686791162829134,92,TP,119.48,0.15963789671968004,0.814342976644739,2.3177453950656517,2.3177453950656517,1.0,1.0,0.0,1.0,1.1963695783588113,2.505670697368277,4.00907311578919,0.6666666666666666,2.505670697368277,3.507938976315552,0.6666666666666666,2.6935959996709022,4.447565487828679,0.6666666666666666,4.760774324999691,6.577385580591616,0.5833333333333334,False,True,0.18792530230262525,2.568312464802426,False,True,0.18792530230262525,2.568312464802426,False,True,0.18792530230262525,3.069446604276064,False,True,0.18792530230262525,3.069446604276064,False
EURJPY,baseline,現行HYBRID。追加の騙し回避なし,0,2020-01-26 23:00:00,2020-01-27 00:00:00,2020-01-27 07:00:00,short,3m,120.16,119.94,120.32202361595864,118.79392915212405,120.32202361595864,-0.9999999999999928,-1.0327204902467049,7,SL,119.94,0.15280944638345884,1.4397015708566379,1.5051425513501553,1.1779376488827544,0.78260869565219,0.9130434782608884,0.08695652173911163,0.9130434782608884,1.3132473161326186,0.8507327464152606,3.7301358881286295,0.3333333333333333,1.7014654928305213,3.795576868622054,0.5,3.664694907635019,6.347775107867928,0.5,5.497042361452575,7.3948307957636485,0.4583333333333333,True,False,2.159552356284957,0.06544098049342435,True,False,2.159552356284957,0.06544098049342435,True,False,2.159552356284957,0.06544098049342435,True,False,2.4867572587523576,0.06544098049342435,True
EURJPY,baseline,現行HYBRID。追加の騙し回避なし,0,2020-02-20 14:00:00,2020-02-20 15:00:00,2020-02-20 16:00:00,long,3m,121.13,121.3,120.80176899108378,122.79469302674867,120.80176899108378,-0.999999999999986,-1.0250887635981794,1,SL,121.29,0.19929240356649128,0.8028404351429728,1.956923560660867,1.5555033430894163,0.7948717948717996,0.7948717948717996,0.20512820512820046,0.7948717948717996,1.6992707192012895,1.5555033430894163,2.408521305428776,0.6666666666666666,3.261539267768064,3.512426903750283,0.8333333333333334,4.917397665250325,5.720238100393298,0.9166666666666666,8.37964704180415,8.83124478657213,0.7916666666666666,True,False,1.3547932343037266,0.2508876359821478,True,False,4.01420217571465,0.2508876359821478,True,False,4.01420217571465,0.2508876359821478,True,False,4.01420217571465,0.2508876359821478,True
EURJPY,baseline,現行HYBRID。追加の騙し回避なし,0,2020-05-27 09:00:00,2020-05-27 10:00:00,2020-05-27 15:00:00,long,3m,118.5,118.66,118.13570445153998,120.23288664538003,118.13570445153998,-1.000000000000008,-1.0238415146508653,5,SL,118.65,0.20971821938400526,0.7152454395263946,4.434521725063511,3.62391022693362,0.8172043010752683,1.0,0.0,1.0,1.4603511991988738,1.5735399669580004,3.9100084027441775,1.0,1.7642720841650614,3.7669593148388985,0.8333333333333334,2.1934193478808983,2.956347816709007,0.5,3.0040308460107217,3.0040308460107896,0.5,False,False,0.476830293017619,0.6198793809228301,False,True,0.476830293017619,1.1443927032421637,False,True,1.1443927032422314,1.1443927032421637,True,False,2.5272005529931705,1.1443927032421637,False
EURJPY,baseline,現行HYBRID。追加の騙し回避なし,0,2020-07-14 10:00:00,2020-07-14 11:00:00,2020-07-22 04:00:00,long,3m,121.95,122.1,121.70205356053538,123.29383931839384,123.29383931839384,2.999999999999992,2.9685887376783446,137,TP,122.1,0.159178575785846,0.942337869650228,1.5077405914405075,1.382095542153739,0.9166666666666272,0.9166666666666272,0.08333333333337281,0.9166666666666272,1.1693631072178283,2.952658658237542,3.455238855384348,0.6666666666666666,2.952658658237542,2.952658658237542,0.6666666666666666,3.078303707524221,2.3872559364473513,0.5,4.774511872894703,5.0886244961114455,0.5416666666666666,False,True,0.31411262321674266,0.6282252464335746,False,False,0.8166928203635487,0.6282252464335746,False,True,0.8166928203635487,0.6910477710768695,False,True,0.8166928203635487,1.193627968223765,False
EURJPY,baseline,現行HYBRID。追加の騙し回避なし,0,2020-08-05 09:00:00,2020-08-05 10:00:00,2020-08-06 11:00:00,long,3m,125.17,125.31,124.94576508452589,126.40270474642236,124.94576508452589,-0.9999999999999885,-1.034318511128219,25,SL,125.34,0.1456939661896473,1.1668293783609107,2.0591106676956845,1.578651511900067,0.7666666666666871,0.8666666666666919,0.13333333333330807,0.8666666666666919,0.9013725421806968,2.6768438680044193,3.157303023800134,1.0,2.745480890260978,4.186858357647928,0.5,3.2259400460565955,4.392769424417506,0.4166666666666667,5.696872847291436,2.5395698234913997,0.4583333333333333,False,False,1.098192356104352,0.2745480890260393,False,False,1.098192356104352,0.2745480890260393,False,False,1.098192356104352,0.8236442670782153,False,True,1.1668293783609107,1.0295553338477934,False
EURJPY,baseline,現行HYBRID。追加の騙し回避なし,0,2020-09-16 12:00:00,2020-09-16 13:00:00,2020-09-21 08:00:00,short,3m,124.44,124.36,124.79656866788886,123.05029399633341,123.05029399633341,2.999999999999996,2.97136761998877,66,TP,124.35,0.1746274671555457,0.5153828402025543,2.863238001125193,1.832472320720166,0.6400000000000148,0.8200000000000216,0.1799999999999784,0.8200000000000216,1.1990958096962743,2.347855160922639,3.3786208413277476,0.3333333333333333,2.347855160922639,3.0350322811927115,0.5,2.8059732411026603,1.7752075606976327,0.3333333333333333,5.497416962160336,4.466651281755308,0.375,False,True,0.3435885601350362,1.0880304404275605,False,True,0.3435885601350362,2.6914437210576754,False,True,0.3435885601350362,2.6914437210576754,False,True,0.3435885601350362,2.6914437210576754,False
EURJPY,baseline,現行HYBRID。追加の騙し回避なし,0,2020-09-28 00:00:00,2020-09-28 01:00:00,2020-09-28 10:00:00,short,3m,122.5,122.39,122.75489612358454,121.29531162924638,122.75489612358454,-1.000000000000011,-1.0342563244498175,9,SL,122.38,0.14595844943381572,0.8221517867961324,3.0830692004853995,3.0830692004853995,1.0,1.0,0.0,1.0,0.8871858494074643,0.9591770845954555,2.7405059559870435,0.3333333333333333,1.2332276801941013,2.6034806581877206,0.3333333333333333,1.918354169190911,1.986866818090621,0.4166666666666667,3.6311703916827884,4.590347476278244,0.5416666666666666,True,False,2.192404764789654,-0.06851264889971016,True,False,2.192404764789654,-0.06851264889971016,True,False,2.192404764789654,-0.06851264889971016,True,False,2.192404764789654,0.0685126488996128,True
EURJPY,baseline,現行HYBRID。追加の騙し回避なし,0,2021-02-24 07:00:00,2021-02-24 08:00:00,2021-02-25 08:00:00,long,3m,128.42,128.55,128.2259184846971,129.52224454590876,129.52224454590876,3.000000000000005,2.96142945706637,24,TP,128.55,0.1296326061211666,1.0028341162756065,2.391373661887563,1.9285271466835046,0.8064516129032199,0.838709677419411,0.16129032258058898,0.838709677419411,1.1250227099357248,1.9285271466835046,2.699938005357082,1.0,1.9285271466835046,2.5456558336223223,0.6666666666666666,4.474182980305827,5.245593838979185,0.5833333333333334,5.091311667244535,5.091311667244535,0.4583333333333333,False,True,0.30856434346951855,1.2342573738774165,False,True,0.4628465152040586,1.2342573738774165,False,True,0.4628465152040586,1.6971038890814751,False,True,0.4628465152040586,1.6971038890814751,False
EURJPY,baseline,現行HYBRID。追加の騙し回避なし,0,2021-03-23 18:00:00,2021-03-23 19:00:00,2021-03-26 07:00:00,short,3m,128.72,128.63,128.99201531866663,127.54395404400012,128.99201531866663,-1.0000000000000255,-1.0345289255881156,60,SL,128.63,0.14480612746665059,0.6215206605862087,1.7264462794060698,1.58833057705371,0.9200000000000728,1.0,0.0,1.0,1.1822704436064735,1.1739834699960412,2.002677684110986,0.6666666666666666,1.933619832934806,2.3479669399922787,0.8333333333333334,6.215206605861891,5.731801647628238,0.8333333333333334,7.527305778210488,8.355999992325433,0.7083333333333334,False,False,0.2762314047049162,0.2762314047049162,False,False,0.8286942141149449,0.2762314047049162,False,False,0.8286942141149449,0.2762314047049162,False,True,0.8286942141149449,1.4502148747011536,False
EURJPY,baseline,現行HYBRID。追加の騙し回避なし,0,2021-04-20 04:00:00,2021-04-20 05:00:00,2021-04-20 09:00:00,long,3m,130.65,130.88,130.5477774797242,131.87666756082737,130.5477774797242,-0.999999999999995,-1.037625384304502,4,SL,130.85,0.13288900811031748,1.5050153721815662,3.1605322815813746,2.78427843853609,0.880952380952418,1.0,0.0,1.0,1.2050937232466399,1.0535107605272673,3.1605322815813746,0.6666666666666666,3.6120368932358873,4.816049190981183,0.8333333333333334,3.6120368932358873,5.493306108462952,0.5833333333333334,5.643807645681194,7.750829166735515,0.5833333333333334,False,False,0.677256917481769,0.677256917481769,False,True,0.677256917481769,0.677256917481769,False,False,0.8277584546997973,0.677256917481769,True,False,2.78427843853609,0.677256917481769,False
EURJPY,baseline,現行HYBRID。追加の騙し回避なし,0,2021-07-08 04:00:00,2021-07-08 05:00:00,2021-07-09 06:00:00,short,3m,130.04,129.93,130.28445911488558,128.86662265534332,130.28445911488558,-1.0000000000000386,-1.0352649980634243,25,SL,129.92,0.14178364595422316,0.8463599535220602,1.974839891551407,1.6927199070441203,0.8571428571428862,1.0,0.0,1.0,1.2783251153024342,2.2569598760586933,3.1738498257077254,0.6666666666666666,2.6096098566927517,2.9622598373272107,0.6666666666666666,4.020209779229585,4.654979744371331,0.75,6.559289639795566,6.841409624303052,0.625,False,True,0.49370997288800206,2.11589988380495,False,True,0.49370997288800206,2.11589988380495,False,False,1.4811299186636053,2.11589988380495,False,False,1.4811299186636053,2.11589988380495,False
EURJPY,baseline,現行HYBRID。追加の騙し回避なし,0,2021-08-31 01:00:00,2021-08-31 02:00:00,2021-08-31 12:00:00,long,3m,129.78,129.84,129.6433645299804,130.42990641005878,129.6433645299804,-1.000000000000049,-1.0635694058592424,10,SL,129.85,0.07865418800783643,0.8899716820294297,2.161359799214742,2.0342209874959942,0.9411764705881271,0.9411764705881271,0.05882352941187288,0.9411764705881271,0.8204249745464158,1.271388117184951,2.797053857807037,0.3333333333333333,1.3985269289033377,2.542776234369902,0.5,1.907082175777246,3.0513314812438104,0.5833333333333334,3.3056091046809453,3.687025539836467,0.5416666666666666,False,True,0.2542776234367734,0.762832870311043,False,False,0.5085552468739082,0.762832870311043,False,True,0.5085552468739082,1.1442493054665643,False,True,0.6356940585922949,2.161359799214742,False
EURJPY,baseline,現行HYBRID。追加の騙し回避なし,0,2022-02-24 02:00:00,2022-02-24 03:00:00,2022-02-24 18:00:00,short,3m,129.17,128.86,129.49236561203458,126.9629031638963,129.49236561203458,-0.9999999999999868,-1.0197670457755648,15,SL,128.85,0.25294624481382805,1.265090929638104,3.637136422709577,2.9650568663393697,0.8152173913043589,0.9782608695652368,0.021739130434763134,0.9782608695652368,1.247874192988926,1.7790341198035768,3.044125049441793,0.6666666666666666,2.0557727606620033,4.585954619938211,0.6666666666666666,3.7952727889144247,5.613841000269269,0.75,4.585954619938211,5.49523872561569,0.625,False,False,0.4744090986143171,1.9767045775595797,False,True,0.4744090986143171,1.9767045775595797,False,True,0.4744090986143171,1.9767045775595797,False,True,1.2255568380869484,1.9767045775595797,False
EURJPY,baseline,現行HYBRID。追加の騙し回避なし,0,2022-04-18 23:00:00,2022-04-19 00:00:00,2022-04-19 06:00:00,long,3m,137.28,137.38,137.01750875030277,138.4674737490917,138.4674737490917,3.000000000000029,2.9655164089880275,6,TP,137.44,0.14499649987889382,1.1034749123850178,1.5862451865534262,1.5862451865534262,1.0,1.0,0.0,1.0,0.7558903033155971,1.7241795506016269,3.10352319108285,1.0,2.7586872809624463,3.86216219334766,0.8333333333333334,3.9311293753716625,5.3104730158530815,0.8333333333333334,5.03460428775668,5.724276107997292,0.625,False,True,0.5517374561924109,1.2414092764332185,False,True,0.5517374561924109,2.758687280962642,False,True,0.5517374561924109,4.275965285492066,False,True,0.5517374561924109,6.138079200141894,False
EURJPY,baseline,現行HYBRID。追加の騙し回避なし,0,2023-01-03 00:00:00,2023-01-03 01:00:00,2023-01-04 14:00:00,short,3m,139.17,138.71,139.4417004486672,136.5148986539984,139.4417004486672,-0.9999999999999833,-1.0170834936930067,37,SL,138.72,0.29268017946688396,1.5375144323734604,3.416698738607776,2.1525202053228836,0.6299999999999955,0.6500000000000057,0.3499999999999943,0.6500000000000057,1.2533593787281856,2.2550211674811207,2.4941900791836416,0.3333333333333333,2.357522129639358,2.4258561044115483,0.5,2.494190079183739,2.7675259782723067,0.5833333333333334,3.177529826905255,4.817545221436953,0.625,False,True,0.4441708360189954,0.5466717981772325,False,True,0.4441708360189954,0.9566756468101812,False,True,0.4441708360189954,1.605848407145651,False,True,0.4441708360189954,1.7425163566899349,False
EURJPY,baseline,現行HYBRID。追加の騙し回避なし,0,2023-02-27 14:00:00,2023-02-27 15:00:00,2023-03-09 08:00:00,long,3m,144.13,144.23,143.75181676839512,145.66454969481464,143.75181676839512,-0.9999999999999858,-1.0261406071434778,184,SL,144.27,0.19127329264195211,0.7319370000185195,2.509498285777611,1.6729988571851235,0.6666666666666864,0.6666666666666864,0.3333333333333136,0.6666666666666864,1.0647033605685448,1.5684364286110068,1.9344049286201923,0.3333333333333333,1.5684364286110068,2.143529785768277,0.5,2.561779500064595,2.8231855714998124,0.4166666666666667,2.614060714351579,2.614060714351579,0.4166666666666667,False,True,0.4705309285833021,0.2614060714350688,False,True,0.4705309285833021,0.8364994285924875,False,True,0.4705309285833021,1.254749142888657,False,True,0.4705309285833021,1.3593115714627737,False
EURJPY,baseline,現行HYBRID。追加の騙し回避なし,0,2023-03-30 21:00:00,2023-03-30 22:00:00,2023-03-31 06:00:00,long,3m,145.08,145.23,144.56290689141844,147.23127932574468,144.56290689141844,-0.9999999999999807,-1.018738013988114,8,SL,145.24,0.2668372434326267,0.5996164476207937,1.686421258933582,1.4240890630993983,0.8444444444444024,0.9333333333333333,0.06666666666666667,0.9333333333333333,0.8973062642956934,1.0868048113126818,2.098657566672831,0.6666666666666666,2.548369902388453,3.4477945738196967,0.6666666666666666,4.084887049416757,3.860030881558946,0.5,7.232873399426004,5.658880224421433,0.5,False,True,0.03747602797637283,1.386613035123132,False,True,0.03747602797637283,1.386613035123132,True,False,1.1617568672653211,1.386613035123132,True,False,1.9862294827439257,1.386613035123132,True
EURJPY,baseline,現行HYBRID。追加の騙し回避なし,0,2023-08-10 02:00:00,2023-08-10 03:00:00,2023-08-18 14:00:00,long,3m,158.02,158.13,157.71065014111875,159.3880495766437,157.71065014111875,-1.0000000000000244,-1.0298080462775092,154,SL,158.13,0.16773994355249486,0.6557770181051736,1.5500184064305644,1.1327057585454385,0.7307692307692476,0.7307692307692476,0.2692307692307524,0.7307692307692476,0.7871615541344396,1.7884827766506122,2.026947146870829,1.0,2.026947146870829,2.682724164976003,0.8333333333333334,3.2192689979712372,2.7423402575311417,0.6666666666666666,6.140457533167457,6.557770181052583,0.625,False,True,0.2980804627750173,0.29808046277518674,False,True,0.2980804627750173,1.3115540362105167,False,True,0.2980804627750173,2.026947146870829,False,True,0.2980804627750173,2.6231080724210334,False
EURJPY,baseline,現行HYBRID。追加の騙し回避なし,0,2023-10-03 12:00:00,2023-10-03 13:00:00,2023-10-06 02:00:00,short,3m,156.63,156.11,156.74232672460275,154.2130198261918,156.74232672460275,-1.0000000000000067,-1.0197682614282138,61,SL,156.11,0.252930689841092,2.055899188535328,5.258357539907899,3.8350427170756456,0.7293233082706689,0.7293233082706689,0.270676691729331,0.7293233082706689,1.4253366077070913,1.0674861171240781,3.795506194219119,0.3333333333333333,1.265168731406373,3.795506194219119,0.3333333333333333,1.8582165742531453,2.8861661685208095,0.4166666666666667,3.5582870570805225,4.388554037065892,0.5833333333333334,False,True,0.31629218285153704,1.0674861171241905,False,True,0.31629218285153704,1.186095685693545,False,True,0.31629218285153704,1.186095685693545,False,True,0.31629218285153704,1.462851345688668,False
EURJPY,baseline,現行HYBRID。追加の騙し回避なし,0,2023-10-31 07:00:00,2023-10-31 08:00:00,2023-11-01 09:00:00,long,3m,159.89,160.09,159.4547517489151,161.99574475325474,159.4547517489151,-0.9999999999999867,-1.0196773465784943,25,SL,160.09,0.25409930043396456,0.7870938631410878,1.9677346578525516,1.9677346578525516,1.0,1.0,0.0,1.0,1.5100756110249143,2.439990975737182,3.581277077291631,1.0,5.430947655673025,6.611588450384601,0.8333333333333334,5.706430507772355,7.398682313525577,0.6666666666666666,7.634810472467891,8.461259028765994,0.7083333333333334,False,True,0.9051579426121336,2.5580550552083396,False,True,0.9051579426121336,2.7154738278365125,False,True,0.9051579426121336,2.7154738278365125,False,True,0.9051579426121336,2.7154738278365125,False
EURJPY,baseline,現行HYBRID。追加の騙し回避なし,0,2023-11-06 08:00:00,2023-11-06 09:00:00,2023-11-07 10:00:00,long,3m,160.78,160.84,160.4842977154739,161.90710685357834,160.4842977154739,-0.9999999999999808,-1.0351417478710747,25,SL,160.86,0.14228091381044397,0.5622679659381004,1.8273708892986764,1.265102923360576,0.6923076923076671,1.0,0.0,1.0,0.7592116913143825,1.6165204020717139,2.178788368009814,0.6666666666666666,1.757087393556289,2.319355359494389,0.5,3.514174787112578,4.287293240277441,0.5,7.0986330699673434,7.309483557194306,0.625,False,False,0.28113398296915004,0.4217009744533256,False,False,0.8434019489070507,0.4217009744533256,False,True,0.8434019489070507,0.7028349574224757,False,False,1.405669914845151,0.7028349574224757,False
EURJPY,baseline,現行HYBRID。追加の騙し回避なし,0,2024-04-23 05:00:00,2024-04-23 06:00:00,2024-04-25 03:00:00,long,3m,165.14,165.33,164.87749174943718,166.6875247516885,166.6875247516885,2.9999999999999813,2.9723761942805473,45,TP,165.33,0.18100330022513275,1.0497046173395914,4.530304137991417,3.3148566863352213,0.7317073170731792,0.7317073170731792,0.2682926829268208,0.7317073170731792,0.950106856628339,1.7126759546063215,2.596637737629152,0.0,2.0441616232398436,2.486142514751416,0.16666666666666666,2.0441616232398436,2.320399680434655,0.3333333333333333,3.425351909212957,2.817628183384938,0.4583333333333333,False,False,0.6629713372670443,0.27623805719449707,True,False,1.9889140118011326,0.27623805719449707,True,False,2.4308949033125478,0.27623805719449707,True,True,2.4308949033125478,1.5469331202897174,True
EURJPY,baseline,現行HYBRID。追加の騙し回避なし,0,2024-06-14 07:00:00,2024-06-14 08:00:00,2024-06-17 06:00:00,short,3m,168.1,167.88,168.80246064346326,165.1126180696102,168.80246064346326,-0.9999999999999982,-1.0135507136142494,21,SL,167.88,0.3689842573853077,0.5962313990275914,2.3849255961103655,1.3821727886548534,0.5795454545454473,0.5795454545454473,0.4204545454545528,0.5795454545454473,1.8720854191693939,3.84840266645088,4.309126929335805,1.0,3.84840266645088,4.363329783792887,0.5,3.84840266645088,1.92420133322544,0.25,4.688546910535224,5.149271173420149,0.5,False,True,0.1084057089140865,0.5420285445705095,False,False,1.3008685069693462,0.5420285445705095,True,False,1.3008685069693462,0.5420285445705095,True,False,1.3008685069693462,0.6233328262560937,True
EURJPY,baseline,現行HYBRID。追加の騙し回避なし,0,2024-07-23 05:00:00,2024-07-23 06:00:00,2024-07-24 03:00:00,short,3m,169.99,169.71,170.4452777193341,167.50416684199777,167.50416684199777,2.99999999999999,2.9829996208625538,21,TP,169.7,0.2941110877336324,0.9860219899722541,2.9240652116416004,2.414053837518134,0.8255813953488607,0.9069767441860634,0.09302325581393658,0.9069767441860634,1.1008665748243949,1.0540235065219015,1.836040946844827,0.6666666666666666,2.448054595793006,3.3320743109405475,0.5,3.2640727943906103,4.420098575737418,0.5833333333333334,3.4680773440400356,3.43407658576526,0.4583333333333333,False,True,0.20400454964942522,0.7480166820478603,False,True,0.20400454964942522,1.1220250230717421,False,True,0.20400454964942522,1.1220250230717421,False,True,0.20400454964942522,1.4960333640957206,False
GBPJPY,baseline,現行HYBRID。追加の騙し回避なし,0,2015-04-10 08:00:00,2015-04-10 09:00:00,2015-04-15 19:00:00,short,3m,176.45,176.1,176.82386213783184,173.92841358650443,176.82386213783184,-0.9999999999999807,-1.0276295705420824,80,SL,176.11,0.28954485513274325,1.1742567480403006,3.3500854282328643,2.3485134960806993,0.7010309278350301,0.804123711340179,0.195876288659821,0.804123711340179,1.152903183933097,2.0722177906595847,4.040824691785994,1.0,2.555735275146756,4.006287728608367,0.8333333333333334,2.624809201502108,4.282583434029579,0.75,4.489805213095636,5.62952499795831,0.5833333333333334,False,False,0.48351748448717097,0.5180544476648962,False,True,0.5525914108425232,0.6216653371978754,False,True,0.5525914108425232,1.277867637573378,False,False,0.5525914108425232,1.6232372693500408,False
GBPJPY,baseline,現行HYBRID。追加の騙し回避なし,0,2015-07-30 11:00:00,2015-07-30 12:00:00,2015-07-30 15:00:00,long,3m,194.34,194.38,193.79125588820304,196.1462323353909,193.79125588820304,-0.9999999999999841,-1.0339706157551682,3,SL,194.39,0.2354976447187861,0.21231634847002082,1.3588246302085678,0.9766552029623854,0.7187499999999833,0.8124999999999889,0.1875000000000111,0.8124999999999889,0.8992885797993988,2.420406372559034,2.2930165634769732,1.0,3.269671766439479,3.609377923991561,0.8333333333333334,3.9490840815437633,4.670959666342027,0.5833333333333334,4.373716778483925,3.8641575421556826,0.4583333333333333,True,False,1.316361360514467,0.2972428878582222,True,False,1.316361360514467,0.6794123151044046,True,False,2.0807002150068317,0.6794123151044046,True,False,3.52445138460348,0.6794123151044046,True
GBPJPY,baseline,現行HYBRID。追加の騙し回避なし,0,2015-08-21 14:00:00,2015-08-21 15:00:00,2015-08-24 06:00:00,short,3m,191.95,191.8,192.67808517354564,189.1657444793631,189.1657444793631,2.9999999999999862,2.9772231662684434,13,TP,191.76,0.35123406941825663,0.5409498011246223,1.9645019093473297,1.366610023893851,0.6956521739130721,1.0,0.0,1.0,1.5895703304861946,1.110370644413673,1.5943783612094389,0.3333333333333333,3.7297065235435,4.099830071681391,0.5,4.0428879873524535,3.7866486078724373,0.5833333333333334,5.751150517219687,5.551853222068607,0.5416666666666666,False,True,0.25623937948009706,1.2811968974004042,False,True,0.25623937948009706,1.2811968974004042,False,False,0.25623937948009706,1.2811968974004042,False,True,0.8256602227692286,3.217227764583306,False
GBPJPY,baseline,現行HYBRID。追加の騙し回避なし,0,2015-11-17 15:00:00,2015-11-17 16:00:00,2015-11-20 13:00:00,long,3m,187.64,187.67,187.15554373719024,189.21336878842922,187.15554373719024,-0.9999999999999972,-1.0388759967480008,69,SL,187.68,0.20578250512389845,0.19437998374029455,1.166279902441215,0.4859499593504602,0.4166666666666272,0.9583333333333728,0.04166666666662719,0.9583333333333728,0.9944389176473661,1.3120648902462286,1.4578498780515186,1.0,3.450244711388502,3.596029699193654,0.6666666666666666,3.450244711388502,2.0895848252071305,0.5,4.081979658544114,3.7418146869988056,0.5833333333333334,False,True,0.0485949959351427,0.7289249390257593,False,True,0.0485949959351427,1.2634698943112241,True,False,0.8261149308959066,1.2634698943112241,True,True,0.8261149308959066,1.2634698943112241,True
GBPJPY,baseline,現行HYBRID。追加の騙し回避なし,0,2016-01-05 09:00:00,2016-01-05 10:00:00,2016-01-07 08:00:00,short,long,174.85,174.72,175.60942166471582,172.05173500585252,172.05173500585252,3.0000000000000058,2.9775134778099126,46,TP,174.74,0.3557686658863297,0.309189680114018,1.264866873193848,0.7589201239162767,0.5999999999999748,1.0,0.0,1.0,1.4896576754489372,2.6421663573383203,3.091896801140579,0.6666666666666666,3.2324375648288197,3.3167620230416683,0.6666666666666666,3.2324375648288197,2.8670315792394097,0.5833333333333334,3.569735397680454,2.6702745100759366,0.5416666666666666,False,True,0.02810815273761621,1.0118934985551422,False,True,0.08432445821292851,1.0118934985551422,False,True,0.08432445821292851,1.3210831786691601,False,True,0.8713527348669013,1.630272858783258,False
GBPJPY,baseline,現行HYBRID。追加の騙し回避なし,0,2016-08-29 02:00:00,2016-08-29 03:00:00,2016-08-30 00:00:00,long,3m,133.98,133.95,133.33099703302938,135.80700890091185,133.33099703302938,-0.9999999999999819,-1.0323100228385815,21,SL,134.0,0.24760118678824933,0.08077505709661402,0.8481380995140454,0.6058129282243182,0.7142857142857143,0.7142857142857143,0.2857142857142857,0.7142857142857143,1.2364322389137952,1.2924009135451355,1.0096882137071588,0.3333333333333333,1.4135634991899992,1.4135634991899992,0.5,6.21967939643618,5.9369666965980885,0.6666666666666666,6.381229510629293,5.735029053856611,0.5833333333333334,False,True,0.28271269983797687,0.48465034257945455,False,True,0.28271269983797687,0.6462004567725678,False,True,0.28271269983797687,1.3731759706417497,True,False,0.8885256280622951,1.3731759706417497,False
GBPJPY,baseline,現行HYBRID。追加の騙し回避なし,0,2017-01-26 10:00:00,2017-01-26 11:00:00,2017-01-30 12:00:00,long,3m,143.98,144.18,143.47892716320877,146.28321851037376,143.47892716320877,-0.9999999999999866,-1.028527706324368,47,SL,144.27,0.28042913471650005,1.0341293542598422,1.5690238478424001,1.3907256833149146,0.8863636363636745,1.0,0.0,1.0,0.9024082789346798,2.1039183414249583,2.3178761388581233,0.6666666666666666,2.603153202102141,3.352005493117864,0.8333333333333334,3.7442614550784135,4.279155948661175,0.75,5.919499062314529,4.6357522777162465,0.6666666666666666,False,False,1.3907256833149146,0.10697889871653189,True,False,1.6403431136534552,0.10697889871653189,True,False,2.3178761388581233,0.10697889871653189,True,True,2.7457917337242512,0.3922559619605494,True
GBPJPY,baseline,現行HYBRID。追加の騙し回避なし,0,2017-03-22 14:00:00,2017-03-22 15:00:00,2017-03-22 19:00:00,short,3m,138.41,137.99,138.6432437552596,136.03026873422124,138.6432437552596,-0.9999999999999869,-1.0306164426968392,4,SL,138.04,0.2612975021038358,1.4160104747307227,1.9135276685550073,1.9135276685550073,1.0,1.0,0.0,1.0,1.1216464805505508,0.9184932809064383,2.066609882039486,0.6666666666666666,3.1764559298013597,3.750514230367884,0.6666666666666666,3.788784783738949,4.592466404532082,0.5833333333333334,6.81215850005583,8.075086761302183,0.5833333333333334,False,False,0.6505994073087634,0.8802227275352642,True,False,2.028339328668312,0.8802227275352642,True,False,2.257962648894922,0.8802227275352642,True,False,2.870291502832511,0.8802227275352642,True
GBPJPY,baseline,現行HYBRID。追加の騙し回避なし,0,2017-04-19 11:00:00,2017-04-19 12:00:00,2017-04-19 16:00:00,long,3m,140.06,140.1,139.32556397893367,142.423308063199,139.32556397893367,-0.9999999999999887,-1.0258252450246759,4,SL,140.1,0.3097744084265322,0.12912622512352778,1.3558253637972713,1.2266991386737434,0.9047619047619209,0.9047619047619209,0.09523809523807912,0.9047619047619209,1.4451573985281385,1.2589806949546942,1.7432040391679464,0.6666666666666666,2.0014564894150935,2.356553608504818,0.6666666666666666,2.6148060587519653,2.421116721066628,0.5,7.392476388323411,7.198787050638074,0.5416666666666666,True,False,1.388106920078222,0.12912622512352778,True,False,1.388106920078222,0.12912622512352778,True,False,1.5495147014826087,0.12912622512352778,True,False,3.389563409493224,0.12912622512352778,True
GBPJPY,baseline,現行HYBRID。追加の騙し回避なし,0,2017-09-15 06:00:00,2017-09-15 07:00:00,2017-09-15 10:00:00,long,long,148.41,148.68,147.83192860393623,151.2242141881913,151.2242141881913,2.999999999999987,2.976417079867544,3,TP,148.67,0.3392285584255068,0.7664449043050892,2.4762066139088463,1.7981976601004208,0.7261904761904556,0.7738095238094936,0.2261904761905064,0.7738095238094936,1.4289355131055794,2.122462811921856,2.5056852640744007,1.0,2.7415144653990047,3.596395320200925,0.8333333333333334,3.6848312706976727,1.8276763102659754,0.5833333333333334,7.988714194872578,8.224543396197182,0.5,False,True,0.5895730033115941,0.4127011023181829,False,True,0.5895730033115941,3.065779617220524,False,True,0.5895730033115941,7.163311990236296,False,True,0.5895730033115941,8.371936647025123,False
GBPJPY,baseline,現行HYBRID。追加の騙し回避なし,0,2017-11-29 15:00:00,2017-11-29 16:00:00,2017-12-04 12:00:00,long,3m,150.09,150.24,149.5058720258636,152.44238392240922,152.44238392240922,3.000000000000016,2.9727567934957158,66,TP,150.22,0.29365118965455994,0.4427021056952723,1.0556742520426172,0.9194582195210173,0.8709677419355105,0.9677419354839005,0.03225806451609946,0.9677419354839005,1.3519245383126477,2.4178345772589065,2.247564536606834,0.6666666666666666,2.724320650432579,2.7583746585629547,0.5,4.01837295938802,4.324859032561693,0.5833333333333334,10.556742520426171,8.683772073253762,0.5,True,False,1.804862430911562,0.27243206504329665,True,False,1.804862430911562,0.5108101219561206,True,False,1.804862430911562,0.5108101219561206,True,False,1.804862430911562,0.5108101219561206,True
GBPJPY,baseline,現行HYBRID。追加の騙し回避なし,0,2018-01-17 18:00:00,2018-01-17 19:00:00,2018-01-19 14:00:00,long,3m,153.63,153.98,153.27003660808026,156.10989017575918,153.27003660808026,-0.999999999999994,-1.0281704665727873,43,SL,153.99,0.2839853567678932,1.2676709957769008,3.0283251565780853,2.3240634922575514,0.7674418604651001,0.7790697674418666,0.22093023255813338,0.7790697674418666,1.2516218514747228,2.4649158251217185,4.57770081808312,0.6666666666666666,2.746620490849852,4.718553150947186,0.6666666666666666,3.4508821551702855,4.57770081808312,0.5833333333333334,4.57770081808312,5.387601732051628,0.625,False,True,0.5634093314563671,0.6690485811044421,False,False,0.5634093314563671,0.8803270804005923,False,False,0.5986224146724588,0.8803270804005923,False,False,1.126818662912834,0.8803270804005923,False
GBPJPY,baseline,現行HYBRID。追加の騙し回避なし,0,2018-02-28 12:00:00,2018-02-28 13:00:00,2018-03-02 06:00:00,short,3m,147.99,147.78,148.44474409224892,145.7857677232532,145.7857677232532,2.9999999999999947,2.969913233929884,41,TP,147.74,0.2658976368995738,0.940211439691816,2.3317243704357207,1.9932482521466541,0.8548387096774149,0.8548387096774149,0.14516129032258507,0.8548387096774149,1.1421297126537049,2.8958512342507245,3.7232373011795183,1.0,2.8958512342507245,4.136930334643969,0.6666666666666666,4.738665656046718,5.528443265387874,0.8333333333333334,5.152358689511169,5.490834807800128,0.625,False,False,1.2786875579808825,-0.07521691517527687,False,False,1.2786875579808825,0.0,False,True,1.2786875579808825,2.93345969183847,False,True,1.2786875579808825,3.0838935221892374,False
GBPJPY,baseline,現行HYBRID。追加の騙し回避なし,0,2018-05-23 08:00:00,2018-05-23 09:00:00,2018-05-29 06:00:00,short,3m,147.01,146.84,147.5682921687066,144.65512349388027,144.65512349388027,2.9999999999999902,2.972538493671423,90,TP,146.85,0.29131686748263236,0.5492301265718348,2.265574272108855,1.3387484335189266,0.5909090909091164,0.5909090909091164,0.40909090909088364,0.5909090909091164,1.3610637909697725,3.947591534735166,4.359514129664067,1.0,4.153552832199616,4.256533480931841,0.6666666666666666,6.590761518862212,7.10566476252324,0.5833333333333334,8.993643322614002,8.787682025149552,0.625,False,True,-0.034326882910709185,2.093939857555114,False,True,-0.034326882910709185,2.093939857555114,False,True,-0.034326882910709185,3.123746344877365,False,True,1.0641333702329603,3.1924001106988813,False
GBPJPY,baseline,現行HYBRID。追加の騙し回避なし,0,2018-08-29 13:00:00,2018-08-29 14:00:00,2018-08-31 07:00:00,long,3m,143.7,144.45,143.9509475877786,145.94715723666417,143.9509475877786,-1.0000000000000178,-1.0400759509626778,41,SL,143.97,0.19962096488855752,1.3525633449910597,3.4064558318292404,3.256171015719123,0.9558823529411753,1.0,0.0,1.0,1.2799778886895699,1.2022785288809419,3.356360893125773,0.6666666666666666,2.504746935168534,4.759019176820158,0.8333333333333334,3.206076077015655,4.60873436071004,0.6666666666666666,4.057690034973037,2.9556013834988875,0.4583333333333333,False,True,-1.45275322239771,5.911202766997775,False,True,-1.45275322239771,7.3639559893954845,False,True,-1.45275322239771,7.3639559893954845,False,True,-1.45275322239771,7.564335744208927,False
GBPJPY,baseline,現行HYBRID。追加の騙し回避なし,0,2018-09-11 07:00:00,2018-09-11 08:00:00,2018-09-11 08:00:00,long,3m,145.62,145.7,145.12694284093934,147.41917147718198,145.12694284093934,-0.9999999999999872,-1.0349005324927063,0,SL,145.71,0.22922286362426414,0.39263099054346057,1.7450266246375614,1.003390309166663,0.5750000000000373,0.7500000000000178,0.24999999999998224,0.7500000000000178,0.893924251729346,1.6577752934056398,2.312160277644741,0.6666666666666666,2.3557859432606394,2.312160277644741,0.6666666666666666,3.9699355710503808,3.926309905434482,0.5833333333333334,10.601036744673063,9.379518107426783,0.6666666666666666,True,False,3.490053249275123,0.21812832807961766,True,False,3.490053249275123,0.21812832807961766,True,False,3.490053249275123,0.21812832807961766,True,False,5.365956870760504,0.21812832807961766,True
GBPJPY,baseline,現行HYBRID。追加の騙し回避なし,0,2018-10-14 22:00:00,2018-10-14 23:00:00,2018-10-16 07:00:00,short,3m,146.93,146.9,147.63156810906324,144.70529567281034,147.63156810906324,-1.0000000000000147,-1.0273385345154022,32,SL,146.88,0.2926272436252887,0.17086584072136746,0.649290194741041,0.06834633628856641,0.10526315789479196,0.7368421052632445,0.2631578947367555,0.7368421052632445,1.1487785647865,1.298580389482082,1.640312070924817,0.0,2.6655071152527303,1.9820437523674546,0.5,5.638572743803864,5.057628885351389,0.5833333333333334,6.185343434112103,5.228494726072659,0.5,True,False,0.649290194741041,-0.06834633628856641,True,True,0.649290194741041,0.4784243540196735,True,False,0.649290194741041,0.4784243540196735,True,True,0.649290194741041,0.4784243540196735,True
GBPJPY,baseline,現行HYBRID。追加の騙し回避なし,0,2018-11-06 18:00:00,2018-11-06 19:00:00,2018-11-09 09:00:00,long,3m,148.36,148.57,147.9529091749148,150.42127247525556,147.9529091749148,-1.000000000000018,-1.0324101399453345,62,SL,148.56,0.24683633003407535,0.8102534986336045,0.8507661735653654,0.4456394242485631,0.5238095238095689,0.8095238095238546,0.19047619047614536,0.8095238095238546,0.9868954692528589,1.6205069972673243,2.147171771379179,0.6666666666666666,3.808191443578264,3.0789632948078354,0.6666666666666666,4.213318192895066,2.75486189535444,0.5833333333333334,4.334856217690119,3.8081914435781488,0.625,False,False,0.6482027989069067,0.08102534986340651,False,True,0.6482027989069067,0.08102534986340651,False,True,0.6482027989069067,0.44563942424844794,False,True,0.6482027989069067,0.44563942424844794,False
GBPJPY,baseline,現行HYBRID。追加の騙し回避なし,0,2018-12-20 15:00:00,2018-12-20 16:00:00,2019-01-02 03:00:00,short,3m,141.18,141.15,141.74962179910057,139.35113460269832,139.35113460269832,3.000000000000008,2.9666456422532046,173,TP,141.15,0.2398487196402237,0.1250788415506305,1.417560204240321,1.042323679588548,0.7352941176471129,0.8823529411764853,0.11764705882351466,0.8823529411764853,1.1334985620195888,2.376497989461861,2.4598838838289874,1.0,2.376497989461861,1.9178755704429615,0.5,2.418190936645365,3.2520498803162745,0.6666666666666666,3.4188216690504087,4.044215876803562,0.5416666666666666,False,True,0.500315366202522,0.750473049303783,False,True,0.500315366202522,1.4175602042404394,False,True,0.500315366202522,1.834489676075835,False,True,0.500315366202522,2.5015768310124913,False
GBPJPY,baseline,現行HYBRID。追加の騙し回避なし,0,2019-01-17 17:00:00,2019-01-17 18:00:00,2019-01-23 15:00:00,long,3m,140.88,141.23,140.5272479280902,143.33825621572936,143.33825621572936,2.9999999999999885,2.9715404609969513,92,TP,140.98,0.281100828763917,0.35574423753826595,1.6008490689222474,1.0672327126147978,0.6666666666666456,0.7999999999999874,0.20000000000001264,0.7999999999999874,0.9159007245713634,1.7075723401837373,1.9565933064605132,0.6666666666666666,2.5969329340294527,3.0238260190754125,0.6666666666666666,4.233356426705598,2.490209662767963,0.5833333333333334,4.233356426705598,3.6641656466443515,0.5,False,True,-0.8537861700919191,1.7075723401838383,False,True,-0.8537861700919191,4.268930850459495,False,True,-0.8537861700919191,4.268930850459495,False,True,-0.8537861700919191,4.268930850459495,False
GBPJPY,baseline,現行HYBRID。追加の騙し回避なし,0,2019-05-08 03:00:00,2019-05-08 04:00:00,2019-05-09 08:00:00,short,3m,143.68,143.66,144.12209585032647,142.27371244902054,142.27371244902054,3.0000000000000075,2.9567189361561077,28,TP,143.65,0.18483834013059428,0.16230398941477814,1.4066345749279747,1.0820265960984186,0.7692307692307524,0.8846153846153763,0.11538461538462379,0.8846153846153763,0.9459482895444458,1.6230398941477815,1.4066345749279747,1.0,2.1640531921969908,2.542762500831422,0.8333333333333334,2.4345598412216725,1.731242553757531,0.5833333333333334,8.493908779373186,7.898794151518947,0.625,True,False,0.5951146278540841,-0.054101329804874795,True,False,1.0820265960984186,-0.054101329804874795,True,False,1.4607359047328496,-0.054101329804874795,True,True,1.4607359047328496,2.0558505325870873,True
GBPJPY,baseline,現行HYBRID。追加の騙し回避なし,0,2019-07-03 06:00:00,2019-07-03 07:00:00,2019-07-04 05:00:00,short,3m,135.35,135.24,135.67123097413264,133.9463070776021,135.67123097413264,-0.9999999999999897,-1.0463788577344304,22,SL,135.23,0.17249238965305444,0.6956828660172697,2.14502217021986,1.6232600207069077,0.7567567567567506,0.7837837837838295,0.21621621621617054,0.7837837837838295,0.9532862053620033,0.6956828660172697,1.4493393042025902,0.3333333333333333,2.4348900310604438,1.8551543093794407,0.6666666666666666,3.652335046590666,3.536387902254399,0.6666666666666666,9.623612979905344,9.623612979905179,0.625,True,False,1.2174450155302219,0.5217621495129523,True,False,1.4493393042025902,0.5217621495129523,True,False,1.4493393042025902,0.5217621495129523,True,False,1.7392071650431742,0.5217621495129523,True
GBPJPY,baseline,現行HYBRID。追加の騙し回避なし,0,2019-07-30 03:00:00,2019-07-30 04:00:00,2019-07-31 13:00:00,short,long,132.24,132.2,132.7227485396765,130.63175438097045,132.7227485396765,-1.0000000000000084,-1.0382593130004012,33,SL,132.19,0.20909941587060354,0.23912070625272688,1.0521311075117536,0.6695379775075537,0.6363636363637069,1.0,0.0,1.0,1.2634852022373868,3.538986452539597,3.252041605036379,1.0,3.538986452539597,3.538986452539597,0.6666666666666666,4.256348571297641,4.4954692775502325,0.5833333333333334,10.138717945113337,9.5648282501069,0.625,False,True,0.04782414125049101,2.869448475032043,False,True,0.04782414125049101,2.869448475032043,False,True,0.04782414125049101,2.869448475032043,True,False,0.6695379775075537,2.869448475032043,False
GBPJPY,baseline,現行HYBRID。追加の騙し回避なし,0,2019-10-01 14:00:00,2019-10-01 15:00:00,2019-10-01 16:00:00,short,3m,131.99,131.8,132.4214309842031,129.9357070473907,132.4214309842031,-0.9999999999999952,-1.03218378308836,1,SL,131.81,0.24857239368124176,0.7241351194888956,2.252864816187599,2.212635087327143,0.9821428571428734,0.9821428571428734,0.017857142857126543,0.9821428571428734,1.1762665051479266,3.66090532630482,4.385040445793716,1.0,3.9827431571886978,5.109175565282611,0.6666666666666666,3.9827431571886978,4.224121530351777,0.4166666666666667,3.9827431571886978,5.310324209585007,0.4583333333333333,False,True,0.7643648483493518,0.20114864430250914,True,False,4.183891801491207,0.20114864430250914,True,False,4.183891801491207,0.20114864430250914,True,False,4.183891801491207,0.20114864430250914,True
GBPJPY,baseline,現行HYBRID。追加の騙し回避なし,0,2019-10-11 10:00:00,2019-10-11 11:00:00,2019-10-15 15:00:00,long,3m,135.65,135.94,134.8906052943302,139.08818411700946,139.08818411700946,3.0000000000000107,2.9809413942228677,51,TP,135.95,0.41975788226792704,0.7146977166434628,2.8587908665740542,1.9296838349374648,0.6749999999999923,0.7333333333333191,0.2666666666666809,0.7333333333333191,1.700887428723361,3.311432753781601,3.5020188115531643,0.6666666666666666,3.311432753781601,3.7402513837676516,0.8333333333333334,3.359079268224458,4.454949100411115,0.5833333333333334,9.672242431908751,10.625172720766702,0.5833333333333334,False,True,0.07146977166435305,3.4543722971103072,False,True,0.07146977166435305,3.4543722971103072,False,True,0.07146977166435305,3.7164281265462233,False,True,0.07146977166435305,4.526418872075535,False
GBPJPY,baseline,現行HYBRID。追加の騙し回避なし,0,2019-11-18 07:00:00,2019-11-18 08:00:00,2019-11-18 15:00:00,long,3m,140.72,140.96,140.6037101941711,142.02886941748673,140.6037101941711,-0.9999999999999988,-1.0561340786988036,7,SL,140.95,0.14251592233156335,1.613854762592033,3.017206730063548,1.8945251560862562,0.6279069767441338,0.6744186046511336,0.32558139534886643,0.6744186046511336,0.9005830685385648,0.8420111804826698,2.526033541448408,0.6666666666666666,1.4735195658448215,2.596201139821914,0.8333333333333334,2.806703934942631,4.139888304040441,0.5833333333333334,7.367597829224706,7.578100624345423,0.6666666666666666,False,True,0.0,1.6840223609657383,False,True,0.0,2.105027951207173,False,True,0.0,4.069720705667135,False,False,1.052513975603387,4.069720705667135,False
GBPJPY,baseline,現行HYBRID。追加の騙し回避なし,0,2020-01-17 06:00:00,2020-01-17 07:00:00,2020-01-17 09:00:00,long,3m,144.15,144.24,143.84785693739022,145.4164291878294,143.84785693739022,-0.9999999999999823,-1.0510017947706904,2,SL,144.25,0.15685722504391883,0.637522434634395,1.4663015996591264,1.2112926258054046,0.826086956521766,0.9565217391304723,0.04347826086952761,0.9565217391304723,0.8593547728603763,0.6375224346345761,1.1475403823420196,0.6666666666666666,1.657558330049463,0.7650269215613463,0.6666666666666666,1.9125673039031847,2.550089738537761,0.6666666666666666,5.928958642100072,5.737701911709917,0.625,True,False,1.0200358954150681,0.12750448692695146,True,False,1.0837881388784532,0.637522434634395,True,False,3.7613823643431656,1.5300538431226927,True,False,5.036427233611955,1.5300538431226927,True
GBPJPY,baseline,現行HYBRID。追加の騙し回避なし,0,2020-02-27 21:00:00,2020-02-27 22:00:00,2020-02-28 15:00:00,short,3m,141.25,141.17,141.9027836080771,138.97164917576868,138.97164917576868,2.9999999999999893,2.9727068130624925,17,TP,141.16,0.29311344323084265,0.30704835304712913,1.5352417652355486,1.364659346876097,0.8888888888889239,0.9777777777777974,0.022222222222202572,0.9777777777777974,1.1867087067003856,1.4670087978918067,1.8422901182826776,0.6666666666666666,2.2516879223455164,1.1940769285165485,0.5,3.5481143018777748,3.3775318835183232,0.6666666666666666,4.093978040628291,4.1963274916439035,0.625,False,False,0.1705824183595485,1.1599604448446776,False,False,0.2729318693752582,1.1599604448446776,False,True,0.5458637387504194,1.1599604448446776,False,True,0.5458637387504194,3.3092989161744844,False
GBPJPY,baseline,現行HYBRID。追加の騙し回避なし,0,2020-03-18 16:00:00,2020-03-18 17:00:00,2020-03-19 12:00:00,short,long,126.52,124.99,127.03940891063121,118.84177326810637,127.03940891063121,-1.0000000000000018,-1.00975891140917,19,SL,125.0,0.8197635642524844,1.8541931677410355,4.428106051907874,3.3546257968999087,0.7575757575757586,0.7658402203856762,0.2341597796143238,0.7658402203856762,1.1919182897501346,1.1100761727923465,2.8788788657031934,0.6666666666666666,2.537316966382474,4.537893805260966,0.8333333333333334,3.5742013036060754,5.855346845498036,0.75,4.330516937816242,5.501586306915839,0.625,False,False,1.4760353506359523,0.5245414882425394,False,False,1.5858231039890442,0.5245414882425394,False,True,1.5858231039890442,0.5245414882425394,False,False,1.5858231039890442,1.0002884194392372,False
GBPJPY,baseline,現行HYBRID。追加の騙し回避なし,0,2020-04-21 09:00:00,2020-04-21 10:00:00,2020-04-22 09:00:00,short,3m,132.46,132.41,133.06642281982496,130.44073154052512,133.06642281982496,-1.000000000000016,-1.03046816685216,22,SL,132.4,0.262569127929983,0.22851125139129816,2.551708973869352,2.3993681396085225,0.9402985074626974,1.0,0.0,1.0,1.0522357440351016,1.8661752196955657,3.6561800222606626,0.6666666666666666,2.0566012625215753,3.6561800222606626,0.6666666666666666,4.03703210791279,5.217673573434461,0.6666666666666666,5.598525659086588,6.6268262903473225,0.6666666666666666,True,False,0.761704171304255,0.22851125139129816,True,True,0.761704171304255,1.5234083426086185,True,True,0.761704171304255,1.7138343854347362,True,True,1.5614935511737986,1.7900048025650968,True
GBPJPY,baseline,現行HYBRID。追加の騙し回避なし,0,2020-05-06 08:00:00,2020-05-06 09:00:00,2020-05-08 14:00:00,short,3m,131.88,131.58,132.0884348809851,130.0546953570448,132.0884348809851,-1.0000000000000275,-1.0393364042239723,51,SL,131.57,0.20337395239402564,1.5242856636792632,3.1960828431984596,2.6552072851187978,0.830769230769255,0.830769230769255,0.169230769230745,0.830769230769255,0.8172206472846504,0.8850690950394595,3.1469123379185286,0.3333333333333333,0.8850690950394595,3.097741832638458,0.3333333333333333,2.901059811518454,4.425345475197856,0.5,5.359585075517248,6.736359223356717,0.5416666666666666,False,True,0.19668202112000413,0.7867280844795972,False,True,0.3933640422398685,0.7867280844795972,False,True,0.3933640422398685,1.4259446531192612,False,True,0.3933640422398685,3.097741832638458,False
GBPJPY,baseline,現行HYBRID。追加の騙し回避なし,0,2020-05-29 14:00:00,2020-05-29 15:00:00,2020-06-02 09:00:00,long,3m,133.16,133.17,132.44738395881456,135.3378481235563,135.3378481235563,3.0000000000000147,2.9723227843556286,41,TP,133.19,0.28904641647417534,0.1037895586665454,2.2833702906639006,1.487650340887118,0.6515151515151653,0.6515151515151653,0.3484848484848348,0.6515151515151653,1.402833363200062,2.733125044885663,2.5947389666635368,0.6666666666666666,3.8402136706620817,4.670530139994346,0.5,3.8402136706620817,2.83691460355211,0.5,3.8402136706620817,2.110387692886292,0.5,True,False,1.7644224973311735,-0.06919303911106305,True,False,2.5601424471080545,-0.06919303911106305,True,False,2.5601424471080545,-0.06919303911106305,True,False,2.5601424471080545,0.3113686759996362,True
GBPJPY,baseline,現行HYBRID。追加の騙し回避なし,0,2020-09-08 12:00:00,2020-09-08 13:00:00,2020-09-10 16:00:00,short,3m,138.25,138.17,138.80927920640897,136.25216238077303,136.25216238077303,3.0000000000000155,2.968714765317775,51,TP,138.24,0.2557116825635931,0.03910654335280125,1.877114080936127,1.0167701271737217,0.5416666666666593,0.5624999999999741,0.4375000000000259,0.5624999999999741,1.2320426706959091,3.5195889017553355,2.659244947992819,1.0,5.122957179221632,5.3575964393386615,0.8333333333333334,5.6313422428084925,5.944194589631125,0.6666666666666666,6.257046936453868,5.865981502925522,0.625,False,True,-0.039106543352912394,1.4078355607021786,False,True,0.35195889017554466,1.4078355607021786,False,True,0.35195889017554466,1.4078355607021786,False,True,0.35195889017554466,2.3072860578173855,False
GBPJPY,baseline,現行HYBRID。追加の騙し回避なし,0,2020-11-09 11:00:00,2020-11-09 12:00:00,2020-11-19 02:00:00,long,3m,137.62,138.1,137.28456773718003,140.54629678845993,137.28456773718003,-0.9999999999999932,-1.0245268686460984,181,SL,138.09,0.3261729051279894,1.4409535329599865,3.280468681419531,2.881907065919973,0.8785046728971997,1.0,0.0,1.0,1.179163879466436,3.587054539496107,6.101058575724241,0.6666666666666666,3.587054539496107,5.211959587302144,0.3333333333333333,3.587054539496107,6.039741404108891,0.5833333333333334,5.273276758917407,7.848597966760804,0.625,False,True,0.0,0.8584404026144656,False,True,0.0,1.931490905882526,False,True,0.0,1.931490905882526,False,True,0.0,2.054125249113139,False
GBPJPY,baseline,現行HYBRID。追加の騙し回避なし,0,2020-12-11 07:00:00,2020-12-11 08:00:00,2020-12-13 22:00:00,short,3m,137.58,137.51,138.22914783384977,135.3525564984507,138.22914783384977,-1.0000000000000164,-1.0278106935161428,13,SL,137.5,0.2876591335399051,0.2781069351615586,3.337283221938209,2.190092114396916,0.6562499999999898,0.7708333333333364,0.22916666666666358,0.7708333333333364,1.0577612409719388,1.772931711654726,3.337283221938209,0.3333333333333333,1.8424584454450417,3.232993121252637,0.3333333333333333,2.190092114396916,3.615390157099669,0.4166666666666667,4.2411307612131015,5.666428803915855,0.5,False,False,1.0081376399604647,0.06952673379041435,False,True,1.0081376399604647,0.834320805484577,False,True,1.0081376399604647,1.321007942017181,False,True,1.0081376399604647,2.5724891502440466,False
GBPJPY,baseline,現行HYBRID。追加の騙し回避なし,0,2020-12-24 07:00:00,2020-12-24 08:00:00,2020-12-28 00:00:00,long,3m,140.67,140.85,140.14895544135797,142.95313367592607,140.14895544135797,-0.9999999999999986,-1.0285288570511442,37,SL,140.84,0.28041782345681027,0.6062382123374521,1.7473924943842898,1.3194596386167003,0.7551020408163218,0.8775510204081609,0.1224489795918391,0.8775510204081609,0.9229635366556826,1.3194596386167003,1.6760703517563245,0.6666666666666666,1.6404092804423924,1.8187146370121539,0.6666666666666666,3.7800735592802384,3.708751416652273,0.75,6.989569977537058,7.381841761990614,0.625,False,True,0.5349160697094868,0.6062382123373508,False,True,0.5349160697094868,1.212476424674803,False,False,0.5349160697094868,1.212476424674803,False,False,1.3551207099306324,1.212476424674803,False
GBPJPY,baseline,現行HYBRID。追加の騙し回避なし,0,2021-01-27 14:00:00,2021-01-27 15:00:00,2021-01-28 08:00:00,long,long,142.67,142.61,142.20162866170415,143.8351140148876,142.20162866170415,-0.9999999999999974,-1.0489750335648942,17,SL,142.68,0.1633485353183464,0.06121879195629484,2.0814389265100224,2.0814389265100224,1.0,1.0,0.0,1.0,1.1402864407364075,1.530469798904413,2.3263140943346796,0.6666666666666666,2.4487516782470955,1.0407194632550982,0.6666666666666666,2.693626846071927,1.8365637586853651,0.5,3.060939597808826,1.7141261747729495,0.5416666666666666,True,False,1.2855946310797557,-0.367312751737073,True,False,1.469251006948292,0.0,True,True,1.469251006948292,0.367312751737073,True,False,1.7753449667292442,0.6121879195617304,True
GBPJPY,baseline,現行HYBRID。追加の騙し回避なし,0,2021-03-31 11:00:00,2021-03-31 12:00:00,2021-04-06 10:00:00,long,3m,152.51,152.58,152.0973423711277,154.027972886617,152.0973423711277,-0.9999999999999766,-1.0414372399887226,93,SL,152.61,0.1930630515489315,0.5179654998599145,1.3467102996354243,1.1913206496776265,0.8846153846154855,0.8846153846154855,0.11538461538451449,0.8846153846154855,0.9711631892500786,1.2431171996635593,1.6056930495653816,0.3333333333333333,2.0718619994392165,2.434437849341186,0.5,3.3149791991027753,3.4185722990747878,0.5,6.888941148135361,6.370975648275594,0.5416666666666666,True,False,1.139524099691694,0.6733551498177122,True,False,2.0718619994392165,0.6733551498177122,True,False,2.0718619994392165,0.6733551498177122,True,False,2.0718619994392165,0.6733551498177122,True
GBPJPY,baseline,現行HYBRID。追加の騙し回避なし,0,2021-06-17 10:00:00,2021-06-17 11:00:00,2021-06-18 12:00:00,short,3m,154.07,153.85,154.35700658463938,152.32898024608187,152.32898024608187,2.999999999999999,2.960552780563574,25,TP,153.79,0.2028026338557501,1.3806526802761356,3.2050865792124728,2.909232433439005,0.907692307692305,0.9846153846153988,0.015384615384601258,0.9846153846153988,1.5581020017563467,2.021669996118602,4.092649016532876,0.3333333333333333,3.10646853062127,5.02952047814881,0.5,3.3530136520992064,4.684357308079811,0.4166666666666667,4.3885031623063435,6.065009988355946,0.5,False,False,1.5778887774585408,0.24654512147779628,False,True,1.5778887774585408,0.29585414577346764,False,True,1.5778887774585408,2.0709790204141334,False,True,1.5778887774585408,3.303704627803535,False
GBPJPY,baseline,現行HYBRID。追加の騙し回避なし,0,2021-07-08 05:00:00,2021-07-08 06:00:00,2021-07-09 08:00:00,short,3m,151.29,151.24,151.8244598815851,149.48662035524472,151.8244598815851,-1.0000000000000164,-1.0342196284640617,26,SL,151.18,0.23378395263403787,0.47051989138098665,2.480923063645589,2.224275850164885,0.8965517241378803,0.9655172413792934,0.03448275862070655,0.9655172413792934,1.4431362529823597,3.1653156329271015,4.961846127291056,1.0,3.3791883108276273,4.961846127291056,0.6666666666666666,4.833522520550887,5.902885910053151,0.6666666666666666,6.416180337014316,6.287856730274025,0.5833333333333334,True,False,1.026588853922208,0.0,True,False,2.224275850164885,0.0,True,True,2.224275850164885,0.7699416404417471,True,True,2.224275850164885,2.2670503857450632,True
GBPJPY,baseline,現行HYBRID。追加の騙し回避なし,0,2021-08-16 11:00:00,2021-08-16 12:00:00,2021-08-19 21:00:00,short,3m,151.16,150.98,151.44940683824623,149.5717794852613,149.5717794852613,3.000000000000024,2.957393036550781,81,TP,150.96,0.18776273529849202,1.0651740862319814,3.302039667319354,3.0890048500728366,0.9354838709677094,0.9354838709677094,0.06451612903229059,0.9354838709677094,1.5991427457793592,1.9705720595293017,2.8759700328264706,0.3333333333333333,2.2368655810873728,3.0890048500728366,0.5,2.5564178069569974,3.78136800612364,0.6666666666666666,6.071492291522717,7.509477307935877,0.6666666666666666,True,False,1.4379850164131598,-0.10651740862310731,True,False,1.9705720595293017,-0.10651740862310731,True,False,1.9705720595293017,-0.10651740862310731,True,False,1.9705720595293017,-0.10651740862310731,True
GBPJPY,baseline,現行HYBRID。追加の騙し回避なし,0,2021-10-08 12:00:00,2021-10-08 13:00:00,2021-10-11 10:00:00,long,3m,152.53,152.76,152.28370340568742,154.1888897829377,154.1888897829377,2.999999999999976,2.9580093575330757,20,TP,152.75,0.19051863772503036,1.1547426678408128,2.0470438202631978,1.8370906079285454,0.8974358974359142,0.8974358974359142,0.10256410256408574,0.8974358974359142,1.0173497322252734,2.1520204264305987,2.939344972685732,0.6666666666666666,2.3094853356816256,2.7818800634347056,0.6666666666666666,2.5194385480162778,2.8343683665183312,0.5,4.776435580614278,4.618970671363251,0.5833333333333334,False,True,0.10497660616740086,0.7873245462551335,False,False,0.4723947277530801,0.7873245462551335,False,False,0.4723947277530801,0.7873245462551335,False,True,0.4723947277530801,0.7873245462551335,False
GBPJPY,baseline,現行HYBRID。追加の騙し回避なし,0,2021-10-15 03:00:00,2021-10-15 04:00:00,2021-10-15 09:00:00,long,long,156.04,156.09,155.7300187918068,157.1699436245796,157.1699436245796,2.999999999999999,2.9444415443229235,5,TP,156.08,0.14399248327727798,0.27779227838577364,1.1806171831388472,0.9028249047534683,0.7647058823531379,0.8823529411765689,0.11764705882343107,0.8823529411765689,0.7464383349499079,1.9445459486994288,1.3195133223319315,1.0,3.4724034798203944,3.4029554102240493,0.8333333333333334,4.5141245237663545,4.097436106188089,0.75,6.667014681255015,6.805910820448099,0.5833333333333334,False,True,1.0417210439461577,0.6944806959640394,False,True,1.0417210439461577,3.958539966995202,False,True,1.0417210439461577,5.139157150134049,False,True,1.0417210439461577,8.19487221237598,False
GBPJPY,baseline,現行HYBRID。追加の騙し回避なし,0,2022-02-24 02:00:00,2022-02-24 03:00:00,2022-03-01 15:00:00,short,3m,155.01,154.94,155.54804242114986,153.11587273655044,153.11587273655044,2.9999999999999964,2.9671075581171418,83,TP,154.95,0.24321696845994087,0.2466933141216444,2.9192042171060475,2.343586484155622,0.8028169014084722,0.9436619718309978,0.05633802816900224,0.9436619718309978,1.1339541142699054,1.7679687512050792,2.2202398270947996,0.6666666666666666,1.7679687512050792,3.4125908453493365,0.6666666666666666,3.618168607117412,4.111555235360584,0.6666666666666666,5.42725291067606,5.591715120090451,0.5833333333333334,False,True,0.2878088664753297,2.055777617680292,False,True,0.2878088664753297,2.055777617680292,False,True,0.2878088664753297,2.343586484155505,False,True,0.2878088664753297,3.5770530547636104,False
GBPJPY,baseline,現行HYBRID。追加の騙し回避なし,0,2022-03-16 19:00:00,2022-03-16 20:00:00,2022-03-22 06:00:00,long,3m,156.05,156.12,155.42339344731275,158.20981965806175,158.20981965806175,2.9999999999999996,2.9712893886472505,81,TP,156.11,0.278642621074899,0.21532958514582126,0.7895418122014126,0.5742122270555914,0.7272727272727507,1.0,0.0,1.0,1.1446874011945185,3.0505024562323317,3.1581672488053445,0.6666666666666666,5.1320217793084675,3.804156004242706,0.8333333333333334,6.352222761801421,5.81389879893697,0.75,6.60344061113828,6.711105403711191,0.5416666666666666,False,False,0.21532958514582126,0.10766479257280863,True,False,0.32299437771873185,0.5383239628644512,True,True,0.32299437771873185,0.5383239628644512,True,True,0.5742122270555914,1.4355305676386723,True
GBPJPY,baseline,現行HYBRID。追加の騙し回避なし,0,2022-04-13 16:00:00,2022-04-13 17:00:00,2022-04-19 02:00:00,long,3m,164.57,164.63,163.99869116295986,166.5239265111204,166.5239265111204,3.0000000000000036,2.968319784507138,80,TP,164.64,0.25252353481605466,0.27720188556279785,1.0296070035191403,0.9108061954206697,0.8846153846152796,0.9615384615383901,0.038461538461609934,0.9615384615383901,1.1651242647597808,2.455216700699211,2.3364158926008534,1.0,4.316429360906858,4.1184280140762235,1.0,4.316429360906858,3.564024242950515,0.8333333333333334,6.534044445409353,6.969647408436703,0.7916666666666666,False,True,0.19800134683052165,0.4356029630273502,False,True,0.19800134683052165,0.712804848590148,False,True,0.23760161619660347,0.8316056566885061,True,False,1.1088075422511914,0.8316056566885061,False
GBPJPY,baseline,現行HYBRID。追加の騙し回避なし,0,2022-05-11 14:00:00,2022-05-11 15:00:00,2022-05-12 06:00:00,short,3m,159.71,159.68,160.6756066492711,156.69318005218673,156.69318005218673,3.00000000000001,2.979911745251386,15,TP,159.69,0.39824265970843514,0.050220636871631995,2.033935793300061,1.632170698327219,0.8024691358024739,0.9135802469135889,0.08641975308641109,0.9135802469135889,1.0503881124773014,2.3854802514013422,3.8669890391136654,0.6666666666666666,3.2894517150902187,1.2052952849185257,0.5,3.2894517150902187,2.6365834357593596,0.6666666666666666,3.2894517150902187,1.607060379891439,0.5833333333333334,False,True,-0.025110318435780314,2.1845977039148856,False,True,-0.025110318435780314,2.1845977039148856,False,True,-0.025110318435780314,2.1845977039148856,False,True,-0.025110318435780314,2.1845977039148856,False
GBPJPY,baseline,現行HYBRID。追加の騙し回避なし,0,2022-09-06 04:00:00,2022-09-06 05:00:00,2022-09-07 08:00:00,long,3m,163.53,163.69,162.9480217957965,165.91593461261044,165.91593461261044,3.0000000000000147,2.973045030316704,27,TP,163.7,0.2967912816813912,0.5727931057708239,2.089010150458468,1.4151359083750388,0.6774193548386845,0.90322580645161,0.09677419354839005,0.90322580645161,1.1580564243744897,2.7965781046459393,3.8410831798751732,0.6666666666666666,3.6052271951460164,3.7736957556668016,0.8333333333333334,5.1888316640419365,6.300724163479446,0.8333333333333334,8.895139995500463,9.063608556021343,0.75,False,True,0.5054056815624522,1.9205415899376825,False,True,0.5054056815624522,1.9205415899376825,False,True,0.5054056815624522,2.6954969683335257,False,True,0.5054056815624522,2.830271816750173,False
GBPJPY,baseline,現行HYBRID。追加の騙し回避なし,0,2022-12-20 02:00:00,2022-12-20 03:00:00,2023-01-03 00:00:00,short,3m,164.01,161.98,163.56420209097138,157.2273937270858,157.2273937270858,3.0000000000000036,2.987375348060731,239,TP,161.99,0.6336808363885582,3.187724614669214,8.127119685914167,7.4801062740258155,0.9203883495145584,0.9378640776698988,0.06213592233010121,0.9378640776698988,1.9817389652215849,0.7259174865088499,7.4801062740258155,0.3333333333333333,1.2466843790042952,6.722627157668784,0.3333333333333333,1.5465198625623344,6.517476563655424,0.5,2.256656534147049,6.249202709945611,0.5,False,True,0.031561629848181616,0.7101366715847591,False,True,0.031561629848181616,1.7674512714997852,False,True,0.2840546686338588,1.8936977908926462,False,True,0.2840546686338588,2.714300166946086,False
GBPJPY,baseline,現行HYBRID。追加の騙し回避なし,0,2023-03-13 08:00:00,2023-03-13 09:00:00,2023-03-13 17:00:00,short,3m,161.15,160.86,162.2326897605183,156.74193071844513,162.2326897605183,-0.9999999999999916,-1.0145699345731396,8,SL,160.85,0.5490759042073183,0.5463725464935688,2.5133137138703128,1.8758790762945172,0.7463768115942062,0.8333333333333403,0.1666666666666598,0.8333333333333403,1.8159497339182424,2.167277767757737,3.7335457343725995,0.6666666666666666,2.167277767757737,3.0961110967968035,0.5,2.167277767757737,2.312977113489372,0.4166666666666667,4.316343117298986,4.116006516918097,0.5,True,False,0.7649215650909963,0.14569934573158383,True,True,1.0745326747706507,0.7102843104415877,True,True,1.0745326747706507,1.5298431301819408,True,False,2.003366003809666,1.5298431301819408,True
GBPJPY,baseline,現行HYBRID。追加の騙し回避なし,0,2023-03-30 10:00:00,2023-03-30 11:00:00,2023-04-02 23:00:00,long,3m,164.2,164.23,163.4197975468374,166.66060735948773,163.4197975468374,-1.0000000000000093,-1.0246851881550352,35,SL,164.22,0.32408098126503243,0.061712970387652256,2.314236389535776,2.036528022791472,0.8799999999999955,0.9066666666666757,0.09333333333332423,0.9066666666666757,0.9668996224782848,2.4993753006986448,1.2034029225585612,0.3333333333333333,3.209074460156251,2.962222578605817,0.6666666666666666,3.3016439157376856,3.363356886125338,0.5833333333333334,3.579352282481989,2.4685188155048623,0.5416666666666666,False,True,0.30856485193808586,0.5554167334886072,False,True,0.30856485193808586,0.6171297038761717,True,False,0.6479861890700417,0.6171297038761717,True,False,1.4193983189153003,0.6171297038761717,True
GBPJPY,baseline,現行HYBRID。追加の騙し回避なし,0,2023-05-19 10:00:00,2023-05-19 11:00:00,2023-05-19 13:00:00,long,3m,172.26,172.42,171.78366511747953,174.32900464756133,171.78366511747953,-1.0000000000000209,-1.0314299915804983,2,SL,172.41,0.254533953008178,0.5893123421345139,1.4929246000740275,0.7857497895126108,0.5263157894736606,0.8684210526315475,0.13157894736845255,0.8684210526315475,1.0444005359996376,3.1429991580506664,3.1037116685749577,1.0,3.8894614580876805,3.8108864791363746,0.6666666666666666,3.8894614580876805,2.43582434748925,0.4166666666666667,3.8894614580876805,2.317961879062347,0.5416666666666666,False,False,0.8250372789883195,0.23572493685380558,True,False,1.4143496211227218,0.23572493685380558,True,False,4.282336352843986,0.23572493685380558,True,False,4.282336352843986,0.23572493685380558,True
GBPJPY,baseline,現行HYBRID。追加の騙し回避なし,0,2023-07-27 15:00:00,2023-07-27 16:00:00,2023-07-28 01:00:00,short,3m,179.45,179.03,180.28476474730948,175.26570575807156,180.28476474730948,-0.999999999999997,-1.0159392428284766,9,SL,179.02,0.5019058989237934,0.8567343020315192,5.040785544511287,4.243823403086567,0.8418972332015788,0.8418972332015788,0.15810276679842114,0.8418972332015788,1.7704474897497704,1.434531854564474,4.861469062690721,0.3333333333333333,1.7931648182056066,5.220102026331797,0.6666666666666666,2.131873728311083,4.921241223297576,0.5833333333333334,2.1916458889179387,4.642304473798898,0.5,False,True,0.09962026767805465,1.3747596939576185,False,True,0.09962026767805465,3.247620726305737,False,True,0.09962026767805465,3.247620726305737,False,True,0.09962026767805465,3.247620726305737,False
GBPJPY,baseline,現行HYBRID。追加の騙し回避なし,0,2023-11-14 12:00:00,2023-11-14 13:00:00,2023-11-17 01:00:00,long,long,186.73,187.22,186.65992188872985,188.90023433381046,186.65992188872985,-0.9999999999999831,-1.0357093048228863,60,SL,187.18,0.22403124450806142,2.008648396290208,3.8833868994941487,3.213837434064206,0.8275862068965731,0.942528735632202,0.05747126436779807,0.942528735632202,1.3479705286351946,1.6961919790894244,3.303110696121591,0.3333333333333333,2.008648396290081,3.5262938512649895,0.5,2.5889245996627657,4.419026471838331,0.5,6.02594518887037,5.802762033727099,0.5833333333333334,False,True,-0.17854652411464286,3.3031106961214642,False,True,-0.17854652411464286,3.9726601615515333,False,True,-0.17854652411464286,4.820756151096246,False,True,-0.17854652411464286,4.820756151096246,False
GBPJPY,baseline,現行HYBRID。追加の騙し回避なし,0,2023-11-24 13:00:00,2023-11-24 14:00:00,2023-11-27 01:00:00,long,3m,188.26,188.33,187.8444422872836,189.7866731381492,187.8444422872836,-1.000000000000004,-1.041189748357813,10,SL,188.34,0.1942230850865591,0.41189748357853045,1.5446155634193064,1.1842052652880373,0.7666666666666035,0.8,0.2,0.8,0.8342108203086886,1.6475899343138292,2.162461788787029,1.0,4.736821061152442,2.9862567559439435,0.8333333333333334,5.3546672865200176,5.560616028309356,0.5833333333333334,5.3546672865200176,4.736821061152442,0.5416666666666666,False,True,0.1029743708946692,1.0297437089461066,False,True,0.1029743708946692,1.3901540070773757,False,True,0.1029743708946692,1.3901540070773757,False,True,0.1029743708946692,1.3901540070773757,False
GBPJPY,baseline,現行HYBRID。追加の騙し回避なし,0,2023-12-07 00:00:00,2023-12-07 01:00:00,2023-12-07 07:00:00,short,3m,184.45,184.45,184.94330419332135,182.97008742003587,182.97008742003587,3.000000000000021,2.959457064685963,6,TP,184.42,0.1973216773285482,0.15203600742786097,1.6217174125637543,1.5203600742786096,0.9375000000000555,0.9687500000000278,0.031249999999972244,0.9687500000000278,0.8557049255789365,2.077825434847337,2.2805401114179142,1.0,3.0407201485570754,3.294113494270225,1.0,4.459722884550396,4.30768687712268,0.75,6.030761627971578,5.878725620543861,0.6666666666666666,False,True,0.20271467657057732,0.9122160445670218,False,True,0.20271467657057732,1.26696672856546,False,True,0.20271467657057732,1.8751107582767599,False,True,0.20271467657057732,6.740262995968167,False
GBPJPY,baseline,現行HYBRID。追加の騙し回避なし,0,2024-01-19 04:00:00,2024-01-19 05:00:00,2024-01-19 06:00:00,long,long,188.61,188.71,188.16665398533107,190.34003804400686,188.16665398533107,-0.9999999999999812,-1.0368089568341772,1,SL,188.72,0.21733840586758058,0.506123156470586,1.426347077326399,1.0582575089840478,0.7419354838709293,0.7741935483871204,0.22580645161287957,0.7741935483871204,1.0023937172177728,1.4723582733692748,1.3803358812836544,0.3333333333333333,2.5306157823533226,2.254548606096592,0.5,3.58887329133737,3.6348844873801154,0.5833333333333334,5.889433093476707,5.061231564706515,0.625,True,False,0.506123156470586,0.7821903327273169,True,False,3.2667949190378947,0.7821903327273169,True,False,4.647130800321418,0.7821903327273169,True,False,6.119489073690693,0.7821903327273169,True
GBPJPY,baseline,現行HYBRID。追加の騙し回避なし,0,2024-06-12 08:00:00,2024-06-12 09:00:00,2024-06-12 11:00:00,long,3m,200.7,200.73,200.31272562077862,201.9818231376641,200.31272562077862,-0.9999999999999908,-1.047930093473023,2,SL,200.74,0.16690975168854874,0.23965046736550122,0.9586018694614941,0.5991261684135828,0.6250000000001554,1.0,0.0,1.0,0.6849982741146161,2.096941589447029,1.4379028041923263,1.0,2.9956308420672326,2.755980374701902,0.8333333333333334,3.774494861004686,3.534844393639355,0.5833333333333334,6.051174300975756,3.1753686925912734,0.5833333333333334,True,False,0.5991261684135828,0.7189514020961632,True,False,0.8387766357789137,0.7189514020961632,True,False,4.67318411362489,0.7189514020961632,True,False,4.912834580990391,0.7189514020961632,True
GBPJPY,baseline,現行HYBRID。追加の騙し回避なし,0,2024-09-24 04:00:00,2024-09-24 05:00:00,2024-09-27 03:00:00,long,3m,192.69,192.78,191.7446039103753,195.8861882688741,195.8861882688741,3.000000000000003,2.9806837207515167,70,TP,192.79,0.4141584358498785,0.24145349060628982,1.7867558304866682,0.9175232643039425,0.513513513513501,0.7162162162162089,0.28378378378379104,0.7162162162162089,0.9344189831310303,2.2213721135779623,2.1006453682748516,1.0,3.018168632578794,2.8732965382150066,0.6666666666666666,3.2113314250637983,3.6942384062764466,0.6666666666666666,5.915610519854409,2.9940232835181173,0.5833333333333334,False,True,0.6519244246369756,1.086540707728407,False,True,0.6519244246369756,1.086540707728407,False,True,0.6519244246369756,1.2072674530315177,True,False,1.5453023398803096,1.2072674530315177,False
CHFJPY,baseline,現行HYBRID。追加の騙し回避なし,0,2015-03-04 00:00:00,2015-03-04 01:00:00,2015-03-04 15:00:00,short,3m,124.382,124.378,124.75701384230638,123.24095847308085,124.75701384230638,-0.9999999999999849,-1.052768521271677,14,SL,124.379,0.18950692115319187,0.015830556381500185,1.0237093126703203,0.5171315084623144,0.5051546391752456,0.8762886597938114,0.12371134020618858,0.8762886597938114,0.7811013701717248,0.6754370722773162,0.6754370722773162,0.3333333333333333,0.8654037488553183,0.29550371912131174,0.5,2.247939006172951,1.0184324605431285,0.5,5.704277149467033,5.487926212253147,0.5,True,False,0.6226685510056239,0.27439631061269487,True,False,0.7018213329131248,0.27439631061269487,True,False,0.8654037488553183,0.27439631061269487,True,False,1.050093573306129,0.4115944659190048,True
CHFJPY,baseline,現行HYBRID。追加の騙し回避なし,0,2015-04-21 15:00:00,2015-04-21 16:00:00,2015-04-22 12:00:00,long,3m,125.324,125.348,124.85703742538878,126.82088772383365,124.85703742538878,-1.0000000000000036,-1.0407363025905787,20,SL,125.35,0.2454812873056076,0.10591438673542561,1.0469229765772632,0.5377191941952778,0.5136186770427558,0.5330739299610809,0.4669260700389191,0.5330739299610809,0.9829046852583938,2.9981918706647477,2.3423373989568197,1.0,4.656159386100347,3.776255250144343,0.8333333333333334,4.656159386100347,2.49713534880097,0.5833333333333334,4.656159386100347,1.5520531287001156,0.5833333333333334,False,True,0.20775514321177635,1.2302363382347639,False,True,0.20775514321177635,1.2302363382347639,False,False,0.4358784377189271,1.2302363382347639,True,False,0.6028972783401862,1.2302363382347639,False
CHFJPY,baseline,現行HYBRID。追加の騙し回避なし,0,2015-06-28 21:00:00,2015-06-28 22:00:00,2015-06-29 06:00:00,short,3m,130.893,130.491,131.36540298295662,127.86779105113015,131.36540298295662,-0.9999999999999883,-1.0228727490525542,8,SL,130.258,0.4372014914783102,1.4524195648392328,1.8366817489227034,1.1276265282925115,0.6139476961394729,0.7310087173100761,0.26899128268992395,0.7310087173100761,1.7257529389525093,1.2717248473238454,4.533378862222677,0.3333333333333333,1.2717248473238454,5.139506712116193,0.5,1.7657762268597363,4.668328081632932,0.4166666666666667,3.0397883490887865,4.073636606265635,0.4166666666666667,False,False,0.8897499381455795,1.4066740667341011,False,False,1.0704446556610319,1.4066740667341011,True,False,2.2461039569640096,1.4066740667341011,True,False,2.3444567778900818,1.4066740667341011,True
CHFJPY,baseline,現行HYBRID。追加の騙し回避なし,0,2015-08-04 18:00:00,2015-08-04 19:00:00,2015-08-05 15:00:00,short,3m,127.163,127.016,127.45117765224188,125.71046704327439,127.45117765224188,-1.000000000000009,-1.0459582423338647,20,SL,127.015,0.217588826120936,0.6801819865406951,1.8291380448864938,1.3603639730814556,0.7437185929648477,0.8793969849246174,0.12060301507538262,0.8793969849246174,1.0655199935037198,1.0754228706117084,1.7372215602188483,0.3333333333333333,3.010264872865998,3.7410009259738883,0.6666666666666666,4.453353682148354,5.0094484143876326,0.5833333333333334,4.453353682148354,3.6307011443727526,0.5416666666666666,False,False,0.5101364899055539,0.13787472700150108,False,False,0.7353318773412956,0.13787472700150108,True,False,0.8548233074092414,0.13787472700150108,True,False,0.8869940770429467,0.13787472700150108,True
CHFJPY,baseline,現行HYBRID。追加の騙し回避なし,0,2016-02-11 08:00:00,2016-02-11 09:00:00,2016-02-11 12:00:00,short,3m,115.34,115.061,115.79674268331891,112.85377195004331,115.79674268331891,-1.000000000000007,-1.0271834167752731,3,SL,115.064,0.3678713416594493,0.7502623029969886,2.9820208202451486,2.261660275701003,0.7584320875114059,0.769371011850513,0.230628988149487,0.769371011850513,1.239034021003508,1.166168579658324,2.364957259446952,0.3333333333333333,1.6717801316779952,2.8488220780464335,0.6666666666666666,3.4332655387143647,4.042174074480023,0.6666666666666666,7.249817253959761,7.8043589561749265,0.5833333333333334,False,False,0.4702731102118677,0.8644326534530135,False,False,0.7122055195116084,0.8644326534530135,False,True,0.7122055195116084,1.087336671010064,True,False,2.392140676222218,1.6255683231600775,False
CHFJPY,baseline,現行HYBRID。追加の騙し回避なし,0,2016-03-09 10:00:00,2016-03-09 11:00:00,2016-03-09 12:00:00,short,3m,112.273,112.103,112.59069523295317,110.63991430114046,112.59069523295317,-0.9999999999999885,-1.0410092177421895,1,SL,112.103,0.24384761647658873,0.6971567016170651,3.1084987048572175,2.1611857750128842,0.6952506596306123,0.7282321899736279,0.2717678100263721,0.7282321899736279,1.052745972743597,1.652671475009815,2.833736945984641,0.6666666666666666,1.8946258596887244,2.8296360242104615,0.6666666666666666,3.112599626631455,4.244454036315663,0.5,6.11447436535902,6.270309392779349,0.5,True,False,1.2179737669427888,0.3116700548405401,True,False,2.1242774790449213,0.3116700548405401,True,False,2.2883143500136662,0.3116700548405401,True,False,5.921731041970787,0.3116700548405401,True
CHFJPY,baseline,現行HYBRID。追加の騙し回避なし,0,2016-04-29 01:00:00,2016-04-29 02:00:00,2016-05-03 21:00:00,short,3m,111.489,111.353,111.93629416285624,109.60311751143124,111.93629416285624,-0.9999999999999912,-1.0342880167051045,67,SL,111.352,0.29164708142812656,0.4697458288598122,2.2664379042068283,0.9086324426850372,0.40090771558245086,0.48260211800302866,0.5173978819969713,0.48260211800302866,1.2542952914272243,1.1657925679732644,1.7075432319137316,0.3333333333333333,1.1897941796667997,1.4263814949319689,0.5,2.2732955075478314,2.564743649541123,0.5,11.699071299778614,12.206533947014066,0.5416666666666666,False,True,0.1028640501152909,0.3874545887675795,False,True,0.1028640501152909,0.7509075658416235,False,True,0.1028640501152909,0.7509075658416235,False,True,0.5897538873276353,0.7509075658416235,False
CHFJPY,baseline,現行HYBRID。追加の騙し回避なし,0,2016-06-02 13:00:00,2016-06-02 14:00:00,2016-06-06 12:00:00,short,3m,109.834,109.75,110.20552389913227,108.38342830260319,110.20552389913227,-1.000000000000014,-1.0439054900041795,46,SL,109.749,0.22776194956613374,0.3731966650352502,2.2128366962088273,1.4005851311321722,0.632936507936507,0.7837301587301714,0.21626984126982857,0.7837301587301714,1.220191321372098,2.221617794209635,2.928496183276343,1.0,2.458707440232016,2.8670284972705615,0.6666666666666666,3.2709590053086712,3.371941632318183,0.75,4.096382217386507,4.039305080381161,0.625,False,True,0.6234579580588746,0.4961320370468135,False,False,0.6234579580588746,0.4961320370468135,False,False,0.6234579580588746,0.4961320370468135,True,False,0.8781098000828719,0.4961320370468135,False
CHFJPY,baseline,現行HYBRID。追加の騙し回避なし,0,2016-08-31 13:00:00,2016-08-31 14:00:00,2016-09-01 01:00:00,long,3m,105.139,105.145,104.84121118508041,106.05636644475874,104.84121118508041,-1.000000000000016,-1.065835208598149,11,SL,105.144,0.15189440745979013,0.032917604299113355,1.4417910682984332,0.5266816687848781,0.3652968036530113,0.8356164383561644,0.1643835616438356,0.8356164383561644,0.9876988844964125,1.645880214952487,1.6063790897936256,1.0,1.645880214952487,1.685381340111348,0.6666666666666666,2.4622368015689826,2.38323455125126,0.6666666666666666,4.3714578509138144,3.693355202353427,0.6666666666666666,False,True,0.8031895448968128,1.1784502339059004,False,True,0.8031895448968128,1.1784502339059004,True,False,0.8031895448968128,1.1784502339059004,True,True,0.8031895448968128,1.1784502339059004,True
CHFJPY,baseline,現行HYBRID。追加の騙し回避なし,0,2016-10-05 14:00:00,2016-10-05 15:00:00,2016-10-07 01:00:00,long,3m,105.813,105.976,105.56918400735414,107.19644797793758,105.56918400735414,-1.0000000000000049,-1.0491622757255332,34,SL,105.974,0.20340799632292927,0.791512639180609,2.1828050422123573,1.932077436012281,0.8851351351351314,0.9864864864864861,0.013513513513513946,0.9864864864864861,0.937947124466907,1.361795037596445,2.3892866002594784,0.6666666666666666,2.256548455800545,3.4020294802048605,0.8333333333333334,2.6744277994673618,3.775662775718653,0.75,5.722488894448586,5.496342426111308,0.75,False,False,0.25072760620007606,0.3293872473608377,False,True,0.25072760620007606,0.8062613218982605,False,True,0.25072760620007606,1.6862660573847088,False,True,0.25072760620007606,2.3253756418162985,False
CHFJPY,baseline,現行HYBRID。追加の騙し回避なし,0,2017-02-22 07:00:00,2017-02-22 08:00:00,2017-02-24 19:00:00,short,3m,112.161,112.037,112.30742007297044,111.22573978108868,111.22573978108868,2.999999999999975,2.9260409932579123,59,TP,112.039,0.13521003648522262,0.9022998822527019,1.9894972813604026,1.4939719361888877,0.7509293680297574,0.8475836431226834,0.15241635687731656,0.8475836431226834,0.9541484893874291,1.8563710692247528,2.788254554174301,0.6666666666666666,3.313363502042662,3.46867741620092,0.6666666666666666,3.313363502042662,4.208267483621231,0.5,5.332444386099911,5.901928738013593,0.5833333333333334,False,True,-0.014791801348370489,1.6197022476504046,False,True,-0.014791801348370489,2.573773434622456,False,True,-0.014791801348370489,3.8828478539563447,False,True,-0.014791801348370489,3.9715986620467776,False
CHFJPY,baseline,現行HYBRID。追加の騙し回避なし,0,2017-05-16 08:00:00,2017-05-16 09:00:00,2017-05-17 05:00:00,long,3m,114.351,114.659,114.28974347351091,115.76676957946728,114.28974347351091,-1.0000000000000158,-1.0541628883047163,20,SL,114.659,0.18462826324454504,1.6682169597839565,2.25859244230486,2.182764398678341,0.9664268585131996,0.98800959232615,0.01199040767384996,0.98800959232615,1.0953233587697258,2.4373299737102867,3.3851805190420436,0.3333333333333333,2.4373299737102867,3.8184836254794927,0.5,2.4373299737102867,2.6702303934204137,0.5,3.937641979749726,5.378374808654049,0.5833333333333334,False,False,1.110339210245858,0.06499546596560969,False,True,1.110339210245858,0.6012080601818127,False,True,1.110339210245858,1.3107418969730262,False,False,1.110339210245858,1.641135515631568,False
CHFJPY,baseline,現行HYBRID。追加の騙し回避なし,0,2017-05-25 07:00:00,2017-05-25 08:00:00,2017-05-25 11:00:00,long,3m,114.962,115.149,114.861787058212,116.01063882536401,114.861787058212,-0.9999999999999898,-1.0696347451319577,3,SL,115.152,0.14360647089400094,1.3230601575066965,1.859247695022562,1.6781973576795643,0.9026217228464545,1.0,0.0,1.0,0.7077708494389107,1.3160966829934702,2.339727436432913,1.0,1.9706632872336909,2.8828784484620047,0.8333333333333334,3.2797964957140335,3.9970343705728966,0.6666666666666666,4.0666691157048644,3.238015648634873,0.5833333333333334,False,False,1.2255715143220207,0.08356169415832185,False,False,1.2325349888352473,0.08356169415832185,False,False,1.685160832192791,0.08356169415832185,True,False,2.284019640327398,0.08356169415832185,False
CHFJPY,baseline,現行HYBRID。追加の騙し回避なし,0,2017-06-27 09:00:00,2017-06-27 10:00:00,2017-06-27 15:00:00,long,long,115.526,115.59,115.23186469206496,116.66440592380515,116.66440592380515,3.0000000000000084,2.9441551850463332,5,TP,115.588,0.17906765396752364,0.34623785271259633,1.2732617809431142,1.088973891596073,0.8552631578947278,0.8903508771929548,0.10964912280704515,0.8903508771929548,1.2469382557122681,4.272128343953977,4.394986936851952,0.3333333333333333,4.272128343953977,2.619121821325998,0.3333333333333333,4.272128343953977,3.144063081890244,0.5,4.294466269935463,4.741224789564548,0.5416666666666666,False,True,0.3797447416847856,1.211832484494206,False,True,0.3797447416847856,1.915477152910102,False,True,0.3797447416847856,2.5911994138492793,False,True,0.3797447416847856,7.483205203788679,False
CHFJPY,baseline,現行HYBRID。追加の騙し回避なし,0,2017-07-27 09:00:00,2017-07-27 10:00:00,2017-07-28 00:00:00,short,3m,116.425,116.14,116.59300048170678,114.78099855487966,114.78099855487966,2.999999999999997,2.955849936572568,14,TP,116.14,0.2265002408533905,1.2582768076810653,2.525383628047654,1.9911678605759964,0.7884615384615232,0.8636363636363591,0.13636363636364088,0.8636363636363591,1.322657401335647,1.858717670293835,2.9183191925515644,0.6666666666666666,1.858717670293835,2.4944785836484473,0.5,2.27814327285419,3.5584951122489383,0.5,3.417214909281254,3.103749458946678,0.4583333333333333,False,True,0.3487855010764814,0.463575665987784,False,True,0.3487855010764814,0.9845464144311565,False,True,0.3487855010764814,1.0596015222577293,False,True,0.3487855010764814,2.9094891798661036,False
CHFJPY,baseline,現行HYBRID。追加の騙し回避なし,0,2017-11-17 15:00:00,2017-11-17 16:00:00,2017-11-21 22:00:00,short,3m,113.283,113.251,113.55233715566833,112.34698853299503,113.55233715566833,-0.9999999999999813,-1.0663708395191003,54,SL,113.253,0.15066857783416335,0.19911251855726209,1.825198086774871,1.6592709879771212,0.9090909090908903,0.9636363636363457,0.036363636363654216,0.9636363636363457,1.1371879881550964,1.3738763780451084,1.8384722546786572,0.3333333333333333,1.5066180570832517,1.446884301516073,0.5,1.7190047435442999,1.1814009434396922,0.5,3.6902186772611003,1.9446655979092282,0.5,True,False,0.5707892198641199,0.856183829796227,True,False,0.6637083951908107,0.856183829796227,True,False,0.8760950816519532,0.856183829796227,True,False,1.3672392940931681,0.856183829796227,True
CHFJPY,baseline,現行HYBRID。追加の騙し回避なし,0,2017-11-28 16:00:00,2017-11-28 17:00:00,2017-11-28 19:00:00,short,3m,113.061,113.032,113.3112618650542,112.19421440483735,113.3112618650542,-0.9999999999999897,-1.0716173688667616,2,SL,113.031,0.13963093252710623,0.21485210660021414,1.0098049010210064,0.5013215820670985,0.4964539007091527,0.9716312056737253,0.02836879432627473,0.9716312056737253,1.090923833567426,1.6400377470482335,1.5827438519547752,0.6666666666666666,2.1055506446819967,1.912183748741804,0.5,2.4922844365623824,1.5540969044081479,0.5,2.535254857882425,1.181686586301076,0.5416666666666666,True,False,1.1243926912077196,0.4153807394271146,True,False,1.4968030093146896,0.47983637140717883,True,False,2.234461908642125,0.47983637140717883,True,False,2.3418879619422324,0.47983637140717883,True
CHFJPY,baseline,現行HYBRID。追加の騙し回避なし,0,2017-12-01 17:00:00,2017-12-01 18:00:00,2017-12-04 15:00:00,long,3m,114.704,114.923,114.46848961481223,116.28653115556332,114.46848961481223,-0.9999999999999983,-1.0440033949757754,21,SL,114.923,0.22725519259388743,0.9636743499690613,1.7073317250592996,1.6149245956102116,0.9458762886597925,0.9690721649484528,0.030927835051547146,0.9690721649484528,1.4455033614013453,2.552196908593819,3.1286413827761423,0.3333333333333333,2.552196908593819,2.3585819707004503,0.3333333333333333,2.552196908593819,2.1429653353192237,0.3333333333333333,2.8822223709119283,2.7106091305064792,0.4166666666666667,False,False,0.9108702759981538,0.004400339497596466,False,False,0.9108702759981538,0.004400339497596466,False,False,0.9108702759981538,0.004400339497596466,False,False,0.9108702759981538,1.0824835164035405,False
CHFJPY,baseline,現行HYBRID。追加の騙し回避なし,0,2018-01-25 14:00:00,2018-01-25 15:00:00,2018-01-26 17:00:00,long,3m,116.157,116.278,115.83654507730338,117.60236476808986,115.83654507730338,-1.000000000000006,-1.0453047388798913,26,SL,116.28,0.22072746134830945,0.5572482882223242,1.8982685590662054,1.6762753385549158,0.8830548926014493,0.8830548926014493,0.1169451073985507,0.8830548926014493,1.3259523201521148,2.097609410137649,2.500821586168415,0.3333333333333333,2.097609410137649,2.586900590040113,0.5,2.740936702231671,3.5020563154133177,0.6666666666666666,3.8509028047883116,2.6457967505839575,0.5833333333333334,False,True,0.2537065377272156,3.3525506771097673,False,False,0.5617787621102677,3.3525506771097673,False,False,0.9060947775972537,3.3525506771097673,True,False,1.114496576444584,3.3525506771097673,False
CHFJPY,baseline,現行HYBRID。追加の騙し回避なし,0,2018-02-22 01:00:00,2018-02-22 02:00:00,2018-02-28 15:00:00,short,3m,114.338,114.294,114.63243858228428,113.27868425314716,113.27868425314716,3.0000000000000115,2.9409050827922245,109,TP,114.293,0.1692192911421385,0.26592712743483254,1.6310197149341548,0.8096003657462735,0.49637681159418573,0.6449275362318497,0.35507246376815027,0.6449275362318497,0.9926567441348418,2.091960069154593,2.239697362173935,1.0,3.3565912974005845,2.990202810712505,0.8333333333333334,3.386138756004436,2.3401587214270974,0.5,4.042092337010564,3.6402468999978286,0.625,True,False,0.5614017134736847,0.4136644204543426,True,False,0.5614017134736847,0.4136644204543426,True,False,0.5614017134736847,0.4136644204543426,True,True,0.7859623988631418,0.4136644204543426,True
CHFJPY,baseline,現行HYBRID。追加の騙し回避なし,0,2018-03-01 18:00:00,2018-03-01 19:00:00,2018-03-01 20:00:00,short,long,112.495,112.458,112.88049208425272,111.19052374724181,112.88049208425272,-0.9999999999999931,-1.0473381650105513,1,SL,112.453,0.21124604212636344,0.19882029304425014,2.0260734624509076,1.9740014809392734,0.9742990654205383,0.9742990654205383,0.02570093457946167,0.9742990654205383,1.319026651225684,2.196490856488769,2.0402749119540013,0.3333333333333333,2.5515270940677874,1.5479579958444518,0.5,2.5515270940677874,2.6035990755793543,0.75,2.5515270940677874,2.972836762661533,0.625,True,False,1.4627492988254873,0.37870532008426355,True,False,2.0402749119540013,0.37870532008426355,True,False,2.0402749119540013,0.37870532008426355,True,False,2.0402749119540013,0.37870532008426355,True
CHFJPY,baseline,現行HYBRID。追加の騙し回避なし,0,2018-03-16 01:00:00,2018-03-16 02:00:00,2018-03-20 01:00:00,short,3m,111.507,111.402,111.73631715189939,110.39904854430185,111.73631715189939,-0.9999999999999963,-1.0598234337854975,47,SL,111.399,0.1671585759496927,0.646093084883107,1.6810384893717594,1.2263803926021373,0.7295373665480213,0.7330960854092482,0.26690391459075186,0.7330960854092482,1.0713565785566388,1.166556958816721,1.7528266099142418,0.6666666666666666,1.2503097661163547,1.4058506939585558,0.5,2.710001550481836,2.4587431285828503,0.5,4.552563311074287,4.576492684588505,0.5833333333333334,False,True,0.41876403649825344,0.3230465424415535,False,True,0.41876403649825344,0.3230465424415535,False,True,0.41876403649825344,0.3230465424415535,True,True,1.2981685131447047,1.0169983743530104,False
CHFJPY,baseline,現行HYBRID。追加の騙し回避なし,0,2018-05-22 07:00:00,2018-05-22 08:00:00,2018-05-22 08:00:00,long,3m,111.557,111.646,111.39781311302762,112.39056066091712,111.39781311302762,-1.0000000000000242,-1.0805844347539713,0,SL,111.646,0.12409344348618544,0.7172014693097502,3.1427929554023284,2.925214981566775,0.9307692307692282,1.0,0.0,1.0,0.983887608439629,0.9831301039976491,2.9171565380913456,0.3333333333333333,1.1120651996039415,3.3281371553362806,0.5,1.4424613820949292,2.5545265816988705,0.5,2.369182381764804,1.7970328950120897,0.5,True,False,2.25636417310937,0.01611688695074359,True,False,2.25636417310937,0.01611688695074359,True,False,2.25636417310937,0.01611688695074359,True,False,2.7318123381573938,0.01611688695074359,True
CHFJPY,baseline,現行HYBRID。追加の騙し回避なし,0,2018-08-24 08:00:00,2018-08-24 09:00:00,2018-08-27 02:00:00,long,3m,113.174,113.176,112.9538147544233,113.8425557367301,112.9538147544233,-0.99999999999998,-1.0900149780337307,17,SL,113.176,0.11109262278835041,0.018002995606698973,1.332221674898794,1.2332051990617579,0.925675675675703,0.9391891891891853,0.06081081081081471,0.9391891891891853,0.866219064490373,1.161193216634834,1.2872141858819828,0.3333333333333333,1.9893310145449057,1.8633100452977571,0.5,3.231537711409949,3.1595257289830254,0.5833333333333334,4.869810311623393,3.5375886367245992,0.5833333333333334,False,True,0.32405392092134905,0.5220868725954215,False,True,0.32405392092134905,0.8191363001066582,True,False,0.3330554187247625,0.8191363001066582,True,True,1.2512081946684568,1.1161857276178948,True
CHFJPY,baseline,現行HYBRID。追加の騙し回避なし,0,2018-09-13 12:00:00,2018-09-13 13:00:00,2018-09-17 10:00:00,long,3m,115.292,115.338,115.06598091911115,116.15405724266652,116.15405724266652,2.9999999999999876,2.9264757459856785,45,TP,115.337,0.13600954044442243,0.3308591430642327,2.154260642618087,1.9557451567796518,0.9078498293515784,0.9931740614334629,0.006825938566537175,0.9931740614334629,0.9661465876519636,2.213080045829576,3.330648706846505,0.6666666666666666,2.213080045829576,2.8086265033451947,0.5,4.279111583630638,3.6468029991079174,0.5833333333333334,6.205447038804546,7.30831084901855,0.5833333333333334,False,True,0.6690707115299277,1.1984453404325954,False,True,0.6690707115299277,2.970379862176528,False,True,0.6690707115299277,2.970379862176528,False,True,0.6690707115299277,3.8232612087420708,False
CHFJPY,baseline,現行HYBRID。追加の騙し回避なし,0,2019-02-20 00:00:00,2019-02-20 01:00:00,2019-02-27 06:00:00,long,3m,110.617,110.658,110.40210942147829,111.42567173556513,110.40210942147829,-1.000000000000024,-1.07815840706429,125,SL,110.658,0.12794528926085438,0.32044946896330173,1.9695918580184588,1.8445384067157664,0.9365079365079705,0.9642857142857123,0.03571428571428773,0.9642857142857123,1.208718743202931,1.125481061724786,1.3208770793853954,0.0,1.6960374332936945,1.3365087607983153,0.3333333333333333,3.900104512504951,4.064237167339721,0.5,5.533615220147189,5.103743981294003,0.4583333333333333,False,True,0.2891861061376842,1.3443246015046642,False,True,0.2891861061376842,1.3443246015046642,True,False,0.7737682299358667,1.3443246015046642,True,False,0.7737682299358667,1.3443246015046642,True
CHFJPY,baseline,現行HYBRID。追加の騙し回避なし,0,2019-04-18 14:00:00,2019-04-18 15:00:00,2019-04-23 11:00:00,short,3m,110.368,110.358,110.57516888497885,109.70649334506345,109.70649334506345,2.9999999999999982,2.907905775719398,68,TP,110.361,0.10858444248942577,0.06446595699630239,1.5748112351973875,0.5986124578235744,0.38011695906433135,0.6900584795321657,0.3099415204678343,0.6900584795321657,1.131063620908061,2.818083262984902,2.00765408931596,1.0,3.407486298380508,2.7259890387043018,0.8333333333333334,4.310009696329919,3.8955856870674146,0.5833333333333334,5.930868043667672,5.525653456833136,0.5833333333333334,False,True,0.3591674746941708,1.427460476348584,False,True,0.3591674746941708,1.427460476348584,False,True,0.3591674746941708,1.5195547006291843,False,True,0.3591674746941708,1.7405808389025201,False
CHFJPY,baseline,現行HYBRID。追加の騙し回避なし,0,2019-08-01 12:00:00,2019-08-01 13:00:00,2019-08-02 01:00:00,short,3m,109.065,109.059,109.34554973827532,108.19935078517402,108.19935078517402,2.9999999999999805,2.930204089103724,12,TP,109.06,0.14327486913766402,0.03489795544807833,2.9453874398204696,2.5754691120705218,0.8744075829383942,0.8933649289099478,0.10663507109005219,0.8933649289099478,1.457046638242135,1.7169794080469816,3.957428147815634,0.6666666666666666,1.7169794080469816,3.433958816094062,0.6666666666666666,1.9054283674667831,3.6642853220514984,0.5833333333333334,3.4618771804524853,4.445999524089227,0.5416666666666666,False,True,0.2722040524952689,0.6770203356933941,False,True,0.2722040524952689,1.9612650961838274,False,True,0.2722040524952689,1.9612650961838274,False,True,0.2722040524952689,4.920611718183508,False
CHFJPY,baseline,現行HYBRID。追加の騙し回避なし,0,2019-12-03 08:00:00,2019-12-03 09:00:00,2019-12-03 10:00:00,long,3m,110.174,110.198,110.01862798444019,110.7361160466794,110.01862798444019,-1.000000000000016,-1.1115001129780189,1,SL,110.198,0.08968600777990189,0.267600271146922,1.6279016494778613,1.5052515252021688,0.924657534246598,0.9589041095890357,0.04109589041096424,0.9589041095890357,1.1115545627931798,1.5275515477978645,2.0516020787941773,0.3333333333333333,1.795151818944945,2.631402666279413,0.3333333333333333,2.988203027808959,3.0997031407868034,0.4166666666666667,6.210556292871614,5.742255818364064,0.5416666666666666,False,True,1.2265012427573991,0.10035010168015515,True,False,3.0774031181912664,0.3679503728272356,True,False,3.0774031181912664,0.3679503728272356,True,False,3.0774031181912664,0.3679503728272356,True
CHFJPY,baseline,現行HYBRID。追加の騙し回避なし,0,2019-12-27 07:00:00,2019-12-27 08:00:00,2019-12-27 15:00:00,long,3m,111.849,111.919,111.7485019246411,112.43049422607668,112.43049422607668,3.000000000000021,2.882696623067988,7,TP,111.917,0.08524903767944576,0.7976629631373915,2.0176180832299018,1.43110119857007,0.7093023255814068,0.8779069767441793,0.12209302325582068,0.8779069767441793,0.9445189109906338,0.7507416123647116,1.4193708608768167,0.6666666666666666,1.853393355525189,2.052809096309495,0.5,2.5689439548103072,1.3724495101041367,0.5,3.1554608394701393,2.2170338240143748,0.5,False,True,0.023460675386339933,2.2170338240142082,False,True,0.023460675386339933,4.093887854925904,False,True,0.023460675386339933,4.1408092056985835,False,True,0.023460675386339933,5.161348585006788,False
CHFJPY,baseline,現行HYBRID。追加の騙し回避なし,0,2020-01-09 13:00:00,2020-01-09 14:00:00,2020-01-10 11:00:00,long,3m,112.574,112.59,112.32952987825969,113.37141036522095,112.32952987825969,-0.9999999999999772,-1.0767842386926199,21,SL,112.59,0.13023506087015888,0.12285478190820633,2.395668247209205,1.2746183622971905,0.5320512820512759,0.6346153846154136,0.3653846153845865,0.6346153846154136,0.9550461929066584,1.2515830906894085,1.5894337409369488,0.6666666666666666,2.2037076504776527,2.856373679364842,0.8333333333333334,2.9715500374036425,3.3324359592589645,0.6666666666666666,4.130992041662033,4.476521115778761,0.5833333333333334,False,True,0.36088592185521284,0.1996390206007398,False,False,0.5374896708482799,0.43767016054785546,False,False,0.6680228766256741,0.43767016054785546,True,False,0.698736572102753,0.43767016054785546,False
CHFJPY,baseline,現行HYBRID。追加の騙し回避なし,0,2020-02-28 15:00:00,2020-02-28 16:00:00,2020-02-28 16:00:00,short,3m,111.624,111.452,111.97558434797156,109.88124695608532,111.97558434797156,-1.0000000000000133,-1.0381982388845277,0,SL,111.452,0.26179217398577853,0.6570097088132997,3.158994355747715,2.5478225335958107,0.8065296251511525,0.8415961305925024,0.1584038694074976,0.8415961305925024,1.6393191214144778,2.322452924177301,3.835103184003299,1.0,3.5982741029194405,5.038347708864877,0.8333333333333334,3.5982741029194405,4.39661729560534,0.75,5.385951682713757,7.360800633042178,0.75,True,False,2.200218559746931,0.48511763383306644,True,False,2.200218559746931,0.48511763383306644,True,False,2.200218559746931,0.48511763383306644,True,False,2.200218559746931,0.48511763383306644,True
CHFJPY,baseline,現行HYBRID。追加の騙し回避なし,0,2020-03-09 01:00:00,2020-03-09 02:00:00,2020-03-10 04:00:00,short,3m,111.321,110.569,111.41172531713514,108.04082404859459,111.41172531713514,-0.9999999999999941,-1.0237325254069685,26,SL,110.57,0.42136265856756944,1.782312658062876,4.388143947747328,3.1184538384748564,0.7106544077879959,0.7295835586803683,0.27041644131963166,0.7295835586803683,1.8775187046504387,1.526001383667674,2.6983881387716084,0.6666666666666666,2.0291309222952814,4.257615058009053,0.5,2.9262203826784545,5.204542821746849,0.5,2.9262203826784545,3.659555417753582,0.5,False,True,1.4880293430165554,1.14865422969696,False,False,1.4880293430165554,1.14865422969696,False,False,1.4880293430165554,1.14865422969696,False,True,1.4880293430165554,1.14865422969696,False
CHFJPY,baseline,現行HYBRID。追加の騙し回避なし,0,2020-04-23 09:00:00,2020-04-23 10:00:00,2020-04-23 13:00:00,short,3m,110.298,110.275,110.6119506038098,109.26414818857063,110.6119506038098,-1.0000000000000122,-1.0593558811703578,3,SL,110.275,0.1684753019048963,0.13651852669170197,2.029971136024772,1.5491884985452007,0.7631578947368323,0.871345029239733,0.12865497076026697,0.871345029239733,1.1073304921810556,3.715678161261759,3.596966398921068,0.6666666666666666,3.715678161261759,3.139926113909652,0.3333333333333333,3.715678161261759,3.2111531713140327,0.4166666666666667,5.609130770594829,5.134283721232233,0.375,False,True,0.4689114612454515,1.0446635085975589,False,True,0.5460741067668923,1.0446635085975589,False,True,0.5460741067668923,1.0446635085975589,True,False,4.10742697698577,1.0446635085975589,False
CHFJPY,baseline,現行HYBRID。追加の騙し回避なし,0,2020-05-20 22:00:00,2020-05-20 23:00:00,2020-05-21 12:00:00,long,3m,111.516,111.529,111.2657362099763,112.3187913700711,111.2657362099763,-1.0000000000000062,-1.0759694297427365,13,SL,111.528,0.1316318950118492,0.09116331569123307,0.774888183375481,0.5013982363017818,0.6470588235294118,0.8039215686274974,0.19607843137250258,0.8039215686274974,0.848837641242894,1.040781187474875,0.36465326276493226,0.6666666666666666,1.2003169899345327,1.0027964726035636,0.8333333333333334,1.815669370850356,1.0559750734234856,0.6666666666666666,5.0291762489662135,4.094752263131075,0.6666666666666666,True,False,0.5469798941473984,0.05317860081981398,True,True,0.5469798941473984,0.34186243384201603,True,False,1.0179903585520667,0.34186243384201603,True,False,1.405434450239807,0.34186243384201603,True
CHFJPY,baseline,現行HYBRID。追加の騙し回避なし,0,2020-05-28 15:00:00,2020-05-28 16:00:00,2020-05-29 04:00:00,long,3m,111.655,111.664,111.30160287792091,112.75119136623725,111.30160287792091,-1.000000000000011,-1.0551880762332595,12,SL,111.664,0.18119856103954188,0.04966926860989986,1.589416595516717,1.1313555627810001,0.7118055555555578,0.9895833333333328,0.010416666666667181,0.9895833333333328,1.3013201458279324,2.770441426907617,2.7759602345309653,1.0,3.6424130313924996,2.814591887894247,0.6666666666666666,3.6424130313924996,2.0254023977591977,0.5833333333333334,3.6424130313924996,2.742847388791032,0.625,False,True,0.3973541488791989,0.3918353412558505,True,False,0.3973541488791989,0.5794748004488317,True,True,0.3973541488791989,0.5794748004488317,True,False,0.7064073757852163,0.5794748004488317,True
CHFJPY,baseline,現行HYBRID。追加の騙し回避なし,0,2020-07-22 04:00:00,2020-07-22 05:00:00,2020-07-22 14:00:00,long,3m,114.625,114.639,114.4311390487716,115.2625828536852,115.2625828536852,3.0000000000000053,2.9037818316436326,9,TP,114.642,0.10393047561420095,0.16357088620571122,0.7697453468505746,0.596552643809185,0.7749999999999867,0.8749999999999334,0.1250000000000666,0.8749999999999334,0.8875052024343582,1.0583998519195572,1.0391562182482006,0.6666666666666666,1.491381609523031,0.6927708121655581,0.5,2.5401596446069097,1.972472451304623,0.6666666666666666,6.052122789612683,3.665912214375942,0.7083333333333334,True,False,0.596552643809185,0.038487267342576584,True,False,0.8082326141930145,0.12508361886327135,True,False,1.0680216687550987,0.41373812393225395,True,True,1.5972215947149457,1.4047852580023363,True
CHFJPY,baseline,現行HYBRID。追加の騙し回避なし,0,2020-07-31 13:00:00,2020-07-31 14:00:00,2020-08-03 05:00:00,long,3m,115.674,115.94,115.52504706980191,117.18485879059423,115.52504706980191,-1.0000000000000062,-1.0481982377867909,15,SL,115.947,0.20747646509904044,1.3158118915785342,2.1689207004042217,1.6580193798645901,0.764444444444458,0.8599999999999955,0.14000000000000443,0.8599999999999955,1.356867964978235,2.111082815060107,3.393155940187954,0.6666666666666666,3.2003629890408827,4.68004888909443,0.5,3.5281110059908416,4.925859901806917,0.5833333333333334,3.5281110059908416,3.489552415761455,0.5416666666666666,False,True,0.9495052843991886,1.5953616707417766,False,True,0.9495052843991886,1.6917581463152778,False,False,0.9495052843991886,1.6917581463152778,False,False,1.3254515391359323,1.6917581463152778,False
CHFJPY,baseline,現行HYBRID。追加の騙し回避なし,0,2020-08-28 03:00:00,2020-08-28 04:00:00,2020-08-28 05:00:00,long,3m,117.638,117.868,117.51654402286165,118.92236793141504,117.51654402286165,-0.9999999999999853,-1.0569061313534929,1,SL,117.869,0.17572798856917418,1.314531634265323,1.718565166875009,1.6787308749276264,0.9768211920530101,0.9834437086092862,0.01655629139071383,0.9834437086092862,1.1541791238445893,2.0827644075373124,3.351771136719878,0.6666666666666666,2.6745881736134844,3.852545092630535,0.6666666666666666,3.4940364651036067,3.6761360854347176,0.6666666666666666,6.874260667500198,6.470227134890512,0.625,False,False,0.9332605541970563,0.0625967444888018,True,False,3.6704454722993427,0.0625967444888018,True,False,3.8753075451718733,0.0625967444888018,True,False,6.162934025581716,0.0625967444888018,True
CHFJPY,baseline,現行HYBRID。追加の騙し回避なし,0,2020-10-20 09:00:00,2020-10-20 10:00:00,2020-10-21 08:00:00,long,3m,116.177,116.245,115.98409708872434,117.02770873382698,115.98409708872434,-1.0000000000000164,-1.0766568678832535,22,SL,116.245,0.1304514556378301,0.5212667016057295,1.7477765877368707,1.479477550145704,0.8464912280701866,0.8728070175438725,0.1271929824561275,0.8728070175438725,1.0917564980166092,2.3993599647441144,2.6063335080287566,0.6666666666666666,2.3993599647441144,1.977747191386582,0.6666666666666666,3.365236500072445,3.6948610319701363,0.5833333333333334,6.117218057079211,5.649611162991758,0.625,False,True,0.1303166754015141,1.057864776788063,False,True,0.1303166754015141,1.1191902710946962,False,True,0.1303166754015141,1.8857589499266323,False,True,0.1303166754015141,2.6216648816053603,False
CHFJPY,baseline,現行HYBRID。追加の騙し回避なし,0,2020-10-30 05:00:00,2020-10-30 06:00:00,2020-10-30 13:00:00,short,3m,114.039,113.999,114.26008435053058,113.21574694840824,114.26008435053058,-0.9999999999999819,-1.0766035955788262,7,SL,113.999,0.1305421752652928,0.3064143823152688,1.6929394622916234,0.8196584726932107,0.48416289592759076,0.4932126696832899,0.5067873303167101,0.4932126696832899,1.0019105928148768,1.509090832902484,1.6699583836179808,0.6666666666666666,1.509090832902484,1.731241260080991,0.5,1.8001844961019184,1.5397322711340433,0.4166666666666667,5.890816500010163,6.220211960999075,0.5833333333333334,True,False,0.7277341579986409,0.6741116410934389,True,False,1.156714293240039,0.6741116410934389,True,True,1.156714293240039,1.669958383617872,True,True,1.156714293240039,1.669958383617872,True
CHFJPY,baseline,現行HYBRID。追加の騙し回避なし,0,2020-12-02 01:00:00,2020-12-02 02:00:00,2020-12-04 12:00:00,long,3m,116.102,116.123,115.85122135891545,116.93833592325366,116.93833592325366,2.9999999999999756,2.9264106998246615,58,TP,116.121,0.1358893205422771,0.13981967033296097,1.2951716830848812,1.000814482383729,0.7727272727272397,0.8977272727272699,0.10227272727273003,0.8977272727272699,1.060741140919925,1.111198432646648,1.560093163715782,0.6666666666666666,1.2142234528921088,1.5453753036807611,0.6666666666666666,5.754683273706599,5.085020642111522,0.75,8.558435610384636,8.433333800086697,0.7083333333333334,False,False,0.21340897050827515,0.64022691152493,False,True,0.21340897050827515,0.64022691152493,True,False,0.5004072411918645,0.64022691152493,True,True,0.9198662521909566,0.8536358820332052,True
CHFJPY,baseline,現行HYBRID。追加の騙し回避なし,0,2021-01-29 09:00:00,2021-01-29 10:00:00,2021-01-29 16:00:00,long,long,117.88,117.906,117.627836428332,118.74049071500401,117.627836428332,-0.9999999999999996,-1.0719001409137814,6,SL,117.905,0.1390817858340015,0.17975035228440317,2.192954297869167,1.3301526069042975,0.6065573770492024,0.8491803278688741,0.15081967213112585,0.8491803278688741,1.2847754496976722,2.444604791067352,2.660305213808595,1.0,2.8472455801843046,3.65252715841821,0.6666666666666666,4.047977933443857,4.961109723048383,0.6666666666666666,5.334990455799906,4.874829553951886,0.5416666666666666,True,False,0.7190014091374084,0.3379306622945799,True,False,0.733381437320226,0.3379306622945799,True,False,1.3301526069042975,0.3379306622945799,True,False,1.862213649665996,0.7261914232288172,True
CHFJPY,baseline,現行HYBRID。追加の騙し回避なし,0,2021-04-27 14:00:00,2021-04-27 15:00:00,2021-04-29 09:00:00,long,3m,118.736,118.83,118.51400124096897,119.77799627709311,119.77799627709311,3.000000000000002,2.9367086122067803,42,TP,118.831,0.15799937951551837,0.6012681840352934,1.8544376623404037,1.5253224458158656,0.8225255972696455,0.8225255972696455,0.17747440273035456,0.8225255972696455,1.2034336163934907,1.6202595275056535,1.5696264172711298,0.6666666666666666,3.3227978591424865,4.132927622895314,0.6666666666666666,3.6519130756671143,3.563305132756586,0.4166666666666667,4.987361358103405,3.886091210501865,0.5416666666666666,False,True,0.4240522982144159,0.1075953592483963,False,True,0.4240522982144159,0.46202713089024117,False,True,0.4240522982144159,1.075953592484233,False,True,0.4240522982144159,1.1519032578360633,False
CHFJPY,baseline,現行HYBRID。追加の騙し回避なし,0,2021-06-17 12:00:00,2021-06-17 13:00:00,2021-06-18 06:00:00,short,3m,120.884,120.742,121.05265151541562,119.81004545375315,119.81004545375315,2.999999999999982,2.9356191777359983,17,TP,120.74,0.1553257577078104,0.9270838406009241,1.5837682276932454,1.3326830208638285,0.8414634146341463,0.8780487804878049,0.12195121951219512,0.8780487804878049,1.376845456698874,1.8219772700698107,1.8348534345226624,1.0,5.691264688133237,5.298541672323185,1.0,6.457396473074248,6.998195380091454,0.8333333333333334,9.084134021443441,8.981124705821177,0.75,False,True,1.0107789095440936,1.010778909544002,False,True,1.0107789095440936,2.1889479569742516,False,True,1.0107789095440936,3.734087691309125,False,True,1.0107789095440936,5.208408521153589,False
CHFJPY,baseline,現行HYBRID。追加の騙し回避なし,0,2021-09-13 10:00:00,2021-09-13 11:00:00,2021-09-14 06:00:00,short,3m,119.28,119.21,119.4618701810611,118.45438945681668,119.4618701810611,-1.0000000000000144,-1.0794059857175464,19,SL,119.208,0.12593509053055205,0.5717230971659596,2.1995458043745195,1.5484167214911406,0.7039711191335981,0.9458483754512617,0.054151624548738314,0.9458483754512617,1.1674293496368067,1.9613278472220363,3.3350514001346516,0.6666666666666666,2.6680411201076986,3.4144573858521836,0.6666666666666666,2.6680411201076986,3.6288535472894186,0.5,4.907289917341041,4.716715551619054,0.5416666666666666,False,True,0.1985149642937736,0.5955448928812079,False,False,0.7067132728856624,0.5955448928812079,True,False,1.4372483414865733,0.5955448928812079,True,False,1.6040009114933116,0.5955448928812079,True
CHFJPY,baseline,現行HYBRID。追加の騙し回避なし,0,2021-12-29 14:00:00,2021-12-29 15:00:00,2022-01-04 11:00:00,long,long,125.507,125.522,125.23818119429232,126.37345641712304,126.37345641712304,3.0000000000000058,2.929532505958721,72,TP,125.514,0.14190940285383838,0.04932724582880912,1.740547102818839,1.000638415385701,0.5748987854250849,0.9514170040485811,0.048582995951418864,0.9514170040485811,1.0146340988378122,2.353614300977725,2.614344028930288,0.6666666666666666,2.7482322676086985,2.522736286676628,0.5,2.7482322676086985,2.0717443248126868,0.5,3.354252716363426,3.0653359907943294,0.4583333333333333,False,True,0.35233747020622286,2.5297830360808864,False,True,0.35233747020622286,2.5297830360808864,False,True,0.35233747020622286,2.5297830360808864,False,True,0.35233747020622286,2.5297830360808864,False
CHFJPY,baseline,現行HYBRID。追加の騙し回避なし,0,2022-03-14 06:00:00,2022-03-14 07:00:00,2022-03-15 07:00:00,long,3m,125.912,125.983,125.66208795564471,126.94573613306588,125.66208795564471,-1.000000000000016,-1.0623223725996171,24,SL,125.984,0.16045602217764554,0.44872108271682826,0.959764538033435,0.772797420234631,0.8051948051947189,0.9480519480518881,0.05194805194811187,0.9480519480518881,0.9165122437905412,0.9348355889935768,0.8288875555742456,0.3333333333333333,2.1314251429052664,2.4617337176829674,0.5,3.084957443678715,2.9166870376597824,0.6666666666666666,3.6707877461146303,3.3903370694165575,0.5833333333333334,True,False,1.6203816875887482,-0.006232237259898135,True,False,1.6203816875887482,-0.006232237259898135,True,True,1.6203816875887482,2.922919274919858,True,True,1.6203816875887482,2.922919274919858,True
CHFJPY,baseline,現行HYBRID。追加の騙し回避なし,0,2022-03-18 08:00:00,2022-03-18 09:00:00,2022-03-21 08:00:00,long,long,127.072,127.08,126.78043213841738,127.97870358474783,127.97870358474783,2.999999999999997,2.933237164045731,23,TP,127.082,0.14978393079130603,0.06676283595417125,1.3486092862754737,1.0081188229088778,0.7475247524752356,0.8762376237623469,0.12376237623765302,0.8762376237623469,0.8431811586133183,1.301875301107478,1.6089843464969884,1.0,1.7959202871687816,2.2766127060392702,0.6666666666666666,3.2580263945665173,3.6586034102918297,0.6666666666666666,5.8951584147586535,6.068741788239632,0.6666666666666666,False,True,0.06676283595417125,1.4954875253748212,False,True,0.06676283595417125,2.7639814085052135,False,True,0.06676283595417125,2.7639814085052135,False,True,0.06676283595417125,3.091119304680994,False
CHFJPY,baseline,現行HYBRID。追加の騙し回避なし,0,2022-05-31 12:00:00,2022-05-31 13:00:00,2022-06-02 06:00:00,long,3m,133.628,133.831,133.32783697149884,135.34048908550344,135.34048908550344,2.9999999999999902,2.9602514515830705,41,TP,133.826,0.25158151425057523,0.7870212586557511,1.4547968720606308,1.0016634201072065,0.6885245901638568,0.975409836065535,0.024590163934465056,0.975409836065535,1.131335593537194,2.047050243473273,2.2139941468243802,1.0,3.179883873356495,2.031150824106415,0.8333333333333334,3.179883873356495,1.7926595336046722,0.75,3.4819728413253315,3.9788296965372765,0.7083333333333334,False,True,0.0953965162006971,1.7409864206627221,False,True,0.0953965162006971,2.4087620340674887,False,True,0.0953965162006971,2.4087620340674887,False,True,0.0953965162006971,2.4087620340674887,False
CHFJPY,baseline,現行HYBRID。追加の騙し回避なし,0,2022-06-17 02:00:00,2022-06-17 03:00:00,2022-06-22 14:00:00,long,3m,137.788,137.996,136.7919252215571,141.60822433532869,141.60822433532869,3.0000000000000084,2.9833897359549084,83,TP,137.994,0.6020373892214443,0.34217143932935523,3.4798503174516386,0.6361731129279296,0.18281622911694986,0.6653937947494063,0.3346062052505937,0.6653937947494063,1.682105474510642,1.5630258466453473,1.7573659359731792,0.6666666666666666,1.8885870219296024,2.1543512466514403,0.6666666666666666,2.704150986544783,2.0513676095717535,0.6666666666666666,5.096029009041373,4.956502791062399,0.5833333333333334,False,True,0.1710857196647012,0.571393083151954,False,True,0.1710857196647012,0.571393083151954,False,True,0.1710857196647012,0.571393083151954,False,True,0.1710857196647012,2.6078114550830795,False
CHFJPY,baseline,現行HYBRID。追加の騙し回避なし,0,2022-08-19 07:00:00,2022-08-19 08:00:00,2022-08-22 14:00:00,long,3m,142.56,142.836,142.39060134995503,144.17219595013492,142.39060134995503,-1.000000000000026,-1.0449035936637305,30,SL,142.838,0.22269932502248357,1.248319903852088,2.20476644888984,1.9218738088082965,0.8716904276985946,0.9898167006110069,0.010183299388993077,0.9898167006110069,1.0518836450595572,1.8859509338772562,3.363279165414519,0.3333333333333333,1.8859509338772562,2.83790711954874,0.3333333333333333,2.510110885803364,3.2779623374533777,0.4166666666666667,4.337687147917728,4.333196788551459,0.5416666666666666,False,False,1.724297996687766,0.07184574986208066,False,True,1.724297996687766,0.4580166553702218,False,True,1.724297996687766,1.1270802009600343,False,True,1.724297996687766,2.1014881834633705,False
CHFJPY,baseline,現行HYBRID。追加の騙し回避なし,0,2022-09-22 06:00:00,2022-09-22 07:00:00,2022-09-22 07:00:00,long,3m,150.706,151.043,150.15384101378874,153.7104769586338,150.15384101378874,-1.0000000000000107,-1.022493165238325,0,SL,151.044,0.4445794931056307,0.7602689850557603,2.467500226645327,2.3347905517391583,0.9462169553327283,0.9899726526891562,0.010027347310843752,0.9899726526891562,1.8597372070049667,1.6240065302077786,2.5732181032654933,1.0,3.6978763651822244,4.442400134571139,1.0,3.7541092782780736,4.332183624903284,0.75,4.550367327715086,4.979986783767282,0.625,True,False,4.53237279552446,0.9222197747717119,True,False,15.158144054113713,0.9222197747717119,True,False,15.158144054113713,0.9222197747717119,True,False,16.94635069056135,0.9222197747717119,True
CHFJPY,baseline,現行HYBRID。追加の騙し回避なし,0,2023-04-11 14:00:00,2023-04-11 15:00:00,2023-04-13 08:00:00,long,3m,147.561,147.676,147.18113421218285,149.1605973634514,149.1605973634514,2.99999999999998,2.9595850016461793,41,TP,147.676,0.24743289390856824,0.46477248106905156,1.8995049226303515,1.661056432342721,0.874468085106388,0.8829787234042406,0.11702127659575948,0.8829787234042406,1.0145822004309386,1.661056432342721,1.657014932507318,0.6666666666666666,1.661056432342721,1.9035464224656395,0.5,2.3359869048518114,3.3948598617222374,0.5,3.471648358594665,3.281697866331527,0.5,False,True,0.008082999670691201,0.8770054642783232,False,True,0.008082999670691201,0.8770054642783232,False,True,0.008082999670691201,1.21649145045057,False,True,0.008082999670691201,1.7540109285566463,False
CHFJPY,baseline,現行HYBRID。追加の騙し回避なし,0,2023-05-22 09:00:00,2023-05-22 10:00:00,2023-05-23 09:00:00,long,3m,153.958,154.08,153.62779356533022,155.43661930400938,153.62779356533022,-0.9999999999999979,-1.0442275882575294,23,SL,154.082,0.2261032173348956,0.5484220943938674,1.0879986711361782,0.8580152121968387,0.7886178861788758,0.9065040650406588,0.09349593495934114,0.9065040650406588,1.0549281827252333,2.923443583825492,3.042858072120877,0.6666666666666666,3.0472808309466557,3.2595732545830076,0.8333333333333334,3.533784301780004,2.7421104719694624,0.75,4.643896767044948,4.696969872954036,0.6666666666666666,False,True,0.12383724712116341,0.7739827945075541,False,True,0.12383724712116341,1.2295269535605804,False,True,0.12383724712116341,1.5612338654923175,False,True,0.7960965886363199,1.5612338654923175,False
CHFJPY,baseline,現行HYBRID。追加の騙し回避なし,0,2023-06-15 00:00:00,2023-06-15 01:00:00,2023-06-15 15:00:00,long,3m,155.546,155.817,155.34813628243086,157.22359115270748,157.22359115270748,2.9999999999999996,2.957343681648747,14,TP,155.819,0.23443185878457962,1.1645174909902367,1.612408833678873,1.4887055104600226,0.9232804232803606,0.9576719576719075,0.04232804232809245,0.9576719576719075,1.0842818063609154,0.8915170535420023,1.6166744655139014,0.6666666666666666,2.3674256684966974,2.252253608948146,0.6666666666666666,2.3674256684966974,1.8214247936001076,0.5833333333333334,3.9585063429998235,4.918273505903854,0.5833333333333334,False,True,0.17489090524028086,1.5313618288113964,False,True,0.17489090524028086,1.5313618288113964,False,True,0.17489090524028086,1.6550651520301258,False,True,0.17489090524028086,2.546582205572128,False
CHFJPY,baseline,現行HYBRID。追加の騙し回避なし,0,2023-09-21 07:00:00,2023-09-21 08:00:00,2023-10-03 14:00:00,short,3m,163.827,163.755,164.33910179998247,162.0026946000526,162.0026946000526,2.9999999999999774,2.9657593933102158,198,TP,163.755,0.292050899991236,0.24653236816651938,4.988856394702827,3.913701344643349,0.7844886753603333,0.8634179821551238,0.13658201784487628,0.8634179821551238,1.6581375144427728,0.7738377111893201,3.6808652191528126,0.0,1.537403240371653,3.697985522497693,0.16666666666666666,1.9037777319524365,3.561023095738451,0.4166666666666667,2.3180890728989647,4.4101901416453835,0.4583333333333333,False,True,0.3252857635530302,1.6058844537512744,False,True,0.3252857635530302,1.7394228198414237,False,True,0.3252857635530302,2.489292106347969,False,True,0.3252857635530302,2.667343261134867,False
CHFJPY,baseline,現行HYBRID。追加の騙し回避なし,0,2023-10-11 13:00:00,2023-10-11 14:00:00,2023-10-12 17:00:00,long,3m,165.304,165.322,164.86827752356476,166.6831674293057,164.86827752356476,-1.000000000000025,-1.0440798087789862,27,SL,165.322,0.22686123821761725,0.07934365580220511,2.084974955246688,1.2033787796667148,0.5771670190274946,0.6131078224101509,0.38689217758984906,0.6131078224101509,0.9805906075048556,2.3494538079208303,2.7946598765887383,1.0,3.0459147866289915,3.583688453732868,0.8333333333333334,3.5175687405643012,4.16554192961558,0.8333333333333334,4.258109528051548,4.214029719272462,0.6666666666666666,True,False,0.7361328066093266,0.4804699156911518,True,False,1.24305060756788,0.4804699156911518,True,False,1.3444341677595657,0.4804699156911518,True,True,1.6529928292125438,0.4804699156911518,True
CHFJPY,baseline,現行HYBRID。追加の騙し回避なし,0,2023-11-14 13:00:00,2023-11-14 14:00:00,2023-11-15 07:00:00,long,3m,168.413,168.473,168.07529020536188,169.66612938391444,169.66612938391444,2.999999999999983,2.949712075816022,17,TP,168.472,0.19885489731907188,0.29669875268562923,3.761536728963682,0.9051826353121618,0.24064171122995873,0.5267379679144525,0.47326203208554746,0.5267379679144525,1.1963628776829365,1.558925649704231,0.7543188627601348,0.6666666666666666,1.558925649704231,1.4533210089178836,0.8333333333333334,1.558925649704231,1.4231482544074783,0.5833333333333334,4.39013578126377,2.8664116784885123,0.625,False,True,0.11063343320491506,2.7557782452835973,False,True,0.11063343320491506,3.565413824646118,False,True,0.11063343320491506,4.656661779438994,False,True,0.11063343320491506,4.656661779438994,False
CHFJPY,baseline,現行HYBRID。追加の騙し回避なし,0,2024-03-06 07:00:00,2024-03-06 08:00:00,2024-03-07 07:00:00,short,3m,169.197,169.113,169.4927402825307,167.97377915240796,167.97377915240796,3.000000000000023,2.947332424501587,23,TP,169.113,0.189870141265339,0.4424076341872795,2.8914498948666383,1.795964324498336,0.6211293260473985,0.6466302367941783,0.3533697632058217,0.6466302367941783,0.9129698999877736,1.0006839344711775,2.1751708680874327,1.0,1.0533515099696134,2.2173049284861217,0.8333333333333334,2.5227768663772885,3.023118833613027,0.5833333333333334,3.318057256404447,3.623529194295614,0.625,True,False,1.2956223572627472,0.27913815014194904,True,False,1.4536250837582043,0.27913815014194904,True,False,1.4536250837582043,0.27913815014194904,True,True,1.4536250837582043,0.6214773908820809,True
CHFJPY,baseline,現行HYBRID。追加の騙し回避なし,0,2024-04-26 03:00:00,2024-04-26 04:00:00,2024-04-26 08:00:00,long,3m,170.702,170.779,170.34517246091107,172.08048261726674,170.34517246091107,-1.0000000000000182,-1.0461012688175395,4,SL,170.778,0.2169137695444579,0.3503696430134497,3.2639698322834647,2.0192355742092123,0.6186440677965949,0.7019774011299248,0.29802259887007515,0.7019774011299248,1.1712795701178855,0.9589063914053065,1.2677848924830133,0.0,1.304665907536978,1.1479215935573008,0.0,1.9961849398004516,2.369605217222662,0.4166666666666667,3.978539498955699,3.7526432817496094,0.4166666666666667,False,True,0.02305063440876062,1.3830380645269473,False,True,0.02305063440876062,1.3830380645269473,False,True,0.02305063440876062,3.180987548411848,False,True,2.1068279849626075,5.444559847354263,False
CHFJPY,baseline,現行HYBRID。追加の騙し回避なし,0,2024-05-30 08:00:00,2024-05-30 09:00:00,2024-06-03 00:00:00,long,3m,172.713,173.019,172.55847257929386,174.40058226211843,174.40058226211843,3.0000000000000298,2.956571532767144,36,TP,173.016,0.23026371035306908,1.3158825571576165,2.436337011767001,2.2582802961120225,0.926916221033871,0.9572192513368951,0.042780748663104856,0.9572192513368951,1.462446876528585,3.0095927792416335,4.242961248656792,0.6666666666666666,3.0095927792416335,3.422163217954416,0.5,3.6393055541190904,1.7675386163799716,0.5,3.6393055541190904,3.9215905911330933,0.625,False,True,0.7773695634693669,0.4473132124991653,False,True,0.7773695634693669,1.2594255497549147,False,False,1.4418251121330832,1.2594255497549147,False,True,1.4418251121330832,1.6459389081279414,False
CHFJPY,baseline,現行HYBRID。追加の騙し回避なし,0,2024-07-23 03:00:00,2024-07-23 04:00:00,2024-07-24 01:00:00,short,3m,175.854,175.778,176.2602205395452,174.33133838136436,174.33133838136436,3.0000000000000004,2.9585252008990657,21,TP,175.775,0.24111026977260505,0.3276509128977123,1.9368731180153367,1.3520784506916657,0.6980728051391953,0.781584582441098,0.218415417558902,0.781584582441098,0.934864678666806,1.5718948859269248,1.5055352073652883,0.6666666666666666,2.268671510823284,2.455308106777489,0.5,2.687566981743099,2.948858216079057,0.4166666666666667,5.470526001418301,6.142417746853957,0.5416666666666666,False,False,0.4811076695712169,0.2447013146957255,False,False,0.5391723883126195,0.2447013146957255,True,False,0.8917081806709161,0.5184349887621522,True,True,1.1156720958161743,3.1852645709546663,True
CHFJPY,baseline,現行HYBRID。追加の騙し回避なし,0,2024-12-19 09:00:00,2024-12-19 10:00:00,2024-12-23 22:00:00,long,3m,175.016,175.216,174.305816841446,177.94654947566204,174.305816841446,-1.0000000000000095,-1.0219735992827688,60,SL,175.216,0.45509157927700544,0.43947198565561885,1.3689552353171774,1.120653563421775,0.8186195826645327,0.8186195826645327,0.18138041733546728,0.8186195826645327,1.659445351645265,5.5109787001210115,3.662999000439274,1.0,5.869148368430334,6.0581213222622,1.0,7.780851506032061,7.543536633778101,0.8333333333333334,7.780851506032061,7.319405921093745,0.625,False,False,0.7097472568337804,0.10767063648556947,True,False,0.8437862124587482,0.23511751232573452,True,False,0.9272858897332702,0.23511751232573452,True,True,1.3601657956040238,0.9492594890160292,True
AUDJPY,baseline,現行HYBRID。追加の騙し回避なし,0,2015-03-06 12:00:00,2015-03-06 13:00:00,2015-03-06 13:00:00,long,3m,93.959,93.998,93.71623409786797,94.8432977063961,93.71623409786797,-1.0000000000000202,-1.0443630684387673,0,SL,93.998,0.1408829510660155,0.2768255470580447,2.1081330122111623,1.8029151013523599,0.8552188552188802,0.9360269360269649,0.06397306397303514,0.9360269360269649,0.9330269497841363,1.3273430076886068,2.3139776497672115,0.6666666666666666,1.6893456461491267,2.8747268348334396,0.6666666666666666,2.7966478343812042,3.832969113111287,0.6666666666666666,4.9757617560943626,1.9448769203564515,0.5,True,False,2.299781467866732,1.4054220081407411,True,False,4.237560297273045,1.4054220081407411,True,False,4.237560297273045,1.4054220081407411,True,False,5.92690594342207,1.4054220081407411,True
AUDJPY,baseline,現行HYBRID。追加の騙し回避なし,0,2015-03-30 11:00:00,2015-03-30 12:00:00,2015-04-02 02:00:00,short,3m,91.798,91.797,92.1798849069622,90.64834527911337,90.64834527911337,2.9999999999999885,2.9673531137616065,62,TP,91.796,0.191442453481105,0.010447003596267298,0.6738317319608367,0.26639859170537283,0.39534883720919217,0.6356589147286087,0.36434108527139125,0.6356589147286087,1.0026899119242205,1.8804606473324932,1.3267694567289903,0.6666666666666666,1.8804606473324932,1.1961819117753894,0.5,2.8102439674024353,2.235658769606398,0.6666666666666666,6.89502237355245,6.210743637995346,0.75,True,False,0.3604216240720012,0.18804606473325675,True,True,0.684278735557104,0.5432441870072356,True,True,0.684278735557104,0.8409837895014846,True,False,0.684278735557104,0.8409837895014846,True
AUDJPY,baseline,現行HYBRID。追加の騙し回避なし,0,2015-05-13 09:00:00,2015-05-13 10:00:00,2015-05-18 07:00:00,long,3m,95.947,96.084,95.63980396003187,97.41658811990442,95.63980396003187,-0.9999999999999858,-1.0281407281363402,69,SL,96.081,0.22209801998406992,0.6033372112439883,2.066655074335696,1.0355787954188014,0.5010893246187571,0.7320261437908641,0.26797385620913594,0.7320261437908641,1.0403537894225134,1.9991173268084457,2.1927255363867686,1.0,1.9991173268084457,1.9000619637683631,0.6666666666666666,2.9536508251944698,1.6974487211864835,0.5,2.9536508251944698,2.1477003713685376,0.5416666666666666,False,True,0.24313589109833225,0.9320209158768764,False,True,0.24313589109833225,1.2516995875061439,False,True,0.24313589109833225,2.2827758664231026,False,True,0.24313589109833225,3.1202439357618026,False
AUDJPY,baseline,現行HYBRID。追加の騙し回避なし,0,2015-06-28 21:00:00,2015-06-28 22:00:00,2015-06-29 01:00:00,short,3m,94.39,93.454,93.97896828439269,91.8790951468219,93.97896828439269,-0.9999999999999988,-1.0238109622459353,3,SL,93.452,0.26248414219634986,3.57354921387341,1.9886915667823928,0.39621441177274075,0.19923371647509755,0.22222222222222524,0.7777777777777748,0.22222222222222524,1.7285181067008926,0.5371753082687823,4.990777686752839,0.0,0.7086142364396876,5.0593532580212015,0.16666666666666666,2.1144134474411107,5.699391923192527,0.4166666666666667,4.285973204272469,8.236688060121871,0.5416666666666666,False,True,0.4457412132443537,2.9868471041329605,False,True,0.7048044824803702,2.9868471041329605,False,False,1.828681900489602,2.9868471041329605,False,False,4.8307680204599945,2.9868471041329605,False
AUDJPY,baseline,現行HYBRID。追加の騙し回避なし,0,2015-10-09 06:00:00,2015-10-09 07:00:00,2015-10-13 13:00:00,long,3m,87.507,87.548,87.12339262086965,88.82182213739105,87.12339262086965,-1.0000000000000016,-1.0294389608244465,54,SL,87.548,0.21230368956517476,0.19311958300851995,1.3753882497192627,0.5981996839532449,0.4349315068493179,0.455479452054799,0.544520547945201,0.455479452054799,0.9632991970842482,1.5261157291406084,1.2387914714937975,1.0,1.9547469987448893,2.22794055519602,0.8333333333333334,3.659851609698338,2.275042892515199,0.6666666666666666,7.790726592588197,7.8802210334946174,0.7083333333333334,False,True,0.0,0.9373365126511727,False,True,0.4804438406553978,1.5826385339235964,False,True,0.4804438406553978,2.425770371936478,False,True,0.4804438406553978,3.6834027783578938,False
AUDJPY,baseline,現行HYBRID。追加の騙し回避なし,0,2015-11-19 00:00:00,2015-11-19 01:00:00,2015-11-24 22:00:00,long,3m,88.098,88.144,87.83310377695291,89.07668866914129,89.07668866914129,3.0,2.9597936575829835,93,TP,88.142,0.15544811152354754,0.28305265061603363,1.9620695099521406,1.5760886227484168,0.803278688524578,0.9311475409836023,0.06885245901639772,0.9311475409836023,1.0538927417488964,1.5246245044547089,1.5117584748811905,0.6666666666666666,4.03993328606549,4.49024432113644,0.8333333333333334,4.03993328606549,3.0942801124163664,0.5833333333333334,4.03993328606549,2.4702776781037405,0.5416666666666666,False,True,0.28305265061603363,2.058564731753163,False,True,0.28305265061603363,2.058564731753163,False,True,0.28305265061603363,2.058564731753163,False,True,0.28305265061603363,2.058564731753163,False
AUDJPY,baseline,現行HYBRID。追加の騙し回避なし,0,2016-01-04 05:00:00,2016-01-04 06:00:00,2016-01-06 01:00:00,short,3m,86.212,86.146,86.57869892389256,84.84790322832232,84.84790322832232,3.0000000000000124,2.971111552837864,43,TP,86.147,0.2163494619462787,0.3004398504866065,1.705573920454794,1.021495491654449,0.5989159891598633,0.6720867208671832,0.3279132791328168,0.6720867208671832,1.793243118263646,1.8904599822927408,2.1077011049522154,1.0,7.0626475622085,6.9008722581002715,1.0,7.099624774576063,7.6173057477222095,0.75,7.728237384824965,8.024055083765601,0.625,False,True,0.15253100101628825,0.7996322174490044,False,True,0.15253100101628825,1.714818223546734,False,True,0.15253100101628825,2.5283168956335826,False,True,0.15253100101628825,2.847245352303938,False
AUDJPY,baseline,現行HYBRID。追加の騙し回避なし,0,2016-02-11 08:00:00,2016-02-11 09:00:00,2016-02-11 12:00:00,short,3m,79.21,78.322,79.34319032270673,75.25842903187983,79.34319032270673,-1.0000000000000042,-1.0122406173678389,3,SL,78.324,0.5105951613533627,1.7352299180658122,4.759152032618433,3.307904437486663,0.6950617283950667,0.6954732510288077,0.30452674897119225,0.6954732510288077,1.3892239301602822,1.0145023674470612,3.1198885547165442,0.0,1.476708079256927,3.924831552826087,0.3333333333333333,2.4872934491462586,4.32828230127029,0.5,4.4712527121267165,6.455211975107174,0.5416666666666666,False,False,0.22326886078951586,1.1418047880726532,False,False,1.045838347908757,1.1418047880726532,False,False,1.045838347908757,1.1418047880726532,True,False,3.1551415327359416,1.1418047880726532,False
AUDJPY,baseline,現行HYBRID。追加の騙し回避なし,0,2016-04-05 09:00:00,2016-04-05 10:00:00,2016-04-07 00:00:00,short,3m,83.345,83.126,83.70612201460138,81.3856339561959,83.70612201460138,-1.0000000000000064,-1.0215471912552427,38,SL,83.126,0.29006100730068407,0.7550135815841442,1.9926842472860702,1.5203698149708116,0.7629757785466886,0.8581314878892605,0.1418685121107395,0.8581314878892605,1.3221284133478677,2.7752782336769757,2.492579084407992,1.0,4.061214607790611,2.899390055307205,0.6666666666666666,4.216354384828459,5.254067115681587,0.75,6.053898855076682,6.664115311425501,0.7083333333333334,False,False,0.3654403636891202,0.24822364326055668,True,False,1.1721672042858804,0.24822364326055668,True,False,1.1721672042858804,0.24822364326055668,True,True,1.1721672042858804,1.1101112934707902,True
AUDJPY,baseline,現行HYBRID。追加の騙し回避なし,0,2016-06-03 14:00:00,2016-06-03 15:00:00,2016-06-06 07:00:00,short,3m,78.308,78.191,78.63008079192335,76.87375762422998,78.63008079192335,-1.0000000000000133,-1.0284685648516751,16,SL,78.193,0.2195403959616697,0.5238215932710959,2.309369980768868,1.812878209755458,0.7850098619329455,0.8205128205128291,0.17948717948717086,0.8205128205128291,1.2059493258821032,2.186385780609637,3.029055300219605,0.6666666666666666,2.482458855067179,3.170259381883938,0.5,2.5507834107112326,2.7557570776433917,0.4166666666666667,2.7921968406535322,1.2161770904640818,0.375,True,False,1.279946675731908,0.150314022416917,True,False,1.279946675731908,0.150314022416917,True,False,1.279946675731908,0.150314022416917,True,False,1.9130875580334243,0.150314022416917,True
AUDJPY,baseline,現行HYBRID。追加の騙し回避なし,0,2016-06-14 07:00:00,2016-06-14 08:00:00,2016-06-14 13:00:00,short,3m,78.034,77.893,78.32493149566804,76.59720551299588,78.32493149566804,-1.0000000000000029,-1.0289397743053144,5,SL,77.893,0.2159657478340187,0.6528813083284458,1.838254463875018,1.4817164444332644,0.8060453400503782,0.9722921914357785,0.027707808564221458,0.9722921914357785,1.0513397291724198,1.4215217138781375,2.329073036093588,0.6666666666666666,1.4770860805443884,2.440201769426089,0.5,1.879927738874706,2.5698519583139636,0.5,3.310710180530596,2.8615648833117797,0.5,False,True,0.4954489361073802,1.7271257305425822,False,True,0.4954489361073802,1.7873204610976434,False,True,0.4954489361073802,1.7873204610976434,True,False,2.0929244777620224,1.7873204610976434,False
AUDJPY,baseline,現行HYBRID。追加の騙し回避なし,0,2016-10-26 00:00:00,2016-10-26 01:00:00,2016-10-26 13:00:00,long,3m,80.016,80.146,79.80679785200688,81.16360644397938,79.80679785200688,-0.9999999999999845,-1.036851181733191,12,SL,80.139,0.16960107399656274,0.7252312565101048,4.864355988787683,2.688662219257117,0.5527272727272573,0.9115151515151427,0.08848484848485727,0.9115151515151427,1.2182990822070496,0.8726359834430978,2.7535202991076773,0.6666666666666666,1.2205111390048677,2.6532850847932887,0.5,2.7181431646437657,1.2146149499275212,0.5,4.899733123251594,4.345491349983617,0.625,False,True,0.4186294244895931,0.8608436052884886,False,True,0.4186294244895931,1.020040710376091,False,True,0.4186294244895931,1.020040710376091,False,True,0.4186294244895931,1.020040710376091,False
AUDJPY,baseline,現行HYBRID。追加の騙し回避なし,0,2017-02-10 15:00:00,2017-02-10 16:00:00,2017-02-10 18:00:00,long,3m,87.089,87.124,86.81466272718721,88.05201181843834,86.81466272718721,-0.9999999999999925,-1.0404089681347628,2,SL,87.122,0.15466863640639278,0.21335935175178988,1.9460959053723252,1.603427855589178,0.8239202657807411,0.9269102990033042,0.07308970099669578,0.9269102990033042,1.0405990184830654,1.7715291630299517,2.1982478665335314,0.6666666666666666,1.8620452516518924,1.9008378610613088,0.5,2.2305750410413476,0.9956769748416249,0.5,6.161559461195415,6.025785328262457,0.625,True,False,1.4482574179515129,0.07758521881883268,True,False,1.4482574179515129,0.07758521881883268,True,False,2.2887639551554724,0.36852978938945524,True,False,2.2887639551554724,0.36852978938945524,True
AUDJPY,baseline,現行HYBRID。追加の騙し回避なし,0,2017-05-02 00:00:00,2017-05-02 01:00:00,2017-05-03 03:00:00,long,3m,84.412,84.418,84.14249385671542,85.24451842985378,84.14249385671542,-0.999999999999976,-1.045371039102637,26,SL,84.418,0.1377530716422972,0.043556197538595735,2.199587975698982,1.5389856463636817,0.6996699669967168,0.7326732673267671,0.267326732673233,0.7326732673267671,0.8505033362170541,1.4518732512864903,2.0979568481089594,0.6666666666666666,1.4518732512864903,1.2195735310806808,0.5,2.177809876929684,2.744040444931428,0.6666666666666666,7.22306942515022,7.353738017766006,0.75,True,False,0.7840115556947233,0.5081556379502148,True,False,0.7840115556947233,0.5081556379502148,True,False,0.7840115556947233,0.5081556379502148,True,False,0.9219395145669775,0.8420864857461499,True
AUDJPY,baseline,現行HYBRID。追加の騙し回避なし,0,2017-05-18 09:00:00,2017-05-18 10:00:00,2017-05-18 11:00:00,short,3m,81.913,81.865,82.45514325572694,80.09457023281917,82.45514325572694,-1.0,-1.02118129772506,1,SL,81.866,0.2950716278634715,0.15928335889258644,2.8128763378905273,2.4807535895612873,0.8819277108433745,0.8831325301204886,0.11686746987951133,0.8831325301204886,1.7088297296906045,2.39263939102497,3.514400918545181,0.6666666666666666,2.39263939102497,3.2602253458442196,0.5,3.2703923687522582,1.626723665286105,0.3333333333333333,4.090532216667296,4.375208858092373,0.5,True,False,0.782860763918913,0.020334045816076913,True,False,2.0977957266918548,0.020334045816076913,True,False,2.0977957266918548,0.020334045816076913,True,False,2.900990536426845,0.020334045816076913,True
AUDJPY,baseline,現行HYBRID。追加の騙し回避なし,0,2017-06-27 11:00:00,2017-06-27 12:00:00,2017-06-27 13:00:00,long,3m,85.084,85.13,84.88152384571451,85.87542846285645,84.88152384571451,-0.9999999999999927,-1.050306638220201,1,SL,85.13,0.12423807714274296,0.37025685730100855,1.6178614851633213,0.8371024599850231,0.517412935323396,0.7611940298507294,0.2388059701492706,0.7611940298507294,0.9939821628172479,1.5373708640109878,1.8512842865052714,0.6666666666666666,1.8432352243901067,1.45688024285854,0.5,2.1973939574606716,2.374473323996011,0.5833333333333334,4.821388207029076,4.692603213185297,0.5833333333333334,True,False,1.2798008763232005,0.5392871617211834,True,False,2.1651977089996692,0.5392871617211834,True,True,2.1651977089996692,0.5634343480669063,True,True,2.1651977089996692,1.5937142988177129,True
AUDJPY,baseline,現行HYBRID。追加の騙し回避なし,0,2017-07-27 03:00:00,2017-07-27 04:00:00,2017-07-27 13:00:00,long,3m,89.325,89.33,88.9752758622228,90.39417241333157,88.9752758622228,-1.000000000000017,-1.035238650739483,9,SL,89.331,0.17736206888859538,0.03382910470991938,1.0035967730608881,0.5863711483052425,0.5842696629213529,0.7191011235955173,0.28089887640448274,0.7191011235955173,1.1314685320742126,2.54282103736222,2.7006901926751237,0.6666666666666666,2.54282103736222,1.7478370766791145,0.6666666666666666,3.0502576080110106,3.005152135064398,0.75,6.00466608601045,4.877029262346577,0.6666666666666666,False,True,0.18042189178621,0.5017983865304441,False,True,0.21425099649612936,0.5017983865304441,True,False,0.3608437835725001,0.5017983865304441,True,False,0.8739185383395572,0.5017983865304441,True
AUDJPY,baseline,現行HYBRID。追加の騙し回避なし,0,2017-08-09 00:00:00,2017-08-09 01:00:00,2017-08-09 23:00:00,short,3m,86.64,86.534,86.86151852511034,85.55144442466899,86.86151852511034,-0.9999999999999816,-1.0381657800754058,22,SL,86.534,0.16375926255517062,0.6472916300797523,3.5234648165663693,2.3387990030241044,0.6637781629116062,0.7573656845753882,0.2426343154246118,0.7573656845753882,1.2777565764074452,2.595273045131199,4.555467509806764,1.0,3.383014745888704,5.129480842141632,1.0,4.097478148901325,5.709600699288603,0.8333333333333334,5.654641975980026,7.016397009072399,0.625,False,True,0.3663914887243341,1.514418153394244,False,True,0.3663914887243341,1.5205246782063466,False,True,0.3663914887243341,1.5205246782063466,True,False,1.5571638270787018,1.5205246782063466,False
AUDJPY,baseline,現行HYBRID。追加の騙し回避なし,0,2017-09-12 06:00:00,2017-09-12 07:00:00,2017-09-14 22:00:00,long,3m,87.938,88.038,87.73994541540061,88.93216375379816,87.73994541540061,-0.9999999999999825,-1.041938626835029,63,SL,88.039,0.14902729229969486,0.6777282096549633,2.5901295933348045,2.31501220129667,0.8937823834196962,0.9041450777202271,0.09585492227977291,0.9041450777202271,0.9270352893721396,1.3084851572545981,3.0397116730069618,1.0,2.200939136305267,1.7513570566331096,0.8333333333333334,2.764594280968827,1.6037330901736695,0.6666666666666666,4.91185197492512,5.435246037826998,0.7083333333333334,False,True,0.2751173920381345,0.9260048805187061,False,True,0.2751173920381345,1.3822971404844135,False,True,0.2751173920381345,1.3822971404844135,False,True,0.2751173920381345,1.3822971404844135,False
AUDJPY,baseline,現行HYBRID。追加の騙し回避なし,0,2017-11-13 09:00:00,2017-11-13 10:00:00,2017-11-15 01:00:00,short,3m,86.69,86.667,86.89629757330448,85.97910728008658,85.97910728008658,3.0000000000000155,2.945485685609996,39,TP,86.665,0.11464878665223624,0.21805725756020328,1.212398352035107,0.8460621593338267,0.6978417266186845,0.7553956834531866,0.24460431654681333,0.7553956834531866,0.9472135217851894,2.041015930764152,2.041015930764152,1.0,2.9306895416101186,3.6284727658029925,0.8333333333333334,2.9306895416101186,2.2503508980220266,0.5833333333333334,3.017912444634274,3.192358250682462,0.6666666666666666,False,True,0.23550183816498482,0.340169321794046,True,False,0.6541717726807338,0.340169321794046,True,True,0.6541717726807338,0.7501169660074661,True,False,1.0205079653820142,1.3083435453617154,True
AUDJPY,baseline,現行HYBRID。追加の騙し回避なし,0,2017-11-27 16:00:00,2017-11-27 17:00:00,2017-11-28 06:00:00,short,3m,84.502,84.406,84.67125944925435,83.61022165223699,84.67125944925435,-1.0000000000000184,-1.04712367470841,13,SL,84.405,0.1326297246271697,0.7313594314748609,2.442891296885234,1.6285941979234535,0.6666666666666521,0.8271604938271675,0.17283950617283247,0.8271604938271675,1.2004139424643812,1.7492308051770864,2.0659018992177787,0.6666666666666666,3.739734824861331,4.531412559963062,0.6666666666666666,3.739734824861331,1.8321684726638987,0.4166666666666667,3.739734824861331,4.380616800896101,0.5,False,False,0.6182626121746136,0.11309681930024727,True,False,0.9198541303086422,0.11309681930024727,True,False,0.9198541303086422,0.11309681930024727,True,False,1.4400994990897795,0.11309681930024727,True
AUDJPY,baseline,現行HYBRID。追加の騙し回避なし,0,2017-12-14 00:00:00,2017-12-14 01:00:00,2017-12-14 18:00:00,long,3m,86.2,86.467,86.17500835024741,87.34297494925777,86.17500835024741,-1.0000000000000047,-1.042809443388472,17,SL,86.468,0.1459958248762938,1.8356689324991609,3.3562603616588698,2.9658382379557735,0.8836734693877785,0.9714285714285797,0.028571428571420285,0.9714285714285797,1.4502802686252734,1.630183604234322,3.6850368868826116,1.0,1.794571866846193,3.787779551015031,0.6666666666666666,2.8699450847654506,4.88370130176087,0.75,3.0891294349145793,4.239847273197676,0.6666666666666666,False,False,1.0822227288614514,0.0,False,False,1.0822227288614514,0.0,False,False,1.157567349225193,0.0,False,False,1.4589458306803547,0.0,False
AUDJPY,baseline,現行HYBRID。追加の騙し回避なし,0,2018-02-04 22:00:00,2018-02-04 23:00:00,2018-02-05 15:00:00,short,3m,87.21,87.146,87.46785195834003,86.18044412497989,87.46785195834003,-0.9999999999999906,-1.0388377316840165,16,SL,87.149,0.16092597917001836,0.37905626123639313,0.9569617086952462,0.3852702983058726,0.4025974025973966,0.883116883116876,0.11688311688312407,0.883116883116876,1.0206741707986646,2.174912974307482,2.212197196724094,1.0,2.7901026441830354,2.330263901043674,0.8333333333333334,4.0329100580729245,3.8216327977115934,0.75,4.822092765893108,4.884233136587549,0.625,False,True,0.04349825948617966,1.7337163423764708,False,True,0.04349825948617966,1.7337163423764708,False,False,0.33555800175030176,1.7337163423764708,False,False,0.5965475586672031,1.7337163423764708,False
AUDJPY,baseline,現行HYBRID。追加の騙し回避なし,0,2018-03-19 01:00:00,2018-03-19 02:00:00,2018-03-19 10:00:00,short,3m,81.487,81.47,81.78895211847683,80.51314364456952,81.78895211847683,-1.000000000000013,-1.0391908354761439,8,SL,81.472,0.1594760592384127,0.09405800514280294,1.7620199630084787,1.4547638128752927,0.825622775800692,0.8825622775800692,0.1174377224199308,0.8825622775800692,0.9982874447051548,1.022096989218399,1.6177976884562104,0.6666666666666666,1.022096989218399,1.9501359732940846,0.6666666666666666,3.248136444264676,4.332938770244973,0.6666666666666666,6.283074743538969,6.577789826319811,0.625,True,False,0.7524640411424235,0.050164269409465195,True,False,0.7524640411424235,0.050164269409465195,True,True,0.7524640411424235,1.235295134208693,True,False,0.8151693779043219,1.3607058077324898,True
AUDJPY,baseline,現行HYBRID。追加の騙し回避なし,0,2018-05-03 14:00:00,2018-05-03 15:00:00,2018-05-03 16:00:00,short,3m,81.9,81.821,82.1222615301197,80.9172154096409,82.1222615301197,-1.000000000000015,-1.0414921878509567,1,SL,81.821,0.15063076505984924,0.5244612544364302,3.3459300283030067,2.8878562744281773,0.8630952380952343,0.8888888888888952,0.11111111111110485,0.8888888888888952,1.39943693188333,1.998263766903178,3.292820027853688,0.6666666666666666,2.914411274652742,4.461240037737279,0.6666666666666666,2.914411274652742,4.016443783974827,0.5,3.166683776786769,4.102747534704804,0.5416666666666666,True,False,1.0422837588165776,0.47135125398711175,True,False,2.3567562699356532,0.47135125398711175,True,False,2.8015525236981054,0.47135125398711175,True,False,3.6313962807176923,0.47135125398711175,True
AUDJPY,baseline,現行HYBRID。追加の騙し回避なし,0,2018-06-19 05:00:00,2018-06-19 06:00:00,2018-06-19 15:00:00,short,3m,81.026,80.889,81.25321036124976,79.79636891625073,81.25321036124976,-1.000000000000012,-1.0343208248032822,9,SL,80.89,0.18210518062487815,0.7468211477198148,1.6419082585899754,1.4826596315025986,0.9030100334447828,0.9799331103678927,0.02006688963210734,0.9799331103678927,1.264314888905457,2.1306368037889016,2.8939319474143796,0.6666666666666666,5.216765370101829,3.5419091197006827,0.6666666666666666,5.326592009472371,6.3205230957759655,0.5,7.061852911527304,7.737286743656301,0.625,False,True,0.13728329921323681,0.774277807562509,False,False,0.5875725206325163,1.4387289757543973,False,False,0.6754338321289972,1.4387289757543973,False,True,1.0049137502406251,1.4387289757543973,False
AUDJPY,baseline,現行HYBRID。追加の騙し回避なし,0,2018-08-10 00:00:00,2018-08-10 01:00:00,2018-08-10 06:00:00,short,3m,81.809,81.72,81.9735395490584,80.9593813528248,80.9593813528248,2.999999999999994,2.9506980270083583,5,TP,81.718,0.12676977452919902,0.7178367267588209,1.7038761865925436,1.4120085064817465,0.8287037037036817,0.925925925925904,0.07407407407409601,0.925925925925904,1.168017219059146,0.962374512797603,1.9957438667032286,0.6666666666666666,1.3567902967310248,2.2402816527418987,0.8333333333333334,4.788207616952008,4.938085614846647,0.8333333333333334,6.152886229361739,4.732989407201286,0.7083333333333334,False,False,1.0806992479776407,0.1893195762880604,False,False,1.0806992479776407,0.1893195762880604,False,True,1.0806992479776407,0.1893195762880604,False,True,1.0806992479776407,7.501788210414169,False
AUDJPY,baseline,現行HYBRID。追加の騙し回避なし,0,2018-10-10 19:00:00,2018-10-10 20:00:00,2018-10-11 12:00:00,short,3m,79.703,79.514,79.89004606472292,78.38586180583123,79.89004606472292,-1.0000000000000113,-1.0332406084589745,16,SL,79.516,0.18802303236146187,0.9945590050930699,1.4679052695491288,1.3030318515924901,0.8876811594202669,0.8876811594202669,0.11231884057973308,0.8876811594202669,1.224299223109463,2.175265417556485,2.7071151529004247,0.3333333333333333,4.127153946268601,3.0794099676411144,0.6666666666666666,4.472856274242121,4.621774200138442,0.5833333333333334,4.632411194845295,3.6378521897522247,0.375,False,True,0.27124336502532087,2.281635364625318,False,True,0.27124336502532087,2.5156492481766155,False,True,0.27124336502532087,2.5156492481766155,False,True,0.27124336502532087,2.5156492481766155,False
AUDJPY,baseline,現行HYBRID。追加の騙し回避なし,0,2018-12-18 16:00:00,2018-12-18 17:00:00,2018-12-19 01:00:00,short,3m,80.721,80.697,80.99400148036761,79.80599555889717,80.99400148036761,-1.0000000000000062,-1.0420873323072959,8,SL,80.697,0.14850074018380519,0.16161535606014601,1.1111055729134083,0.4781120950112334,0.4303030303030387,0.8242424242424378,0.17575757575756218,0.8242424242424378,1.1879387480603065,2.1009996287818025,0.9629581631916715,0.6666666666666666,2.154871414135153,0.7407370486089707,0.6666666666666666,2.1952752531501893,1.407400392357073,0.6666666666666666,3.27944493338697,2.8148007847140506,0.625,True,False,0.491580041349547,0.040403839015036504,True,False,0.491580041349547,0.07407370486086837,True,True,0.6868652632556206,0.18855124873686893,True,False,1.1582433850976495,0.22895508775190543,True
AUDJPY,baseline,現行HYBRID。追加の騙し回避なし,0,2019-01-30 19:00:00,2019-01-30 20:00:00,2019-01-30 20:00:00,long,3m,79.102,79.193,78.92179445936408,80.00661662190775,78.92179445936408,-0.9999999999999983,-1.0460905037953072,0,SL,79.193,0.13560277031795942,0.6710777352602642,3.8863512800239923,3.06778393261853,0.7893738140417381,0.8254269449715397,0.1745730550284603,0.8254269449715397,0.9424439265087936,0.6858266964748468,2.617940615575958,0.3333333333333333,1.393776834771463,3.281643870228931,0.5,2.1607228179260956,3.8052319933441017,0.5833333333333334,5.6857245481944885,7.964439055836617,0.625,True,False,2.1091014536752657,0.0,True,False,2.1091014536752657,0.0,True,False,2.1091014536752657,0.0,True,False,2.219718662784112,0.0,True
AUDJPY,baseline,現行HYBRID。追加の騙し回避なし,0,2019-03-25 00:00:00,2019-03-25 01:00:00,2019-03-25 07:00:00,short,3m,77.728,77.627,77.96080118557015,76.62559644328954,77.96080118557015,-1.0000000000000064,-1.0374474403937186,6,SL,77.625,0.1669005927850751,0.6171338176889033,2.294779147328823,1.959250081400788,0.8537859007832632,0.9347258485639555,0.06527415143604451,0.9347258485639555,1.326461722754604,1.0365451500988194,1.5997546536208114,0.3333333333333333,1.4619480729718486,1.983216443252815,0.5,3.277399983260646,3.5230551922436018,0.5,6.351085890779362,6.051506367629409,0.5416666666666666,False,False,0.43139451333597206,0.5032935988919675,False,False,0.6051506367629325,0.5032935988919675,True,False,0.9826208359319081,0.5032935988919675,True,False,1.8573930435298232,0.5032935988919675,True
AUDJPY,baseline,現行HYBRID。追加の騙し回避なし,0,2019-04-03 09:00:00,2019-04-03 10:00:00,2019-04-08 00:00:00,long,3m,79.412,79.417,79.14879037967988,80.22162886096038,79.14879037967988,-0.9999999999999768,-1.0466053379631304,62,SL,79.416,0.1341048101600637,0.029827416296375878,0.7531422614852394,0.2684467466680187,0.35643564356437313,0.702970297029689,0.29702970297031095,0.702970297029689,1.0360997661941362,1.8045586859348735,0.49960922296540866,1.0,2.2668836385298654,2.1848582437145665,0.8333333333333334,6.785737207441302,5.592640555583511,0.5833333333333334,6.785737207441302,4.466655590392726,0.5833333333333334,True,False,0.7904265318557623,0.0372842703706288,True,False,0.7904265318557623,0.0372842703706288,True,False,0.8053402400039502,0.0372842703706288,True,True,1.1632692355613086,0.11185281111167447,True
AUDJPY,baseline,現行HYBRID。追加の騙し回避なし,0,2019-06-13 01:00:00,2019-06-13 02:00:00,2019-06-17 16:00:00,short,3m,74.967,74.955,75.13380034011024,74.41859897966928,74.41859897966928,3.0000000000000187,2.930089618441002,62,TP,74.956,0.08940017005511854,0.12304227154393298,3.8031247568140056,2.5055880750774793,0.6588235294117691,0.9588235294117357,0.041176470588264305,0.9588235294117357,1.0293100800502644,0.9843381723517817,2.449659769830107,0.6666666666666666,1.1744944101925932,2.326617498286174,0.3333333333333333,2.8411579065610773,4.228179876693177,0.5,4.496635741880055,5.4138599479351175,0.5416666666666666,False,True,0.3243841704340918,2.069347294148802,False,True,0.3243841704340918,2.069347294148802,False,True,0.3243841704340918,2.069347294148802,False,True,0.3243841704340918,2.069347294148802,False
AUDJPY,baseline,現行HYBRID。追加の騙し回避なし,0,2019-06-30 21:00:00,2019-06-30 22:00:00,2019-07-01 00:00:00,long,3m,76.017,76.082,75.86952054122635,76.71943837632092,75.86952054122635,-1.0000000000000049,-1.0588292161140438,2,SL,76.082,0.10623972938682107,0.6118238475865405,0.847140712042964,0.46122105433441346,0.5444444444443391,0.6444444444443391,0.3555555555556608,0.6444444444443391,1.0962223176178416,1.5342659562555012,4.056862743227794,0.6666666666666666,2.324930620828934,4.715749963705566,0.6666666666666666,3.793307855036605,5.986461031770012,0.6666666666666666,4.376893678888514,5.205209041774879,0.5416666666666666,False,True,0.1694281424085928,1.9107729393857522,False,True,0.1694281424085928,1.9107729393857522,True,False,2.6543742310678202,1.9107729393857522,True,False,4.320417631418849,1.9107729393857522,True
AUDJPY,baseline,現行HYBRID。追加の騙し回避なし,0,2019-07-26 14:00:00,2019-07-26 15:00:00,2019-07-30 13:00:00,short,3m,75.132,75.084,75.2365994230905,74.62620173072851,74.62620173072851,2.999999999999999,2.918086190977434,46,TP,75.082,0.07629971154524878,0.6553104721812659,1.4941078765730034,1.0091781271590825,0.6754385964913112,0.9298245614035503,0.07017543859644967,0.9298245614035503,0.9567010165527179,2.372223909295609,2.870259868153401,0.6666666666666666,2.5032860037317133,2.8833660775970857,0.6666666666666666,4.272624278620796,4.377473954169903,0.75,5.937112877960772,6.435148836818564,0.6666666666666666,False,True,0.18348693221084386,0.7732663571736852,False,True,0.19659314165434252,0.7732663571736852,False,False,0.19659314165434252,0.7732663571736852,False,True,0.4718235399704221,0.7732663571736852,False
AUDJPY,baseline,現行HYBRID。追加の騙し回避なし,0,2019-08-25 21:00:00,2019-08-25 22:00:00,2019-08-26 01:00:00,short,3m,70.738,70.602,70.97571691115493,69.4808492665352,70.97571691115493,-0.9999999999999909,-1.0334477772529889,3,SL,70.602,0.1868584555774663,0.7278236330258754,0.9954058510501637,0.5619226578508228,0.5645161290321816,0.8494623655913723,0.1505376344086276,0.8494623655913723,1.7406805118499118,0.888372963840418,2.627657380997911,0.3333333333333333,4.184985889898898,2.370778451694643,0.5,5.688797955195088,7.781290900144498,0.5833333333333334,5.763720976241848,6.973192601711352,0.4583333333333333,False,True,0.26758221802421217,3.4571622568730223,False,True,0.26758221802421217,3.4571622568730223,False,False,0.9311861187242706,3.4571622568730223,True,False,4.329480287631986,3.4571622568730223,False
AUDJPY,baseline,現行HYBRID。追加の騙し回避なし,0,2019-10-02 08:00:00,2019-10-02 09:00:00,2019-10-04 12:00:00,short,3m,71.993,71.937,72.19998346716622,71.14804959850133,72.19998346716622,-1.0000000000000007,-1.0475315050587877,51,SL,71.938,0.1314917335831111,0.41827724451764975,2.1370164674449437,1.8328148350684907,0.8576512455516255,0.8647686832740291,0.1352313167259709,0.8647686832740291,1.1212707692955697,2.9963860789086985,3.3005877112851514,1.0,3.2929826704758103,3.399453241807558,0.6666666666666666,3.2929826704758103,2.121806385826153,0.3333333333333333,5.110587423925403,5.125797505544193,0.4166666666666667,False,True,0.06084032647526896,0.9962603460330831,False,True,0.06084032647526896,0.9962603460330831,False,True,0.06084032647526896,0.9962603460330831,False,True,0.494327652611817,1.0266805092707716,False
AUDJPY,baseline,現行HYBRID。追加の騙し回避なし,0,2019-12-12 11:00:00,2019-12-12 12:00:00,2019-12-12 15:00:00,long,3m,74.844,74.865,74.7134994085861,75.31950177424169,75.31950177424169,3.0000000000000093,2.917492071263026,3,TP,74.865,0.07575029570694838,0.2772266405565268,1.3993344713804388,0.9108875332569719,0.6509433962263392,0.6886792452829911,0.31132075471700893,0.6886792452829911,0.9252262305947138,1.0957052936281149,1.0032964134425435,0.6666666666666666,1.9009826781018981,1.8745801409059133,0.8333333333333334,3.8943742363891802,3.815166624801601,0.6666666666666666,7.260697728861103,7.141886311479735,0.7083333333333334,True,False,0.8580824588653776,0.03960380579378955,True,False,1.3597306655866492,0.25082410336072963,True,True,1.3597306655866492,3.48513490985348,True,True,1.3597306655866492,7.5775281752114205,True
AUDJPY,baseline,現行HYBRID。追加の騙し回避なし,0,2019-12-26 14:00:00,2019-12-26 15:00:00,2019-12-27 11:00:00,long,3m,75.973,76.0,75.88525076740976,76.34424769777074,76.34424769777074,2.9999999999999516,2.8910668096175445,20,TP,76.0,0.05737461629512427,0.47059138245244353,1.2723396636678002,0.627455176603258,0.49315068493147485,0.7123287671233063,0.28767123287669366,0.7123287671233063,0.727990149856907,2.405244843645575,2.440103464568143,1.0,2.5795379482576735,1.742931046119996,0.5,2.5795379482576735,1.8997948402708107,0.6666666666666666,7.024012115863837,5.891106935885815,0.625,False,True,0.0871465523059255,1.3594862159737258,False,True,0.0871465523059255,1.9695120821156995,False,True,0.0871465523059255,1.9695120821156995,False,True,0.0871465523059255,3.2244224353222157,False
AUDJPY,baseline,現行HYBRID。追加の騙し回避なし,0,2020-03-08 21:00:00,2020-03-08 22:00:00,2020-03-09 01:00:00,short,3m,69.374,68.884,69.44428662498922,67.20314012503235,67.20314012503235,2.9999999999999893,2.9776899903683494,3,TP,68.88,0.28014331249460966,1.7633831612864397,0.4747570049617689,0.12493605393728625,0.2631578947367971,0.5488721804511438,0.4511278195488561,0.5488721804511438,1.1475758082136884,0.9209571975949268,3.4303870809641026,0.6666666666666666,1.0137668376626208,3.5160575179496822,0.5,1.9561416445039932,4.080054561438063,0.5,3.016313302200486,4.722582838829907,0.4583333333333333,False,True,1.0601716576965439,1.2993349609478684,False,True,1.0601716576965439,1.2993349609478684,False,True,1.0601716576965439,1.2993349609478684,False,True,1.0601716576965439,16.14887737178109,False
AUDJPY,baseline,現行HYBRID。追加の騙し回避なし,0,2020-04-27 05:00:00,2020-04-27 06:00:00,2020-05-01 07:00:00,long,3m,69.261,69.297,68.94137693151542,70.36386920545374,68.94137693151542,-0.9999999999999899,-1.0351495757945384,97,SL,69.297,0.1778115342422897,0.2024615565767911,1.2878804571134235,0.6130086018574531,0.47598253275107,0.6375545851528441,0.36244541484715587,0.6375545851528441,0.8788191712715121,1.0966667647908719,1.1978975430792673,0.3333333333333333,3.5430772400936843,2.9300686382362313,0.6666666666666666,4.606000412121758,4.172957638332536,0.75,5.837641547963903,5.69141931265847,0.6666666666666666,True,False,0.7311111765272479,0.12935043892403433,True,False,0.7536069050358069,0.12935043892403433,True,False,1.1754018145707883,0.12935043892403433,True,False,1.2203932715878263,0.12935043892403433,True
AUDJPY,baseline,現行HYBRID。追加の騙し回避なし,0,2020-05-19 00:00:00,2020-05-19 01:00:00,2020-05-19 03:00:00,long,3m,70.175,70.201,69.87864352552157,71.16806942343526,69.87864352552157,-1.0000000000000133,-1.0387769472296724,2,SL,70.2,0.1611782372392106,0.15510778891881202,2.090852994625131,0.9058294872856612,0.4332344213649833,0.4866468842729967,0.5133531157270034,0.4866468842729967,0.8666488058406681,0.9306467335126076,1.6689598087660718,0.6666666666666666,1.0361200299773503,1.389765788712263,0.6666666666666666,4.2685663510446625,4.0141895772179765,0.75,7.7429808228252766,8.23932574736544,0.7083333333333334,True,False,0.8934208641721879,0.272989708497028,True,False,0.9988941606369307,0.272989708497028,True,False,2.0101969443873346,0.272989708497028,True,True,2.0101969443873346,2.2893909644411434,True
AUDJPY,baseline,現行HYBRID。追加の騙し回避なし,0,2020-09-21 08:00:00,2020-09-21 09:00:00,2020-09-23 04:00:00,short,3m,75.817,75.793,76.12845678006175,74.78662965981476,74.78662965981476,2.9999999999999787,2.962737375593676,43,TP,75.791,0.1677283900308749,0.15501251753033732,1.6157073942587536,0.7035183487916873,0.4354243542435751,0.5387453874538759,0.4612546125461241,0.5387453874538759,1.1317071202811364,3.243338828327592,3.118136410322212,0.6666666666666666,3.243338828327592,3.06447823117717,0.3333333333333333,3.243338828327592,2.259605544000272,0.4166666666666667,4.024363435884406,3.3506551866177605,0.5,False,True,0.7691005677468137,1.1387458018576573,False,True,0.7691005677468137,1.3653025582481633,False,True,0.7691005677468137,1.5799352748286695,False,True,0.7691005677468137,3.130060450132212,False
AUDJPY,baseline,現行HYBRID。追加の騙し回避なし,0,2020-11-09 11:00:00,2020-11-09 12:00:00,2020-11-13 01:00:00,long,3m,76.112,76.271,75.85229141545858,77.52712575362425,75.85229141545858,-1.0000000000000107,-1.0298536988767104,85,SL,76.272,0.2093542922707079,0.7642546912442617,4.074432822695669,3.7687309461980183,0.9249706916764439,0.9777256740914521,0.022274325908547915,0.9777256740914521,0.9636805861430752,1.0460736086405522,4.3944644746542165,0.6666666666666666,1.1559352205068891,3.4439227024192394,0.5,2.3214236246543085,4.977208676727926,0.6666666666666666,3.19076333594454,5.865654755299355,0.4583333333333333,False,True,0.8645631194700681,3.5299013551841485,False,True,0.8645631194700681,3.6588693343316137,False,True,0.8645631194700681,3.6588693343316137,False,True,0.8645631194700681,3.6588693343316137,False
AUDJPY,baseline,現行HYBRID。追加の騙し回避なし,0,2021-03-17 19:00:00,2021-03-17 20:00:00,2021-03-18 18:00:00,long,3m,84.949,84.96,84.65734311886968,85.86797064339095,84.65734311886968,-0.999999999999996,-1.0413008947733295,22,SL,84.962,0.15132844056515954,0.0859058611286465,1.7049009362448244,0.8854911839410791,0.5193798449612219,0.8255813953488372,0.1744186046511628,0.8255813953488372,1.2555244570598592,4.956107372804534,5.286514530991485,0.3333333333333333,4.956107372804534,4.361374488067968,0.3333333333333333,4.956107372804534,3.971494041407361,0.4166666666666667,4.956107372804534,3.4692751609632118,0.4583333333333333,True,False,0.8656667544498602,0.3105827286957313,True,False,0.8656667544498602,0.3105827286957313,True,False,0.8656667544498602,0.3105827286957313,True,True,0.8656667544498602,2.8282852740804363,True
AUDJPY,baseline,現行HYBRID。追加の騙し回避なし,0,2021-04-20 06:00:00,2021-04-20 07:00:00,2021-04-20 09:00:00,long,3m,84.484,84.651,84.3773381667813,85.47198549965607,84.3773381667813,-1.0000000000000229,-1.0456768116071409,2,SL,84.652,0.13683091660934507,1.2277926960004926,2.0755543194292656,1.775914435286323,0.8556338028169085,0.9718309859155078,0.028169014084492242,0.9718309859155078,1.1551816396480323,1.4397331018576858,2.287494725286563,1.0,4.026867711287191,4.509214841858814,1.0,4.61153089985882,5.678541219002071,0.8333333333333334,4.7284635375730835,4.52383142157307,0.7083333333333334,False,False,0.3873393624286922,0.4677305508572613,False,False,1.0670103191432505,0.4677305508572613,True,False,2.367885913715132,0.4677305508572613,True,False,3.719919537287068,0.4677305508572613,True
AUDJPY,baseline,現行HYBRID。追加の騙し回避なし,0,2021-06-17 10:00:00,2021-06-17 11:00:00,2021-06-18 05:00:00,short,3m,83.973,83.831,84.13010305733988,82.93369082798037,82.93369082798037,3.0000000000000004,2.9582083843904527,18,TP,83.83,0.14955152866993868,0.9561921651473234,1.8722643793094431,1.6582913073883885,0.8857142857142988,0.9392857142857292,0.06071428571427085,0.9392857142857292,1.5826341072249286,2.387137083619526,2.507496936575137,1.0,3.035742957880351,4.085548341993118,1.0,3.83814197758433,3.2497160298014056,0.6666666666666666,4.794334142731653,5.94443940430743,0.7083333333333334,False,True,0.6285458987682232,0.5416193383002501,False,True,0.6285458987682232,2.0260575247526926,False,True,0.6285458987682232,2.0461175002452943,False,True,0.6285458987682232,5.095233775120682,False
AUDJPY,baseline,現行HYBRID。追加の騙し回避なし,0,2021-07-08 06:00:00,2021-07-08 07:00:00,2021-07-09 13:00:00,short,3m,82.133,81.954,82.30253999436964,80.90838001689106,82.30253999436964,-1.0000000000000024,-1.0358638899463934,30,SL,81.953,0.17426999718482206,1.0328800304569559,2.387100514833933,1.8706604996054146,0.7836538461538363,0.9110576923076769,0.08894230769232313,0.9110576923076769,1.3909545353518273,2.042807171348254,3.276524985505244,1.0,3.4027658781166865,3.477362769205196,0.8333333333333334,4.504504577270779,4.929133034236422,0.6666666666666666,6.501405969487635,6.6333850844904525,0.5416666666666666,False,True,0.4016755673999046,2.3469329580939915,False,True,0.4016755673999046,2.4903885178796368,False,True,0.4016755673999046,2.4903885178796368,False,True,0.4016755673999046,3.5060538811623903,False
AUDJPY,baseline,現行HYBRID。追加の騙し回避なし,0,2021-07-18 22:00:00,2021-07-18 23:00:00,2021-07-19 11:00:00,short,3m,81.319,81.298,81.57346653211643,80.47160040365071,80.47160040365071,2.999999999999991,2.9546224366932976,12,TP,81.3,0.13773326605821545,0.13794779245251299,0.8639888053602263,0.6389160913588826,0.7394957983193969,1.0,0.0,1.0,1.0271780229306349,1.5246861271063423,0.6679577318751251,1.0,2.3305916514339806,2.4830602641445116,0.8333333333333334,4.065829672283442,3.8334965481529863,0.75,4.341725257188365,2.105518937432534,0.5416666666666666,False,True,0.21781230387233463,1.1181031598779156,False,True,0.21781230387233463,2.170862628594131,False,True,0.21781230387233463,2.170862628594131,False,True,0.21781230387233463,2.170862628594131,False
AUDJPY,baseline,現行HYBRID。追加の騙し回避なし,0,2021-09-03 05:00:00,2021-09-03 06:00:00,2021-09-07 05:00:00,long,3m,81.581,81.647,81.42040123981778,82.3267962805467,81.42040123981778,-0.9999999999999826,-1.055163585140237,47,SL,81.645,0.1132993800911157,0.5648751118366575,1.6240159465305473,1.3327522169897275,0.8206521739130342,0.9293478260869271,0.07065217391307287,0.9293478260869271,0.9919286693723917,1.6240159465305473,1.147402570918297,0.6666666666666666,2.330109836326432,2.7625923438264786,0.5,2.330109836326432,1.9594105441835703,0.4166666666666667,4.333651248622331,4.315998901377349,0.5833333333333334,False,True,0.4413086811224122,0.5472227645918012,False,True,0.6354845008163338,0.9444005776020098,False,True,0.6354845008163338,1.226838133520464,False,True,0.6354845008163338,1.226838133520464,False
AUDJPY,baseline,現行HYBRID。追加の騙し回避なし,0,2021-10-07 14:00:00,2021-10-07 15:00:00,2021-10-11 02:00:00,long,3m,81.427,81.513,81.21865879435958,82.39602361692128,82.39602361692128,3.0000000000000195,2.9575322796793415,35,TP,81.513,0.14717060282021208,0.5843558316130474,1.5356327667970981,1.3997360617708328,0.9115044247787784,0.9380530973451511,0.061946902654848895,0.9380530973451511,0.906225752129321,1.5084534257919031,1.2026858394827336,0.6666666666666666,2.167552445169382,2.086014422153603,0.6666666666666666,2.4121665142167177,2.2558853034365076,0.4166666666666667,5.259202484517523,5.136895449993855,0.5833333333333334,False,True,0.4756384675920737,0.8901234179222169,False,True,0.4756384675920737,0.9376872646813567,False,True,0.4756384675920737,1.0667891344563716,False,True,0.4756384675920737,1.0667891344563716,False
AUDJPY,baseline,現行HYBRID。追加の騙し回避なし,0,2021-11-17 17:00:00,2021-11-17 18:00:00,2021-11-18 12:00:00,short,3m,82.993,82.925,83.25615163465896,81.9315450960231,83.25615163465896,-0.999999999999998,-1.0377470581199486,18,SL,82.923,0.16557581732948312,0.4227670509437895,2.0474004324279718,1.4132498560122018,0.6902654867256507,0.7905604719764063,0.2094395280235936,0.7905604719764063,1.386750525860518,2.6332347744501883,2.464127954072621,1.0,3.5572827572273673,4.541726032996554,0.8333333333333334,4.843702497956501,4.51756791579982,0.6666666666666666,4.843702497956501,4.8859792030508284,0.625,False,True,0.04227670509441328,0.5193995197309831,False,True,0.04227670509441328,0.6401901057149966,False,True,0.22346258407026176,0.6401901057149966,True,False,0.5254390490302095,0.6401901057149966,False
AUDJPY,baseline,現行HYBRID。追加の騙し回避なし,0,2022-03-02 18:00:00,2022-03-02 19:00:00,2022-03-08 07:00:00,long,3m,83.988,84.386,83.95958819527404,85.66523541417789,83.95958819527404,-0.9999999999999917,-1.0293143854401927,81,SL,84.386,0.2132059023629811,1.8667400648336874,1.1585045125978015,0.900537920723765,0.7773279352226443,0.7854251012145859,0.21457489878541416,0.7854251012145859,0.997304702489892,1.5149674395509405,3.653745001269974,1.0,1.6509861879935803,4.061801246597961,0.5,3.0909088008175796,5.407917826013183,0.75,3.564629269531656,2.7813488905687622,0.5416666666666666,False,False,0.36584353029398997,0.18761206681748716,False,False,0.7269967589176545,0.18761206681748716,False,False,0.8020415856445959,0.18761206681748716,False,False,1.2476202443360531,0.18761206681748716,False
AUDJPY,baseline,現行HYBRID。追加の騙し回避なし,0,2022-04-19 04:00:00,2022-04-19 05:00:00,2022-04-19 22:00:00,long,3m,94.312,94.483,94.13006789473303,95.54179631580091,95.54179631580091,3.0000000000000027,2.9645824230398867,17,TP,94.484,0.17646605263348394,0.9746917179432647,1.8700480634958212,1.49037163848299,0.7969696969696739,0.9121212121211796,0.08787878787882038,0.9121212121211796,1.1010231324851916,3.8137646870687805,3.7400961269916424,1.0,4.981128023675286,5.3948053225697805,1.0,5.978486990873074,6.516834160667241,0.8333333333333334,6.737839840898655,7.655863435705654,0.75,False,False,0.5666812313623407,0.6063489175577352,False,True,0.5666812313623407,1.0596939026477044,False,True,1.173030148920076,1.2296982720563423,False,True,1.173030148920076,2.6520681627759255,False
AUDJPY,baseline,現行HYBRID。追加の騙し回避なし,0,2022-04-26 20:00:00,2022-04-26 21:00:00,2022-04-27 01:00:00,short,3m,90.759,90.572,91.20277408586328,88.67967774241016,91.20277408586328,-1.0000000000000029,-1.0198169206378904,4,SL,90.579,0.31538704293163894,0.5707273143717015,1.3665748471899586,1.173161701764023,0.8584686774942153,0.9976798143851727,0.0023201856148273086,0.9976798143851727,1.1361522143161968,1.1382839214412779,1.9721799418843602,1.0,1.3665748471899586,1.2556000916176984,0.6666666666666666,4.169480102215321,4.756060953097332,0.6666666666666666,5.336300389375229,4.331186174620636,0.5833333333333334,False,True,0.19975456003009553,0.1268282920825703,False,False,0.41219194926846614,0.4438990222890862,True,False,1.128771799535128,0.4438990222890862,True,False,2.9741234493368727,0.4438990222890862,True
AUDJPY,baseline,現行HYBRID。追加の騙し回避なし,0,2022-05-10 00:00:00,2022-05-10 01:00:00,2022-05-10 02:00:00,short,3m,90.439,89.999,90.61778182585965,88.14265452242104,90.61778182585965,-1.0000000000000093,-1.020200981149743,1,SL,89.998,0.30939091292982535,1.4253812299264714,2.550171860344712,2.1332236094138124,0.8365019011406786,0.8681875792141964,0.13181242078580355,0.8681875792141964,1.211343999152342,0.9243968974126613,1.8164722249857026,0.3333333333333333,1.2637733807284637,2.139687923381718,0.5,4.547644876432185,5.753239431449407,0.5833333333333334,5.449416674957107,5.711221390657905,0.625,False,False,1.0989333745464802,0.817735716941966,True,False,2.6826902966870754,0.817735716941966,True,False,2.7344048084304124,0.817735716941966,True,False,3.7396056304421004,0.817735716941966,True
AUDJPY,baseline,現行HYBRID。追加の騙し回避なし,0,2022-07-19 16:00:00,2022-07-19 17:00:00,2022-07-21 23:00:00,long,3m,95.318,95.321,94.8904869497653,96.61253915070407,94.8904869497653,-1.0000000000000087,-1.029035124471089,54,SL,95.322,0.21525652511734517,0.01858247966153093,1.105657539859737,0.4924357110300085,0.4453781512605418,0.8697478991596985,0.1302521008403015,0.8697478991596985,0.8881243622316756,1.8257286267431858,1.7746268076740583,1.0,2.2391887992117376,2.034781522935161,0.6666666666666666,4.283261561977631,4.153184204347113,0.75,5.8023792743059195,4.566644376815664,0.6666666666666666,False,True,0.31590215424562973,0.1765335567843128,True,False,0.3530671135686916,0.1765335567843128,True,True,0.3530671135686916,0.4041689326378191,True,True,0.38094083306095494,0.4041689326378191,True
AUDJPY,baseline,現行HYBRID。追加の騙し回避なし,0,2022-08-25 06:00:00,2022-08-25 07:00:00,2022-08-26 15:00:00,long,3m,95.147,95.225,94.90097458755181,96.19707623734455,94.90097458755181,-0.9999999999999877,-1.0385772211677489,32,SL,95.228,0.1620127062240917,0.4999607863345718,1.6665359544487772,1.0863345480850692,0.6518518518518159,0.6962962962962628,0.3037037037037372,0.6962962962962628,0.8727580597049769,1.39495231742751,1.1665751681141179,0.6666666666666666,2.9380411641393636,2.6294233947969228,0.8333333333333334,3.561449058210947,3.592310835145156,0.5833333333333334,5.49956864968108,5.079848483375381,0.5416666666666666,False,True,0.3888583893713141,0.4012031001451556,False,True,0.3888583893713141,1.28384992046434,False,False,0.3888583893713141,1.28384992046434,True,False,0.9320256634139364,1.28384992046434,False
AUDJPY,baseline,現行HYBRID。追加の騙し回避なし,0,2022-10-10 04:00:00,2022-10-10 05:00:00,2022-10-13 17:00:00,short,3m,92.124,92.113,92.62777761987905,90.56866714036282,92.62777761987905,-0.9999999999999897,-1.024282329917373,84,SL,92.114,0.2573888099395303,0.03885172786781313,1.7522129268399953,0.7848049029305318,0.44789356984477774,0.6474501108647376,0.3525498891352624,0.6474501108647376,0.9398629633854779,1.9231605294585166,2.109648823224141,0.6666666666666666,2.113533996011,0.5788907452309456,0.5,2.5836399032119473,2.303907462563372,0.5833333333333334,3.5316220631874486,2.8983388989414762,0.5,False,True,0.2952731317956227,0.738182829489112,False,True,0.2952731317956227,1.2821070196389925,False,True,0.2952731317956227,1.7638684452003501,False,True,0.2952731317956227,2.3621850543652023,False
AUDJPY,baseline,現行HYBRID。追加の騙し回避なし,0,2022-11-28 01:00:00,2022-11-28 02:00:00,2022-11-29 08:00:00,short,3m,92.595,92.53,92.99348355587279,91.13954933238163,92.99348355587279,-0.9999999999999927,-1.026969673123454,30,SL,92.528,0.23174177793639386,0.28911489588373895,3.8447966004841736,3.641984658595511,0.9472502805836016,0.957351290684612,0.04264870931538797,0.957351290684612,1.4533928897482191,1.7519499661016085,4.40576580145266,0.6666666666666666,2.6969673123485904,5.3723588861983504,0.3333333333333333,2.96450646973356,5.450031544793992,0.5,3.283827399515625,5.592431418886004,0.5,True,False,0.8846052784503302,0.30637548668285236,True,False,0.9363870508474251,0.30637548668285236,True,False,1.367901820823175,0.30637548668285236,True,True,1.367901820823175,1.6613318644067536,True
AUDJPY,baseline,現行HYBRID。追加の騙し回避なし,0,2022-12-20 03:00:00,2022-12-20 04:00:00,2022-12-27 01:00:00,short,3m,91.018,88.99,89.74511964570131,86.72464106289605,89.74511964570131,-0.9999999999999999,-1.0165536681122622,116,SL,88.99,0.37755982285065676,5.371334229071768,8.250348187159053,7.511392442626964,0.9104333868378781,0.9540930979133225,0.04590690208667745,0.9540930979133225,1.9247711061688888,0.7707387873076248,7.959003628382973,0.6666666666666666,1.1759725826961895,7.222696470748861,0.6666666666666666,1.1759725826961895,7.35777440254505,0.5833333333333334,2.5320490744539508,6.5446582248699805,0.5833333333333334,False,True,0.029134455877634323,1.2633759503289796,False,True,0.029134455877634323,1.9255226748200733,False,True,0.2569129291025667,2.248650276371727,False,True,0.2569129291025667,2.5876693993111672,False
AUDJPY,baseline,現行HYBRID。追加の騙し回避なし,0,2023-01-18 04:00:00,2023-01-18 05:00:00,2023-01-18 08:00:00,long,3m,91.817,91.848,91.24179672731889,93.66660981804336,91.24179672731889,-0.999999999999995,-1.0206201460191737,3,SL,91.849,0.3031016363405585,0.1055751476183262,1.1085390499920968,0.8149081706786828,0.7351190476190195,0.8214285714285714,0.17857142857142858,0.8214285714285714,1.4137966158279216,6.021082637605665,6.449981674804957,0.6666666666666666,7.380362663191181,7.443047907089512,0.8333333333333334,7.380362663191181,7.634402862147687,0.6666666666666666,7.881844614378066,7.030644986705563,0.5,True,False,1.3790753657639465,0.22104796532577378,True,False,1.5572334273698192,0.22104796532577378,True,False,1.590225661000505,0.22104796532577378,True,False,3.988761045953565,0.22104796532577378,True
AUDJPY,baseline,現行HYBRID。追加の騙し回避なし,0,2023-05-01 03:00:00,2023-05-01 04:00:00,2023-05-02 04:00:00,long,3m,90.778,90.836,90.42339040473675,92.07382878578973,92.07382878578973,2.9999999999999964,2.9697050186338614,24,TP,90.835,0.206304797631622,0.2762902300593474,1.177868875516459,0.9112730394941233,0.7736625514402512,0.7818930041151874,0.21810699588481264,0.7818930041151874,1.0071780203334053,2.5399312377391037,1.8419348670626834,1.0,3.3348715487872256,3.8147440536271957,1.0,3.8632160238130813,4.139506253872497,0.9166666666666666,10.877110109707134,10.353612831699818,0.75,False,False,0.28598462409656583,0.252054244966508,False,True,0.28598462409656583,0.5671220511745914,False,True,0.28598462409656583,0.5671220511745914,True,False,0.4750253078214296,0.5671220511745914,False
AUDJPY,baseline,現行HYBRID。追加の騙し回避なし,0,2023-06-04 21:00:00,2023-06-04 22:00:00,2023-06-09 07:00:00,long,3m,92.352,92.38,91.90170867715182,93.81487396854455,93.81487396854455,2.9999999999999876,2.9738653004918465,105,TP,92.38,0.2391456614240928,0.11708345379654343,0.29270863449147744,0.08363103842611094,0.2857142857141987,0.2857142857141987,0.7142857142858013,0.2857142857141987,1.4024072068413487,0.9157598707660722,4.925868163298903,1.0,1.0746588437757008,4.662430392256591,0.5,3.0859853179241057,6.5483103087657994,0.5833333333333334,4.407355725056872,8.39655625798319,0.5416666666666666,False,True,0.05436017497694537,0.6355958920385738,False,True,0.05436017497694537,0.698319170858172,False,True,0.05436017497694537,0.698319170858172,False,True,0.5519648536124035,0.9826647015069967,False
AUDJPY,baseline,現行HYBRID。追加の騙し回避なし,0,2023-07-27 19:00:00,2023-07-27 20:00:00,2023-07-28 03:00:00,short,3m,93.224,93.203,93.84797677880121,91.26806966359638,93.84797677880121,-0.9999999999999976,-1.019380542696778,7,SL,93.203,0.32248838940060487,0.06511862346124331,1.686882436329277,0.6728924424328181,0.3988970588235294,0.551470588235292,0.448529411764708,0.551470588235292,1.6263973242186471,5.296314708180916,5.662219354296445,1.0,6.282396720594029,5.659118467464986,0.8333333333333334,6.282396720594029,6.756832405811616,0.6666666666666666,6.291699381088493,5.119564158786114,0.5833333333333334,True,False,1.2620609404154663,0.003100886831502465,True,False,1.2620609404154663,0.003100886831502465,True,False,1.2620609404154663,0.003100886831502465,True,True,1.2620609404154663,0.4806374588805907,True
AUDJPY,baseline,現行HYBRID。追加の騙し回避なし,0,2023-08-30 12:00:00,2023-08-30 13:00:00,2023-08-30 18:00:00,long,3m,94.935,94.944,94.61591018332683,95.92826945001953,94.61591018332683,-0.9999999999999832,-1.0380993233094915,5,SL,94.947,0.16404490833658789,0.07315070075432524,2.68219236099181,1.816575735399019,0.6772727272727349,0.7363636363636358,0.2636363636363642,0.7363636363636358,1.0720408508854393,1.1886988872577853,2.0969867549572947,0.6666666666666666,1.4813016902750862,1.8531510857761817,0.5,3.6392473625275943,2.621233443696597,0.5833333333333334,3.6392473625275943,3.9928090828401084,0.5833333333333334,True,False,1.2008906707168105,0.04267124210663197,True,False,1.9872607038258068,0.29260280301730096,True,False,1.9872607038258068,0.29260280301730096,True,False,2.2554799399249705,0.29260280301730096,True
AUDJPY,baseline,現行HYBRID。追加の騙し回避なし,0,2023-09-29 01:00:00,2023-09-29 02:00:00,2023-10-02 05:00:00,long,3m,96.064,96.201,95.88180558752109,97.15858323743673,95.88180558752109,-0.9999999999999843,-1.0391610865080836,27,SL,96.2,0.15959720623945622,0.8521452424170785,1.8734663785492172,1.604038103373209,0.8561872909698816,0.909698996655517,0.09030100334448303,0.909698996655517,1.0455977512609493,0.6892351225431715,1.7042904848340679,0.6666666666666666,2.2682101305511435,2.1679577490903736,0.8333333333333334,3.6842750186852977,4.335915498180747,0.75,6.209381876729875,6.152989912158159,0.7083333333333334,False,True,0.03132886920656851,1.9110610215969392,False,True,0.03132886920656851,1.9549214384860816,False,True,0.03132886920656851,1.9549214384860816,False,True,0.03132886920656851,1.9549214384860816,False
AUDJPY,baseline,現行HYBRID。追加の騙し回避なし,0,2023-11-14 14:00:00,2023-11-14 15:00:00,2023-11-16 16:00:00,long,3m,97.592,97.618,97.26051205688539,98.69046382934383,97.26051205688539,-0.9999999999999821,-1.0349662142199147,49,SL,97.617,0.17874397155730612,0.13986485687988964,2.5399458009382614,1.9581079963180574,0.7709251101321642,0.8105726872246761,0.1894273127753239,0.8105726872246761,1.405983751120416,4.296648403349237,5.510675361066395,0.3333333333333333,4.6882700026128,6.0309726286594865,0.3333333333333333,4.6882700026128,4.9791889049229425,0.25,5.057513224775639,5.3148645614346135,0.4583333333333333,False,True,0.29651349658536286,1.0517837237365444,False,True,0.29651349658536286,1.8014593566125048,False,True,0.29651349658536286,1.8014593566125048,False,True,0.29651349658536286,1.8014593566125048,False
AUDJPY,baseline,現行HYBRID。追加の騙し回避なし,0,2023-12-07 02:00:00,2023-12-07 03:00:00,2023-12-07 10:00:00,short,3m,96.032,95.957,96.28190344062162,94.98228967813512,94.98228967813512,2.9999999999999925,2.9615270309970394,7,TP,95.956,0.1624517203108131,0.4678313030762944,1.939037637750585,1.6066311855647553,0.8285714285714209,0.8730158730158523,0.12698412698414774,0.8730158730158523,1.0748973032329159,2.1113965388840072,2.8623888938223336,0.6666666666666666,2.659251617486549,3.5272017981939054,0.8333333333333334,5.27541350968972,5.878669663656567,0.75,6.297255566409064,6.771242544525866,0.5833333333333334,False,True,0.43089725283342445,1.0156863816789237,False,True,0.43089725283342445,1.1141771823265185,False,True,0.43089725283342445,1.3234701337028107,False,True,0.43089725283342445,5.244635134487358,False
AUDJPY,baseline,現行HYBRID。追加の騙し回避なし,0,2024-01-10 19:00:00,2024-01-10 20:00:00,2024-01-11 13:00:00,long,3m,97.591,97.617,97.34430273489568,98.43509179531299,97.34430273489568,-0.9999999999999988,-1.0458383768359616,17,SL,97.617,0.13634863255216362,0.19068764763785587,0.6967433279072617,0.4180459967443778,0.60000000000003,0.9789473684211014,0.021052631578898556,0.9789473684211014,0.8767935782821383,0.9681065187763497,1.0781186231828692,0.6666666666666666,2.3395907537095897,2.1709055269532254,0.6666666666666666,3.989772319805818,3.667070146880368,0.75,8.155564006661901,7.334140293760736,0.75,False,True,0.4620508385069439,0.24202662969411348,False,True,0.4620508385069439,0.4620508385069439,True,False,1.444825637870885,0.4620508385069439,True,True,1.444825637870885,0.8360919934886514,True
AUDJPY,baseline,現行HYBRID。追加の騙し回避なし,0,2024-02-16 02:00:00,2024-02-16 03:00:00,2024-02-20 12:00:00,long,3m,97.88,97.886,97.6654554350083,98.54763369497509,98.54763369497509,2.999999999999984,2.943322112696531,57,TP,97.886,0.11027228249584967,0.05441077181136656,1.5144331487496596,1.242379289692827,0.8203592814371207,0.9161676646705996,0.08383233532940043,0.9161676646705996,1.0234564382955473,1.5235016107182637,0.2992592449625161,0.3333333333333333,1.5235016107182637,0.7073400335476364,0.3333333333333333,2.0857462527690087,1.450953914969689,0.4166666666666667,4.969517158771308,3.7362063310469558,0.5416666666666666,False,True,0.39901232661664515,0.38087540267956593,False,True,0.39901232661664515,0.4262177125224573,False,True,0.39901232661664515,0.7889561912648152,False,True,0.39901232661664515,1.5779123825296304,False
AUDJPY,baseline,現行HYBRID。追加の騙し回避なし,0,2024-03-11 08:00:00,2024-03-11 09:00:00,2024-03-12 01:00:00,short,3m,97.061,96.985,97.28001340543884,96.09995978368347,97.28001340543884,-0.9999999999999778,-1.0423709559278767,16,SL,96.984,0.14750670271942184,0.5220101770322739,1.4778989427664835,0.8609778244557545,0.5825688073394839,0.6743119266055192,0.32568807339448075,0.6743119266055192,1.0791866784123734,1.3151944720031974,1.491457648663392,0.6666666666666666,1.3490912367455166,1.5050163545603967,0.6666666666666666,2.799872767718087,2.9693565914298756,0.5833333333333334,6.881043242697052,5.226881123270374,0.6666666666666666,False,False,0.555906941774593,0.1220283530724646,False,False,0.555906941774593,0.1220283530724646,False,False,0.555906941774593,0.1220283530724646,True,False,1.1457106482915052,0.6033624124138206,False
AUDJPY,baseline,現行HYBRID。追加の騙し回避なし,0,2024-04-04 09:00:00,2024-04-04 10:00:00,2024-04-04 18:00:00,long,3m,100.168,100.206,99.9723046874791,100.90708593756274,99.9723046874791,-0.9999999999999715,-1.053488449832999,8,SL,100.207,0.11684765626045723,0.33376792695828655,1.3693043157267217,1.0697689966615243,0.7812500000000167,0.8624999999999623,0.13750000000003776,0.8624999999999623,1.0082712019751114,1.7886537624180956,2.344933640681947,1.0,2.8669809110528313,3.371911877477049,0.8333333333333334,5.656938454346151,5.956473773411349,0.8333333333333334,11.861598634982943,12.554808944819637,0.7916666666666666,False,True,0.14548858354593228,0.9499548690354694,False,False,0.29097716709186455,0.9499548690354694,False,True,0.736001069703116,0.9841874769286801,False,True,0.736001069703116,1.626048874925619,False
AUDJPY,baseline,現行HYBRID。追加の騙し回避なし,0,2024-04-24 01:00:00,2024-04-24 02:00:00,2024-04-24 10:00:00,long,3m,100.806,100.94,100.62652284486055,101.88043146541837,100.62652284486055,-0.9999999999999792,-1.039875314022233,8,SL,100.94,0.15673857756972934,0.8549267326378974,3.1070844686168857,2.9603433130147927,0.9527720739219508,0.9917864476385938,0.00821355236140619,0.9917864476385938,0.9214624977324294,1.3653307521231972,3.7323293924862937,0.6666666666666666,1.7927941184421006,3.4388470812822898,0.6666666666666666,3.9939114524724952,4.606396275854891,0.75,5.040239692417392,7.069095669871578,0.625,False,False,0.41470326583180034,0.4848838185110937,False,False,1.090988591649802,0.4848838185110937,False,False,1.090988591649802,0.4848838185110937,True,False,1.9267751735569996,0.4848838185110937,False
AUDJPY,baseline,現行HYBRID。追加の騙し回避なし,0,2024-06-18 14:00:00,2024-06-18 15:00:00,2024-06-21 20:00:00,long,3m,104.86,104.902,104.5178712537588,106.05438623872361,106.05438623872361,2.9999999999999827,2.9674588269628064,77,TP,104.901,0.19206437312060243,0.2134700951240541,1.4994972535544304,0.2915689104133512,0.1944444444444376,0.3263888888888721,0.6736111111111279,0.3263888888888721,1.0495762290603257,2.3585842217366983,2.025362609835673,0.6666666666666666,2.3585842217366983,1.431811613637015,0.6666666666666666,4.3162611916550295,3.5196532757041994,0.6666666666666666,4.342294130084771,4.342294130084771,0.625,False,True,0.1666108059504758,0.4737994794217604,False,True,0.1666108059504758,0.5987575838846357,False,True,0.1666108059504758,0.5987575838846357,False,True,0.1666108059504758,0.9788384849591657,False
AUDJPY,baseline,現行HYBRID。追加の騙し回避なし,0,2024-09-01 22:00:00,2024-09-01 23:00:00,2024-09-02 02:00:00,long,3m,99.033,99.14,98.76784835370779,100.25645493887663,98.76784835370779,-0.9999999999999943,-1.0335884581581873,3,SL,99.143,0.18607582314610588,0.5911568635847331,1.832586277112726,1.768096437448934,0.9648093841642224,0.9648093841642224,0.035190615835777615,0.9648093841642224,0.9595061894837513,1.5746269184574824,1.1608171139481767,0.6666666666666666,1.7734705907541992,1.7465998242276448,0.6666666666666666,2.2410219283166137,1.9508176498296268,0.5,3.85326791991141,3.466328881928659,0.5,False,False,0.49979625739438677,0.6771433164698143,False,False,0.639524243332577,0.6771433164698143,True,False,1.0802048143685132,0.6771433164698143,True,False,3.2083695232734915,0.6771433164698143,True
AUDJPY,baseline,現行HYBRID。追加の騙し回避なし,0,2024-10-23 02:00:00,2024-10-23 03:00:00,2024-10-23 18:00:00,long,3m,101.417,101.433,101.10580859950086,102.41457420149746,101.10580859950086,-0.999999999999991,-1.038203938064742,15,SL,101.433,0.1635957002495744,0.09780208144588426,1.3264407296093546,1.0635976357236765,0.8018433179723853,0.8248847926267423,0.1751152073732577,0.8248847926267423,0.9790947993911133,2.365587844971538,2.683444609670597,1.0,2.9890761141888658,3.129666606267254,0.8333333333333334,3.092990825725058,3.3497212895204282,0.8333333333333334,5.562493382232788,5.189622946720523,0.7083333333333334,True,False,0.40954621605454805,0.9291197737355096,True,True,0.5379114479522331,0.9291197737355096,True,True,0.5379114479522331,1.3570038800611555,True,True,0.5379114479522331,1.5648333031335402,True
AUDJPY,baseline,現行HYBRID。追加の騙し回避なし,0,2024-11-06 18:00:00,2024-11-06 19:00:00,2024-11-08 08:00:00,long,3m,101.69,101.759,101.20142562981313,103.4317231105606,101.20142562981313,-1.0000000000000115,-1.0224185340438188,37,SL,101.76,0.2787871850934319,0.2510875812908968,0.8931543963060787,0.5775014369690067,0.646586345381544,0.8273092369478193,0.17269076305218065,0.8273092369478193,1.3431416100811062,1.9943527885389034,1.040219979633628,1.0,2.148592302760461,1.3128293536065494,0.6666666666666666,3.9994664734188445,3.7770746157041333,0.6666666666666666,5.025338591264406,4.358163018120119,0.6666666666666666,True,False,0.5918492987570739,0.04663055081112941,True,False,0.6958712967204215,0.04663055081112941,True,False,1.0689157032097116,0.04663055081112941,True,False,1.6822867946488609,0.04663055081112941,True
AUDJPY,baseline,現行HYBRID。追加の騙し回避なし,0,2024-11-15 18:00:00,2024-11-15 19:00:00,2024-11-17 23:00:00,short,3m,99.533,99.484,99.95396304328703,98.07411087013888,99.95396304328703,-0.9999999999999968,-1.0265978361033645,4,SL,99.485,0.23498152164351968,0.20427138127405842,1.2979744018454988,0.9617777534986514,0.740983606557392,0.7704918032787054,0.22950819672129466,0.7704918032787054,1.3572473669735283,2.830009761400937,2.5874374961379925,1.0,4.523759964464924,4.808888767493257,1.0,6.498383316780742,6.119630130668445,0.8333333333333334,6.660098160289351,5.72810998322652,0.5833333333333334,True,False,0.7319724495653357,0.029789576435820343,True,False,0.7319724495653357,0.029789576435820343,True,False,1.3149970169516907,0.029789576435820343,True,False,2.255496501567648,0.029789576435820343,True
AUDJPY,baseline,現行HYBRID。追加の騙し回避なし,0,2024-11-26 00:00:00,2024-11-26 01:00:00,2024-11-26 01:00:00,short,3m,99.415,99.21,99.70325655486813,97.73023033539558,99.70325655486813,-0.9999999999999956,-1.0253417818306094,0,SL,99.212,0.24662827743407087,0.8231010738590967,2.522014127784978,2.2990064476753465,0.9115755627009536,0.9614147909967831,0.0385852090032169,0.9614147909967831,1.1420457765233232,2.846388935217123,4.253364662454057,0.6666666666666666,2.846388935217123,4.026302297251561,0.5,3.6857087494477896,4.666942541930066,0.5,5.57924668783297,6.921347453583509,0.5,True,False,2.0435612868225173,0.6082027639353074,True,False,2.3841548346262895,0.6082027639353074,True,False,2.7166390122442765,0.6082027639353074,True,False,3.268076184878917,0.6082027639353074,True
SILVER,baseline,現行HYBRID。追加の騙し回避なし,0,2015-03-20 15:00:00,2015-03-20 16:00:00,2015-03-31 02:00:00,long,3m,16.78,16.8,16.58441166554648,17.446765003360564,16.58441166554648,-0.9999999999999987,-1.1623464464750317,149,SL,16.799,0.10779416722676075,0.17626185617287699,1.7626185617289345,1.2431099330088222,0.7052631578947339,0.7157894736842016,0.28421052631579835,0.7157894736842016,1.4127876790170715,5.1023168892153095,5.82591819350402,1.0,5.399178962769654,6.196995785446942,0.6666666666666666,5.714594915921135,6.11350332725978,0.5833333333333334,7.486490417448622,7.263843862282887,0.5833333333333334,False,True,0.07421551838857804,0.7607090634830156,False,True,0.07421551838857804,0.9184170400587564,True,False,0.2133696153671825,0.9184170400587564,True,False,0.8070937624758727,0.9184170400587564,True
SILVER,baseline,現行HYBRID。追加の騙し回避なし,0,2015-06-03 16:00:00,2015-06-03 17:00:00,2015-06-05 12:00:00,short,3m,16.484,16.475,16.64392793008535,15.968216209743959,15.968216209743959,2.9999999999999996,2.7928110527233883,41,TP,16.476,0.08446396504267374,0.09471494732648213,2.4981067357351145,1.5391178940548509,0.6161137440758458,0.6350710900473995,0.3649289099526006,0.6350710900473995,1.2280779994646984,1.1484187363332279,1.3023305257386877,0.3333333333333333,2.6638578935564374,1.3260092625703293,0.5,3.516292419494482,3.4570955774154624,0.6666666666666666,3.9661884192951247,3.6820435773157625,0.5416666666666666,True,False,0.43805663138486417,0.18942989465288015,True,False,0.8997919996012859,0.18942989465288015,True,False,0.9945069469277259,0.18942989465288015,True,False,0.9945069469277259,0.18942989465288015,True
SILVER,baseline,現行HYBRID。追加の騙し回避なし,0,2015-07-20 01:00:00,2015-07-20 02:00:00,2015-07-20 06:00:00,short,3m,14.668,14.641,14.779036084505767,14.226891746482698,14.779036084505767,-0.9999999999999998,-1.253556887862447,4,SL,14.642,0.06901804225288367,0.3767130905384886,5.5058067078702715,3.3904178148464235,0.6157894736842092,0.6263157894736864,0.3736842105263136,0.6263157894736864,1.1824919942194856,0.6664923909527067,3.1151274794529087,0.3333333333333333,0.7968930761391125,3.4483736749292877,0.5,2.3472123333552024,3.897531590571318,0.5833333333333334,2.9412598992043675,5.129093617331783,0.5833333333333334,False,True,0.738937216056274,0.9852496214083568,False,False,0.738937216056274,0.9852496214083568,False,True,0.738937216056274,1.1011613415740338,True,False,3.37592884982572,1.5213413271746576,False
SILVER,baseline,現行HYBRID。追加の騙し回避なし,0,2015-08-10 14:00:00,2015-08-10 15:00:00,2015-08-12 13:00:00,long,3m,15.018,15.09,14.952920053492322,15.501239839523034,15.501239839523034,2.999999999999996,2.744674542909599,44,TP,15.081,0.06853997325383915,0.9191716455254088,2.6845648059790106,1.8529333171702866,0.6902173913043446,0.7173913043478272,0.28260869565217284,0.7173913043478272,1.2857734899847368,1.4298225597062029,2.772104962695721,0.6666666666666666,1.4298225597062029,2.37817425747055,0.6666666666666666,2.159323865678773,3.4140661119515814,0.5833333333333334,5.529619899271999,2.9180052238902303,0.5416666666666666,False,True,0.05836010447779838,4.610448253746591,False,True,0.05836010447779838,4.610448253746591,False,True,0.05836010447779838,4.610448253746591,False,True,0.05836010447779838,4.610448253746591,False
SILVER,baseline,現行HYBRID。追加の騙し回避なし,0,2015-08-26 06:00:00,2015-08-26 07:00:00,2015-08-28 14:00:00,short,3m,14.494,14.488,14.672780605588502,13.933658183234492,14.672780605588502,-0.9999999999999964,-1.1894138180169338,53,SL,14.485,0.09239030279425131,0.0974128206944283,1.2447193755398722,1.0174227939195588,0.8173913043478349,0.9652173913043517,0.03478260869564828,0.9652173913043517,0.9407310229419263,1.0823646743824917,1.5586051311107951,0.6666666666666666,2.1322584085335077,2.4786151043359257,0.6666666666666666,2.1322584085335077,1.7967253594749468,0.6666666666666666,4.199574936604082,3.2146230829160185,0.6666666666666666,True,False,0.9091863264813116,-0.021647293487657142,True,False,1.0390700874071968,-0.021647293487657142,True,False,1.0390700874071968,-0.021647293487657142,True,True,1.0390700874071968,3.9831020017275685,True
SILVER,baseline,現行HYBRID。追加の騙し回避なし,0,2015-10-05 12:00:00,2015-10-05 13:00:00,2015-10-06 14:00:00,long,3m,15.42,15.483,15.294295705554728,16.04911288333582,16.04911288333582,2.999999999999999,2.814524623814797,24,TP,15.484,0.09435214722263655,0.6783099471915935,3.3385567713336353,2.098521399123995,0.6285714285714273,0.679365079365078,0.3206349206349221,0.679365079365078,1.3865044376852644,1.399014266082657,1.9713382840255664,0.0,2.1197185849737394,3.105387726986504,0.5,2.5648594878182203,2.7768313463155887,0.5,9.84609282720297,11.033135234788258,0.5833333333333334,False,True,0.5193310533185579,2.1939087354478164,False,True,0.5193310533185579,2.1939087354478164,False,True,0.5193310533185579,2.1939087354478164,False,True,0.5193310533185579,2.4482749656446545,False
SILVER,baseline,現行HYBRID。追加の騙し回避なし,0,2015-10-28 13:00:00,2015-10-28 14:00:00,2015-10-28 18:00:00,long,3m,16.189,16.239,16.10622455486152,16.63732633541544,16.10622455486152,-1.0000000000000064,-1.2636029573351997,4,SL,16.241,0.0663877225692402,0.7832773589388508,3.9465128469611694,2.7414707562859775,0.6946564885496118,0.8282442748091541,0.1717557251908459,0.8282442748091541,1.14538271282529,1.762374057612441,3.961575873094601,1.0,2.5607144426847226,4.503844813898418,1.0,3.5850002197586064,5.528130590972302,0.75,4.443592709364667,6.492164263512434,0.625,False,True,0.6025210453375692,1.0845378816076354,False,True,0.6025210453375692,1.4309874826767404,False,True,0.6025210453375692,1.6719959008118002,True,False,7.9834038507229526,1.6719959008118002,False
SILVER,baseline,現行HYBRID。追加の騙し回避なし,0,2016-01-26 07:00:00,2016-01-26 08:00:00,2016-01-26 08:00:00,long,3m,14.376,14.386,14.265574656632491,14.74727603010252,14.265574656632491,-1.000000000000003,-1.290636497445471,0,SL,14.388,0.060212671683753695,0.1992935982483275,2.9229727743086955,1.6109565858405785,0.5511363636363605,0.602272727272726,0.397727272727274,0.602272727272726,1.0406887690802988,0.8968211921174443,1.8932891833590524,0.3333333333333333,1.7106033849647422,2.6738557764982858,0.6666666666666666,1.9098969832130404,2.740286975914385,0.4166666666666667,4.43428256102511,4.600360559565373,0.5416666666666666,True,False,2.142406181169432,0.06643119941609933,True,False,2.142406181169432,0.06643119941609933,True,False,2.142406181169432,0.1660779985402631,True,False,2.142406181169432,0.614488594599,True
SILVER,baseline,現行HYBRID。追加の騙し回避なし,0,2016-04-12 08:00:00,2016-04-12 09:00:00,2016-04-12 15:00:00,long,3m,15.998,16.005,15.86651242446945,16.420462726591644,15.86651242446945,-1.0000000000000009,-1.2527302529913928,6,SL,16.005,0.06924378776527446,0.1010921011965517,1.5308232466907095,0.924270639511348,0.6037735849056449,0.6037735849056449,0.39622641509435513,0.6037735849056449,1.105422545662201,2.7150450035646667,2.5273025299138947,1.0,2.7150450035646667,2.8016953760188357,0.8333333333333334,2.7150450035646667,1.6030318904025211,0.4166666666666667,7.466373759802801,7.7407666059077425,0.5833333333333334,True,False,0.47657704849804405,0.49101877724045256,True,False,0.8087368095724392,0.49101877724045256,True,True,0.8087368095724392,2.4117686999750116,True,True,0.8087368095724392,2.4117686999750116,True
SILVER,baseline,現行HYBRID。追加の騙し回避なし,0,2016-04-19 06:00:00,2016-04-19 07:00:00,2016-04-19 07:00:00,long,long,16.452,16.681,16.507733465359358,17.200799603921926,16.507733465359358,-1.0000000000000067,-1.2020009234477507,0,SL,16.672,0.08663326732032083,2.5394401804859013,5.771454955649806,5.021165811415357,0.8700000000000045,0.8759999999999977,0.12400000000000233,0.8759999999999977,1.1557845392413366,1.338977549710751,5.367453108754318,0.6666666666666666,1.4544066488237652,5.7137404060933195,0.6666666666666666,1.4659495587350788,5.298195649286518,0.5,2.4124681714616147,5.8753411448515065,0.4583333333333333,False,False,2.043095054300027,0.3578302072502742,False,False,2.043095054300027,0.3578302072502742,False,True,2.043095054300027,1.1658339010412502,False,True,2.043095054300027,2.839555838179689,False
SILVER,baseline,現行HYBRID。追加の騙し回避なし,0,2016-10-04 12:00:00,2016-10-04 13:00:00,2016-10-04 16:00:00,short,3m,18.648,18.513,18.716376376824893,17.902870869525326,17.902870869525326,2.999999999999995,2.8279052830696445,3,TP,18.511,0.10168818841244603,1.3472557839690305,2.301152214954412,1.6422752987067846,0.7136752136752151,0.7735042735042716,0.2264957264957283,0.7735042735042716,1.0767548065692323,1.79961903990023,2.212646360533086,0.6666666666666666,2.0651366031642087,2.6650096164642854,0.5,2.301152214954377,2.9108592120790573,0.5,5.605370780017118,6.441259405107398,0.625,False,True,0.5998730133000767,2.596171729692131,False,True,0.5998730133000767,3.0682029532725026,False,True,0.5998730133000767,5.054667685839989,False,True,0.5998730133000767,7.93602494644527,False
SILVER,baseline,現行HYBRID。追加の騙し回避なし,0,2016-11-11 18:00:00,2016-11-11 19:00:00,2016-12-20 06:00:00,short,3m,17.383,17.283,17.75697074160633,15.861087775181016,15.861087775181016,3.0000000000000013,2.926155779402371,599,TP,17.277,0.23698537080316415,0.447284993334208,1.7216252573618935,1.1857271993105112,0.6887254901960734,0.7622549019607818,0.23774509803921817,0.7622549019607818,1.7150536371199339,2.966427833150506,2.2406446364195114,1.0,5.650137793155799,5.569964067935522,1.0,6.000370382275995,6.228232548691533,0.75,6.000370382275995,6.143839153722815,0.625,False,False,0.6709274900013196,0.38820961685612176,False,False,0.6709274900013196,0.38820961685612176,False,False,0.6709274900013196,0.38820961685612176,True,True,0.9283273446559154,0.9874027211340316,False
SILVER,baseline,現行HYBRID。追加の騙し回避なし,0,2017-01-31 12:00:00,2017-01-31 13:00:00,2017-02-08 14:00:00,long,3m,17.323,17.364,17.199525148366547,17.857424554900366,17.857424554900366,3.000000000000001,2.787201510429082,139,TP,17.356,0.08223742581672745,0.40127715176231726,2.237424118917091,0.5107163749702219,0.22826086956522473,0.2500000000000145,0.7499999999999856,0.2500000000000145,1.0530822936702888,2.237424118917091,1.98206593143198,0.6666666666666666,2.3590232558147775,2.4806223927124202,0.5,2.5779017022305437,2.8818995444747375,0.5833333333333334,3.2345370414779717,3.538534883722123,0.5416666666666666,False,True,0.42559697914183725,1.6659081754980043,False,True,0.42559697914183725,1.8847866219138136,False,True,0.42559697914183725,3.039978422441682,False,True,0.42559697914183725,3.039978422441682,False
SILVER,baseline,現行HYBRID。追加の騙し回避なし,0,2017-04-23 22:00:00,2017-04-23 23:00:00,2017-04-24 00:00:00,short,3m,17.735,17.732,17.900600064858985,17.226199805423043,17.900600064858985,-0.9999999999999976,-1.2075918537117594,1,SL,17.733,0.0843000324294929,0.023724783281330968,1.73190917953813,0.11862391640669699,0.0684931506849175,0.17808219178081958,0.8219178082191804,0.17808219178081958,1.2738302934474088,1.0201656810977795,1.8623954875855135,0.6666666666666666,1.5421109132873558,1.660734829694095,0.5,2.5266894194631178,2.455515069619125,0.6666666666666666,2.89442356032398,3.345194442669521,0.5416666666666666,True,False,1.5183861300060248,0.08303674148472161,True,False,2.265716803368351,0.08303674148472161,True,False,2.265716803368351,0.08303674148472161,True,False,2.265716803368351,0.08303674148472161,True
SILVER,baseline,現行HYBRID。追加の騙し回避なし,0,2017-11-17 18:00:00,2017-11-17 19:00:00,2017-11-20 02:00:00,long,3m,17.248,17.307,17.192794773950396,17.649615678148805,17.192794773950396,-1.0000000000000018,-1.3064658353270016,6,SL,17.306,0.05710261302480103,1.0157153399409067,3.0646583532699987,1.8913320123037725,0.6171428571428578,0.6342857142857155,0.36571428571428455,0.6342857142857155,1.2784691656062062,2.7494363512193596,3.7476393577130502,1.0,3.1872446874008236,4.062861359763627,0.6666666666666666,3.1872446874008236,4.0278366928691325,0.5833333333333334,3.1872446874008236,3.800176358054823,0.5416666666666666,False,False,0.9982030064936905,0.1751233344725358,False,False,0.9982030064936905,0.1751233344725358,False,False,0.9982030064936905,0.1751233344725358,True,False,1.9788936795400403,0.1751233344725358,False
SILVER,baseline,現行HYBRID。追加の騙し回避なし,0,2018-03-20 14:00:00,2018-03-20 15:00:00,2018-03-21 01:00:00,short,3m,16.147,16.142,16.242287681183285,15.841136956450145,16.242287681183285,-1.0000000000000053,-1.3489960041656055,9,SL,16.141,0.05014384059164252,0.11965577285678129,1.6153529335664767,0.9771888116637375,0.6049382716049794,0.6666666666666959,0.3333333333333041,0.6666666666666959,1.1784517323621841,2.5526564876112396,2.2734596842787735,0.6666666666666666,3.5099026704654195,3.529845299274977,0.5,3.589673185703297,3.609615814512784,0.5,3.789099473797956,2.8916811773721673,0.4166666666666667,True,False,1.017074069282641,0.0598278864283198,True,False,1.017074069282641,0.0598278864283198,True,False,1.1766150997583258,0.0598278864283198,True,False,1.2563856149962036,0.0598278864283198,True
SILVER,baseline,現行HYBRID。追加の騙し回避なし,0,2018-04-11 14:00:00,2018-04-11 15:00:00,2018-04-11 18:00:00,long,3m,16.797,16.834,16.70126898895061,17.232193033148175,16.70126898895061,-0.999999999999987,-1.2636912031580483,3,SL,16.831,0.06636550552469608,0.512314337564215,2.4862313440617507,2.154733831520159,0.8666666666666566,0.9575757575757495,0.04242424242425052,0.9575757575757495,1.2874083598145296,2.546503619069274,3.8574256004836265,0.6666666666666666,3.119090231641066,4.309467663040265,0.6666666666666666,3.119090231641066,4.279331525536503,0.6666666666666666,3.525928087942035,4.4450802818072725,0.5833333333333334,True,False,0.7684715063463224,0.512314337564215,True,False,1.5520110814445522,0.512314337564215,True,False,1.8232363189785674,0.512314337564215,True,False,3.450587744182604,0.512314337564215,True
SILVER,baseline,現行HYBRID。追加の騙し回避なし,0,2018-06-19 11:00:00,2018-06-19 12:00:00,2018-06-22 06:00:00,short,3m,16.303,16.272,16.394853270073106,15.903440189780676,16.394853270073106,-1.0000000000000042,-1.2848927015062186,63,SL,16.272,0.061426635036553726,0.5046670712396161,1.7093562090372862,1.3837645501730496,0.8095238095238143,0.8095238095238143,0.19047619047618564,0.8095238095238143,0.9699104889301998,1.7093562090372862,2.0837866167311616,1.0,2.5558945220843134,3.109400342153568,0.8333333333333334,3.33731450335847,4.03733656991664,0.6666666666666666,4.248971148178367,4.802476968247622,0.6666666666666666,False,False,0.8628178959902592,0.6837424836148799,True,False,1.3837645501730496,0.6837424836148799,True,False,1.3837645501730496,0.6837424836148799,True,False,1.562839962548371,0.6837424836148799,True
SILVER,baseline,現行HYBRID。追加の騙し回避なし,0,2018-07-17 13:00:00,2018-07-17 14:00:00,2018-07-19 08:00:00,short,long,15.606,15.578,15.673179643502833,15.292461069491502,15.292461069491502,3.000000000000002,2.6322743108513706,40,TP,15.578,0.04758982175141624,0.5883611026378179,3.4461150297357266,2.6266120653473575,0.7621951219512209,0.8292682926829344,0.17073170731706552,0.8292682926829344,1.114225716675406,2.941805513189052,3.7613084775774213,1.0,3.6352310984407437,5.463353095922499,0.6666666666666666,3.6352310984407437,4.2866308906469,0.5,3.6352310984407437,4.2866308906469,0.5416666666666666,False,True,1.84913489400456,0.5883611026377806,False,False,1.84913489400456,0.5883611026377806,False,False,1.84913489400456,0.5883611026377806,True,True,1.84913489400456,0.5883611026377806,False
SILVER,baseline,現行HYBRID。追加の騙し回避なし,0,2019-03-01 13:00:00,2019-03-01 14:00:00,2019-03-01 17:00:00,short,3m,15.47,15.458,15.539827718021632,15.212516845935106,15.212516845935106,2.9999999999999942,2.572272075450666,3,TP,15.458,0.040913859010815797,0.2932991482624064,1.9064444637055549,0.8554558490986565,0.44871794871795395,0.8205128205128275,0.1794871794871725,0.8205128205128275,1.0067047158901192,1.8086780809514338,2.2975099947220823,0.6666666666666666,2.0042108464596757,2.370834781787684,0.5,3.495148183460184,3.861772118788192,0.6666666666666666,8.065726577215873,8.01684338583879,0.7083333333333334,False,True,0.1466495741312032,1.295404571492266,False,True,1.0754302102954612,2.3952763774762467,False,True,1.0754302102954612,4.008421692919395,False,True,1.0754302102954612,6.89252998416629,False
SILVER,baseline,現行HYBRID。追加の騙し回避なし,0,2019-05-16 15:00:00,2019-05-16 16:00:00,2019-05-23 15:00:00,short,3m,14.558,14.536,14.626078318277985,14.265765045166045,14.626078318277985,-1.0000000000000069,-1.3885507708080156,114,SL,14.536,0.045039159138992396,0.48846382615864303,2.420116229604159,1.9538553046345721,0.8073394495412933,0.9541284403669816,0.0458715596330184,0.9541284403669816,1.2564216609266448,4.5071889413728705,4.107536719970374,1.0,4.5071889413728705,5.439710791312124,0.8333333333333334,4.529391842561927,5.350899186555978,0.5833333333333334,4.529391842561927,5.262087581799872,0.6666666666666666,False,False,0.44405802378057024,0.08881160475610617,False,True,0.44405802378057024,0.333043517835408,False,True,0.44405802378057024,0.42185512259155356,False,False,0.6660870356708948,0.42185512259155356,False
SILVER,baseline,現行HYBRID。追加の騙し回避なし,0,2019-07-16 13:00:00,2019-07-16 14:00:00,2019-07-17 18:00:00,long,3m,15.506,15.576,15.445969675849296,15.966090972452115,15.966090972452115,3.0000000000000013,2.7308320176189436,27,TP,15.575,0.06501516207535234,1.0612909019595815,4.5527841591310105,2.7685849616337244,0.6081081081081084,0.743243243243241,0.256756756756759,0.743243243243241,1.4313177953683998,1.6150078942863482,2.876252154586142,0.3333333333333333,1.6611509769802455,2.1379628314838137,0.3333333333333333,2.261011052000882,3.6299225052530937,0.4166666666666667,3.337682981525114,4.260544635403004,0.5,False,True,0.2307154134694588,1.722675087238766,False,False,0.2307154134694588,1.722675087238766,False,True,0.7690513782315749,1.722675087238766,False,False,0.9074806263132665,1.722675087238766,False
SILVER,baseline,現行HYBRID。追加の騙し回避なし,0,2019-08-07 01:00:00,2019-08-07 02:00:00,2019-08-07 18:00:00,long,3m,16.64,16.745,16.592122203859848,17.203633388420464,17.203633388420464,3.000000000000001,2.7710589707356,16,TP,16.746,0.0764388980700771,1.3867285201157686,4.186350249406173,3.087433308937012,0.7374999999999903,0.8437499999999979,0.15625000000000208,0.8437499999999979,0.9996014431641015,1.4783049318215475,4.081691493170983,1.0,1.9231046458209853,4.31717369470009,0.6666666666666666,2.2239985699970495,4.735808719640707,0.5833333333333334,2.4333160824673348,4.042444459582799,0.5,False,False,0.7980230162930502,0.5363761257051702,False,False,0.7980230162930502,0.5363761257051702,False,False,0.7980230162930502,0.5363761257051702,False,False,1.4783049318215475,0.5363761257051702,False
SILVER,baseline,現行HYBRID。追加の騙し回避なし,0,2019-08-25 22:00:00,2019-08-25 23:00:00,2019-08-27 16:00:00,long,3m,17.5,17.629,17.44666279456505,18.17601161630485,18.17601161630485,2.999999999999994,2.808047952053934,40,TP,17.627,0.09116860271747522,1.3930234336656726,2.2814871984446072,1.0968688454060276,0.48076923076921596,0.49038461538461225,0.5096153846153877,0.49038461538461225,1.5960322770252817,1.0749314684979188,2.0621134293633627,0.6666666666666666,1.4039921221197464,2.3582680176230078,0.6666666666666666,4.892035050510964,6.252152418814493,0.75,5.4953129154842895,6.581213072436282,0.5833333333333334,False,True,0.7129647495139082,0.5923091765192899,False,True,0.7129647495139082,0.877495076324861,False,True,0.7129647495139082,1.5575537604765863,False,True,0.7129647495139082,1.5575537604765863,False
SILVER,baseline,現行HYBRID。追加の騙し回避なし,0,2019-10-25 06:00:00,2019-10-25 07:00:00,2019-10-25 17:00:00,long,3m,17.946,18.015,17.88832039860692,18.395038804179247,17.88832039860692,-1.000000000000004,-1.2762875760194181,10,SL,18.012,0.06333980069654085,1.041998858130341,2.320815638563045,1.4682711182745944,0.6326530612244962,0.6870748299319738,0.3129251700680262,0.6870748299319738,1.0538440899078818,2.210300608155313,2.6997243142468257,0.6666666666666666,2.6207850068127234,3.599632418995805,0.6666666666666666,2.904966513575559,3.599632418995805,0.5833333333333334,7.467658483267603,7.151901253531081,0.5833333333333334,False,True,0.28418150676283555,0.6473023209597735,False,True,0.28418150676283555,0.8683323817752935,False,True,0.28418150676283555,1.1840896115117587,False,True,0.28418150676283555,4.910024922402139,False
SILVER,baseline,現行HYBRID。追加の騙し回避なし,0,2019-11-07 15:00:00,2019-11-07 16:00:00,2019-11-12 15:00:00,short,3m,17.304,17.207,17.397872454133374,16.63438263759988,16.63438263759988,3.0000000000000084,2.8166314769781176,68,TP,17.213,0.09543622706668638,0.9535163197138019,4.4427573577875,3.688326863068876,0.8301886792452847,0.8490566037735846,0.15094339622641542,0.8490566037735846,1.376928963471877,1.5193391907527982,3.656892259122265,0.3333333333333333,1.7079468144324637,3.939803694641726,0.5,2.0327710552140847,4.327497143316606,0.5,2.1899440749471393,3.5311538433358214,0.4166666666666667,False,True,0.31434603946607176,2.808157952563808,False,True,0.31434603946607176,2.808157952563808,False,True,0.31434603946607176,2.808157952563808,False,True,0.31434603946607176,2.808157952563808,False
SILVER,baseline,現行HYBRID。追加の騙し回避なし,0,2019-12-06 14:00:00,2019-12-06 15:00:00,2019-12-11 15:00:00,short,3m,16.723,16.59,16.737165085875404,16.148504742373788,16.737165085875404,-0.9999999999999984,-1.2378281491958787,69,SL,16.593,0.07358254293770206,1.7667233940265186,4.756562983917557,4.009103086444846,0.8428571428571529,0.8857142857142875,0.11428571428571255,0.8857142857142875,1.4274724838439603,2.826757430442478,4.688612084147319,0.6666666666666666,2.826757430442478,4.294496865479863,0.3333333333333333,2.826757430442478,4.9468255032743,0.4166666666666667,2.921888690120801,3.5742173279152376,0.4583333333333333,False,False,0.6115580979322842,0.9241322368754357,False,True,0.6115580979322842,0.9241322368754357,False,True,0.6115580979322842,0.9241322368754357,False,True,0.6115580979322842,1.060034036415911,False
SILVER,baseline,現行HYBRID。追加の騙し回避なし,0,2019-12-23 06:00:00,2019-12-23 07:00:00,2019-12-24 05:00:00,long,3m,17.29,17.314,17.222284638880225,17.589146083359328,17.589146083359328,3.000000000000018,2.6183845369775045,21,TP,17.314,0.04585768055988768,0.5233583492880367,1.504655254203028,1.2865892753330646,0.8550724637681428,0.9130434782608651,0.08695652173913491,0.9130434782608651,1.1018211548801078,1.046716698575996,1.8971740161690556,0.6666666666666666,2.289692778135083,2.638598344327056,0.8333333333333334,3.0311171062930837,3.5108622598071433,0.8333333333333334,5.51706926541118,5.320809884428167,0.7083333333333334,False,True,0.15264618520903653,1.8099476246210238,False,True,0.15264618520903653,1.8099476246210238,False,True,0.15264618520903653,1.8099476246210238,False,False,0.5451649471749866,1.8099476246210238,False
SILVER,baseline,現行HYBRID。追加の騙し回避なし,0,2020-02-18 15:00:00,2020-02-18 16:00:00,2020-02-21 05:00:00,long,3m,18.113,18.114,17.989984489299076,18.486046532102776,18.486046532102776,3.000000000000003,2.7177772376843605,58,TP,18.114,0.06200775535046248,0.01612701498948492,3.096386877977323,2.9834977730511003,0.9635416666666776,0.9739583333333386,0.026041666666661464,0.9739583333333386,1.31360503417114,2.4029252334302735,4.112388822313612,0.3333333333333333,2.4029252334302735,3.8704835974716825,0.3333333333333333,2.886735683114248,3.7575944925454023,0.25,4.16076986728201,5.821852411196951,0.4583333333333333,False,True,0.06450805995788238,1.6127014989464865,False,True,0.06450805995788238,1.6127014989464865,False,True,0.06450805995788238,1.6127014989464865,False,True,0.06450805995788238,1.8223526938095613,False
SILVER,baseline,現行HYBRID。追加の騙し回避なし,0,2020-03-12 12:00:00,2020-03-12 13:00:00,2020-03-13 14:00:00,short,3m,16.383,16.062,16.345384722740423,15.211845831778732,15.211845831778732,3.0000000000000027,2.8764929892425464,24,TP,16.062,0.1416923613702115,2.2654714544653145,3.796958387857793,3.126491758031576,0.8234200743494352,0.8382899628252766,0.1617100371747234,0.8382899628252766,1.0709703793750207,1.5879472811672966,4.199238365753483,1.0,1.7149830636606844,3.7757857574422156,0.6666666666666666,3.3311605187153837,5.829530907751909,0.5833333333333334,4.594460800177348,6.669378580902606,0.625,False,True,0.479912956086098,1.1786097597997307,False,True,0.479912956086098,1.757328324491801,False,True,0.479912956086098,3.8110734748014945,False,True,0.9174806513410919,3.9028215399356037,False
SILVER,baseline,現行HYBRID。追加の騙し回避なし,0,2020-03-16 07:00:00,2020-03-16 08:00:00,2020-03-16 10:00:00,short,long,14.285,14.052,14.504293178462426,12.69512046461272,12.69512046461272,2.9999999999999982,2.922616564505829,2,TP,14.053,0.22614658923121353,1.0258832591226978,2.6487244492004223,2.352456439022745,0.8881469115191984,0.9398998330550896,0.06010016694491044,0.9398998330550896,1.4662785946875128,0.7826781761410243,2.8344446943864274,1.0,1.1806501301110368,2.4895356676124107,0.6666666666666666,3.192619452959437,1.724545133870052,0.5833333333333334,6.28353496212654,7.026415942870561,0.625,False,True,0.19014215578566973,1.1275872029150409,False,True,0.19014215578566973,5.938625935352531,False,True,0.19014215578566973,6.199518660732878,False,True,0.19014215578566973,10.241144948828344,False
SILVER,baseline,現行HYBRID。追加の騙し回避なし,0,2020-09-21 13:00:00,2020-09-21 14:00:00,2020-09-21 14:00:00,short,3m,25.832,25.581,26.032954665098192,24.225136004705426,24.225136004705426,2.9999999999999982,2.9225586044290597,0,TP,25.576,0.22597733254909566,1.1328569866377278,2.6241570042037967,2.022326730052508,0.7706576728499169,0.9241146711635722,0.07588532883642783,0.9241146711635722,1.4038933644855804,1.9692240588038623,3.4826501893901947,0.6666666666666666,3.4383979633496518,4.575680172591438,0.8333333333333334,4.3367181519725495,5.544803922879186,0.8333333333333334,5.075730326849495,6.027153186721023,0.75,False,True,0.0221261130202637,8.368095944265404,False,True,0.0221261130202637,8.368095944265404,False,True,0.0221261130202637,8.368095944265404,False,True,0.0221261130202637,8.368095944265404,False
SILVER,baseline,現行HYBRID。追加の騙し回避なし,0,2020-11-05 20:00:00,2020-11-05 21:00:00,2020-11-06 01:00:00,long,3m,25.276,25.371,24.97347814270867,26.563565571873983,24.97347814270867,-0.999999999999998,-1.0880454731180964,3,SL,25.368,0.19876092864566391,0.4628676301065661,1.036420997847323,0.6993326150523181,0.6747572815533964,0.7815533980582436,0.21844660194175636,0.7815533980582436,1.0462351127282252,1.5445691569860553,1.4288522494594138,0.6666666666666666,3.0187019354776354,2.4552109075218165,0.6666666666666666,4.885265965581325,4.356993126872735,0.75,7.239853475253889,7.35557038278053,0.7083333333333334,False,False,0.26665200430051167,0.462867630106584,True,False,1.4640704387066423,0.462867630106584,True,False,1.569725006448364,0.462867630106584,True,False,2.4602420774142675,0.462867630106584,True
SILVER,baseline,現行HYBRID。追加の騙し回避なし,0,2020-11-24 10:00:00,2020-11-24 11:00:00,2020-11-25 08:00:00,short,3m,23.212,23.131,23.42954301899138,22.23537094302586,23.42954301899138,-1.0000000000000029,-1.1172360355912778,20,SL,23.132,0.14927150949569024,0.5359361627029574,2.2911270955551832,1.9494677918320278,0.8508771929824499,0.9035087719298206,0.09649122807017944,0.9035087719298206,1.0771885266018295,1.058473921338348,1.520718861669676,0.3333333333333333,1.2661491843857642,1.6881989125143444,0.3333333333333333,2.6595832074134726,3.0213401172379664,0.4166666666666667,6.0091842243070275,6.478128366672127,0.4166666666666667,False,False,0.48234254643266644,0.495740950500257,False,True,1.0517747193045766,0.495740950500257,False,False,1.0517747193045766,1.4537268413318183,True,False,1.0517747193045766,1.4537268413318183,False
SILVER,baseline,現行HYBRID。追加の騙し回避なし,0,2021-01-29 11:00:00,2021-01-29 12:00:00,2021-01-29 17:00:00,long,3m,27.282,27.461,26.840561848939327,29.322314453182017,26.840561848939327,-0.9999999999999983,-1.0564117469890668,5,SL,27.451,0.3102190755303363,0.5447762994944326,1.4860465921120345,1.2958584165488867,0.872017353579174,1.0,0.0,1.0,1.72071402117523,2.9559755422271725,2.7464461962677835,1.0,3.4620695009291,3.8650105508510277,1.0,3.607128278900995,3.1364931325921943,0.5833333333333334,6.385809759162526,7.001503683443222,0.625,False,False,0.6027998106831908,0.2353175731544005,False,False,0.7414115318563276,0.37392929432753735,False,False,1.6311053700839184,0.622140981079432,True,False,2.5594815491040146,0.622140981079432,False
SILVER,baseline,現行HYBRID。追加の騙し回避なし,0,2021-03-25 11:00:00,2021-03-25 12:00:00,2021-03-25 13:00:00,short,3m,24.814,24.673,24.909014783928193,23.96495564821542,24.909014783928193,-1.0000000000000029,-1.1482957949390553,1,SL,24.671,0.1180073919640968,1.2117884957876857,2.60153194550224,1.618542676191927,0.6221498371335427,0.915309446254073,0.0846905537459271,0.915309446254073,0.8722647305965705,1.3304251317389215,2.372732719024837,1.0,2.8303311719796125,3.287929624934418,1.0,2.8303311719796125,3.313351761209685,0.6666666666666666,4.414977666471204,4.914946346551444,0.7083333333333334,False,True,0.05084427255053395,1.728705266718094,True,False,3.457410533436188,2.3388365373244713,True,False,4.287866985094869,2.3388365373244713,True,False,4.287866985094869,2.3388365373244713,True
SILVER,baseline,現行HYBRID。追加の騙し回避なし,0,2021-06-16 20:00:00,2021-06-16 22:00:00,2021-06-17 16:00:00,short,3m,27.021,26.915,27.27959683580224,25.82120949259327,25.82120949259327,2.9999999999999996,2.9040035552612853,18,TP,26.95,0.18229841790112172,0.3894712900827903,4.223843568503408,1.514001071307715,0.3584415584415584,0.49610389610389827,0.5038961038961017,0.49610389610389827,1.665584197401008,2.8250382308821544,4.212872546247561,0.6666666666666666,3.307763210139673,4.35549583557365,0.6666666666666666,3.3297052546513863,4.350010324445716,0.5833333333333334,3.3297052546513863,3.8343722784206373,0.4583333333333333,True,False,1.5962837382266157,0.2194204451170556,True,False,1.5962837382266157,0.2194204451170556,True,False,1.5962837382266157,0.2194204451170556,True,False,1.5962837382266157,0.2194204451170556,True
SILVER,baseline,現行HYBRID。追加の騙し回避なし,0,2021-07-19 02:00:00,2021-07-19 03:00:00,2021-07-20 14:00:00,short,3m,25.509,25.471,25.688905816466658,24.817282550600027,24.817282550600027,3.0000000000000027,2.839380147957845,34,TP,25.477,0.10895290823332883,0.293704872305659,0.9453625577338206,0.6241228536495377,0.660194174757308,0.8640776699029163,0.13592233009708368,0.8640776699029163,1.1249337038566003,1.8815468382081106,1.9641513335440803,0.3333333333333333,1.8815468382081106,1.404276420711419,0.5,5.617105682845708,5.2866877015018625,0.6666666666666666,8.21455814729889,7.700574620763978,0.625,True,False,0.4956269720157853,0.578231467351755,True,False,0.5506966355730984,0.578231467351755,True,True,0.5506966355730984,0.578231467351755,True,True,0.5506966355730984,1.652089906719328,True
SILVER,baseline,現行HYBRID。追加の騙し回避なし,0,2021-08-06 13:00:00,2021-08-06 14:00:00,2021-08-08 22:00:00,short,3m,24.481,24.252,24.51673037622226,23.45780887133322,23.45780887133322,3.000000000000002,2.8677900114846864,7,TP,24.252,0.1323651881111296,1.7300621354290044,2.810406613011274,2.6668643397660867,0.9489247311828001,0.9758064516129022,0.0241935483870977,0.9758064516129022,1.4365388953035811,3.8227573822142626,5.341283536018746,0.6666666666666666,4.502694466007312,6.701157703604844,0.8333333333333334,4.525359035467081,6.436737726574212,0.5833333333333334,6.746486842524356,8.84673694579624,0.625,False,True,0.7403759356857851,0.49862052811489566,False,False,0.7781502181187248,0.49862052811489566,False,True,0.7781502181187248,0.49862052811489566,False,False,0.9670216302834502,0.49862052811489566,False
SILVER,baseline,現行HYBRID。追加の騙し回避なし,0,2021-09-29 13:00:00,2021-09-29 14:00:00,2021-09-30 14:00:00,short,long,21.881,21.682,21.96881737489448,20.821547875316554,21.96881737489448,-1.0000000000000033,-1.1220288694604967,23,SL,21.685,0.14340868744724086,1.3667233379575323,3.9607084487748443,3.116965979933755,0.7869718309859233,0.8697183098591579,0.13028169014084218,0.8697183098591579,1.31878527652324,1.6805118594273587,4.56736625694989,0.6666666666666666,1.6805118594273587,3.946762292265106,0.6666666666666666,2.9356659453067384,5.585435682163151,0.5833333333333334,3.2006429189923575,3.786381492402746,0.5,False,True,0.08367693905862696,1.9315426766032149,False,True,0.08367693905862696,1.9315426766032149,False,True,0.08367693905862696,1.9315426766032149,False,True,0.08367693905862696,1.9315426766032149,False
SILVER,baseline,現行HYBRID。追加の騙し回避なし,0,2021-11-10 14:00:00,2021-11-10 15:00:00,2021-11-10 17:00:00,long,3m,24.817,25.072,24.77907861031266,25.950764169062015,24.77907861031266,-1.000000000000003,-1.1194859823564256,2,SL,25.066,0.14646069484366953,1.7001148346713673,3.3660908172409063,2.867663576554115,0.8519269776876255,0.8924949290060832,0.10750507099391679,0.8924949290060832,1.4989346865285298,4.547295099964405,6.445415276826413,0.6666666666666666,4.547295099964405,5.373455320828799,0.5,4.547295099964405,5.462216336293581,0.5,4.547295099964405,4.458534084499623,0.5,False,False,0.7920213687625662,0.22531642387211856,False,False,1.0514766447365127,0.2799385872350483,True,False,2.307786402084018,0.2799385872350483,True,False,3.8030681241443927,0.2799385872350483,True
SILVER,baseline,現行HYBRID。追加の騙し回避なし,0,2022-01-18 13:00:00,2022-01-18 14:00:00,2022-01-20 06:00:00,long,3m,23.425,23.466,23.21079849073224,24.23160452780328,24.23160452780328,3.0000000000000053,2.8628534756693913,38,TP,23.461,0.12760075463387976,0.2821299929086729,5.227241813058215,3.7617332387825098,0.7196401799100424,0.9610194902548728,0.038980509745127255,0.9610194902548728,1.474480332788023,1.5438780167503254,5.0705029281089455,0.6666666666666666,1.6771060689572026,3.7774071272774563,0.3333333333333333,2.398104939723873,2.9545279812937735,0.5,2.460800493703575,2.8604846503242065,0.5416666666666666,False,False,1.6692691247097293,0.49372748759022633,False,True,1.6692691247097293,0.9090855327058043,False,True,1.6692691247097293,1.316606633573909,True,True,1.6692691247097293,1.316606633573909,False
SILVER,baseline,現行HYBRID。追加の騙し回避なし,0,2022-06-30 11:00:00,2022-06-30 12:00:00,2022-06-30 12:00:00,short,long,20.441,20.424,20.62967942558757,19.806961723237283,20.62967942558757,-1.0000000000000007,-1.1701677253328304,0,SL,20.426,0.10283971279378605,0.14585805028528748,2.255937844412354,0.5639844611031232,0.2500000000000153,0.3706896551724238,0.6293103448275762,0.3706896551724238,0.9615568567090792,2.7713029554203588,2.800474565477416,1.0,3.19915323625719,2.858817785591531,0.6666666666666666,3.19915323625719,3.0241235759148455,0.5833333333333334,5.5134343007836595,4.920278229623514,0.5416666666666666,True,False,2.20731849431727,0.5153651110079697,True,False,2.8101984354964467,0.5153651110079697,True,True,2.8101984354964467,2.2170423643362662,True,True,2.8101984354964467,2.2170423643362662,True
SILVER,baseline,現行HYBRID。追加の騙し回避なし,0,2022-08-31 09:00:00,2022-08-31 10:00:00,2022-08-31 13:00:00,short,long,18.131,17.994,18.196111989589234,17.3876640312323,18.196111989589234,-1.0000000000000069,-1.1731713198763452,3,SL,18.001,0.10105599479461633,1.2864155190813544,2.1770108784453743,1.9494142866079052,0.8954545454545463,0.8954545454545463,0.10454545454545366,0.8954545454545463,1.102052507807855,3.7009184933571433,4.472767804805956,1.0,3.7009184933571433,4.86858796452329,0.6666666666666666,3.7009184933571433,4.076947645088621,0.3333333333333333,6.728942715194825,7.411732490707232,0.5,False,True,0.3463426397526764,0.7817448154417582,False,False,0.3463426397526764,0.7817448154417582,False,False,0.8905953593640199,0.7817448154417582,False,False,2.26607041438178,0.7817448154417582,False
SILVER,baseline,現行HYBRID。追加の騙し回避なし,0,2022-09-12 11:00:00,2022-09-12 12:00:00,2022-09-14 00:00:00,long,3m,19.423,19.459,19.23795845075236,20.12212464774293,19.23795845075236,-0.999999999999992,-1.158341271670994,34,SL,19.457,0.11052077462382126,0.3076344706751108,2.6420372187390093,2.3072585300631543,0.8732876712328685,0.9006849315068501,0.09931506849314985,0.9006849315068501,1.1020033851331195,1.4114993360386303,2.1624893673925403,0.3333333333333333,3.845430883438612,4.505940188123364,0.6666666666666666,4.198305717448253,4.831670804132294,0.5,6.568900756179821,6.4060354481753885,0.5416666666666666,False,True,0.4433555606787993,1.8186626060497921,False,True,0.4433555606787993,2.587748782737489,False,True,0.4433555606787993,3.3025465234237292,False,True,0.4433555606787993,4.949295748802164,False
SILVER,baseline,現行HYBRID。追加の騙し回避なし,0,2022-10-03 13:00:00,2022-10-03 14:00:00,2022-10-10 01:00:00,long,3m,20.004,20.179,19.810295415208866,21.2851137543734,19.810295415208866,-0.999999999999997,-1.0949269454292958,102,SL,20.178,0.1843522923955666,0.9438450574113063,3.0702086350275857,2.7501692190088223,0.8957597173144919,0.9204946996466462,0.07950530035335378,0.9204946996466462,1.4361083077855745,2.58743731255859,4.328668711576014,1.0,2.9454475067491006,4.692103302648185,0.8333333333333334,3.737409451473517,5.028415909311972,0.6666666666666666,4.838562018453374,6.829315674027807,0.5416666666666666,False,True,-0.005424396881661548,1.7900509709524735,False,True,-0.005424396881661548,1.8171729553608582,False,True,-0.005424396881661548,1.914812099230978,False,True,-0.005424396881661548,2.8966279348140116,False
SILVER,baseline,現行HYBRID。追加の騙し回避なし,0,2022-11-30 23:00:00,2022-12-01 00:00:00,2022-12-05 01:00:00,long,3m,22.243,22.337,22.01865353273126,23.292039401806214,23.292039401806214,3.000000000000004,2.8900568921016077,47,TP,22.339,0.15917323363436883,0.6031164776140583,1.5894632170453822,1.2187978818450693,0.7667984189723279,0.7707509881422933,0.22924901185770674,0.7707509881422933,1.31553897380856,1.8093494328421749,1.3444471480146618,0.6666666666666666,4.1338608569796955,4.353747072776466,0.6666666666666666,4.605045605115674,5.45317815176043,0.5833333333333334,6.320158088330649,6.9735342724125395,0.5833333333333334,False,False,0.6470937207734034,0.06910709639329496,True,False,0.8292851567193162,0.32668809204094545,True,False,0.8481325466447562,0.32668809204094545,True,True,0.8481325466447562,0.38323026181726555,True
SILVER,baseline,現行HYBRID。追加の騙し回避なし,0,2023-01-23 14:00:00,2023-01-23 15:00:00,2023-01-23 16:00:00,short,3m,23.105,22.901,23.234693350000725,21.899919949997823,23.234693350000725,-0.9999999999999996,-1.1048867171009666,1,SL,22.894,0.16684667500036285,1.2646341319030974,2.8349381250718593,2.0617731818704392,0.727272727272726,0.8773784355179715,0.12262156448202859,0.8773784355179715,1.2494593640378793,3.182562673177898,4.83078251333596,0.6666666666666666,3.5601548547413717,5.094497687761251,0.6666666666666666,5.544012189622511,6.946497435429756,0.8333333333333334,5.544012189622511,5.813720890739314,0.6666666666666666,False,False,0.9649577973289023,0.9050225304140548,True,False,2.2355854559234696,0.9050225304140548,True,False,2.4333718367424426,0.9050225304140548,True,False,3.5301872212839798,0.9050225304140548,True
SILVER,baseline,現行HYBRID。追加の騙し回避なし,0,2023-03-15 11:00:00,2023-03-15 12:00:00,2023-03-15 17:00:00,long,3m,21.974,22.101,21.796293937109247,23.01511818867225,21.796293937109247,-1.000000000000003,-1.1148647968076368,5,SL,22.105,0.15235303144537535,0.8598450503885705,2.4613885030207125,1.9559833970671383,0.7946666666666715,0.9759999999999991,0.02400000000000091,0.9759999999999991,1.1530062619117114,2.520461827093212,3.3737431748070525,0.6666666666666666,2.520461827093212,2.559844043141545,0.5,2.520461827093212,2.8945928795523512,0.5,3.570654255048717,2.9274113929259777,0.5416666666666666,False,True,0.26254810698887043,1.7656360195001803,False,True,0.8138991316655076,1.7656360195001803,True,False,1.9428559917176784,1.7656360195001803,True,False,2.6386084752382106,1.7656360195001803,True
SILVER,baseline,現行HYBRID。追加の騙し回避なし,0,2023-04-04 14:00:00,2023-04-04 15:00:00,2023-04-13 12:00:00,long,long,24.627,24.828,24.507239582686726,25.79028125193982,25.79028125193982,3.0000000000000027,2.890884292104483,135,TP,24.827,0.16038020865663669,1.247036661663095,5.0567336630437785,4.620270831461721,0.9136868064118413,0.9136868064118413,0.08631319358815874,0.9136868064118413,1.4195632624984507,1.6897346765534527,5.574253877633968,0.6666666666666666,1.6897346765534527,5.131555862743566,0.6666666666666666,2.1698437912937485,5.811190843349954,0.6666666666666666,2.313253007385,5.661546443950379,0.4583333333333333,False,True,0.8729256631641578,0.6297535141398484,False,True,0.8729256631641578,0.9477478628639231,False,True,0.8729256631641578,0.9789237794055159,False,True,0.8729256631641578,1.1535089120383386,False
SILVER,baseline,現行HYBRID。追加の騙し回避なし,0,2023-05-05 01:00:00,2023-05-05 02:00:00,2023-05-05 08:00:00,long,3m,26.081,26.112,25.87329162316616,26.82812513050151,25.87329162316616,-1.0000000000000029,-1.1466224204790434,6,SL,26.11,0.11935418841691857,0.242974296793837,1.0305461553669761,0.8127071306552315,0.7886178861788364,0.9756097560975603,0.02439024390243973,0.9756097560975603,0.8960323458764914,0.6200033780256684,0.5445975617792724,0.6666666666666666,1.0975735475859585,0.9132482189837199,0.6666666666666666,5.027054416424241,4.867864359904124,0.5833333333333334,5.311920833354938,3.678128148017061,0.5416666666666666,True,False,1.2735204521608132,0.10891951235587234,True,False,1.2735204521608132,0.10891951235587234,True,False,1.2735204521608132,0.10891951235587234,True,False,1.700820077556859,0.10891951235587234,True
SILVER,baseline,現行HYBRID。追加の騙し回避なし,0,2023-05-11 13:00:00,2023-05-11 14:00:00,2023-05-18 20:00:00,short,3m,24.479,24.3,24.635738881332188,23.292783356003444,23.292783356003444,2.9999999999999982,2.8957523184055316,121,TP,24.301,0.16786944066609294,1.0603478470751473,3.8958847864446238,3.34783983177658,0.8593272171253842,0.9128440366972498,0.08715596330275018,0.9128440366972498,1.514875723607582,1.5071236253371412,3.4074099355448557,0.6666666666666666,1.7930601234248098,4.271176440184717,0.6666666666666666,3.8184436515458673,6.225075843783851,0.75,6.5110123418715204,9.072526803906996,0.6666666666666666,False,False,0.8637665046398818,0.4348617575083261,False,True,0.8637665046398818,1.0424768159446456,False,True,0.8637665046398818,1.0424768159446456,False,True,0.8637665046398818,1.0424768159446456,False
SILVER,baseline,現行HYBRID。追加の騙し回避なし,0,2023-10-20 14:00:00,2023-10-20 15:00:00,2023-10-20 16:00:00,long,3m,23.549,23.654,23.34158733895591,24.591237983132263,23.34158733895591,-1.0000000000000022,-1.1120313110327549,1,SL,23.654,0.1562063305220441,0.6721878661965153,1.3379739431911513,1.0883041643181515,0.8133971291865955,0.9473684210526352,0.052631578947364845,0.9473684210526352,1.3621652636780277,3.156082076522664,3.636216266663048,0.6666666666666666,3.156082076522664,2.85519798403472,0.6666666666666666,4.090743299995915,3.585001953048059,0.6666666666666666,5.601565551637605,5.294279669947759,0.625,False,False,0.8386343854451743,0.2368662004692411,True,False,2.195813696241941,0.2368662004692411,True,False,3.021644503283379,0.2368662004692411,True,False,3.021644503283379,0.2368662004692411,True
SILVER,baseline,現行HYBRID。追加の騙し回避なし,0,2024-02-13 15:00:00,2024-02-13 16:00:00,2024-02-14 16:00:00,short,3m,22.04,22.025,22.289858974440637,21.230423076678083,22.289858974440637,-0.9999999999999991,-1.1321457959803596,23,SL,22.017,0.13242948722031944,0.17367733185989911,1.6688126235234018,0.6796069507561351,0.4072398190045241,0.877828054298638,0.12217194570136204,0.877828054298638,1.532140703406957,6.705455247460529,6.1693208751973705,1.0,6.705455247460529,6.780967130877889,0.8333333333333334,6.705455247460529,5.066847377304077,0.5,6.705455247460529,4.606224888458252,0.5,True,False,1.4724817266382972,0.1359213901512324,True,False,1.4724817266382972,0.1359213901512324,True,False,1.4724817266382972,0.1359213901512324,True,False,1.4724817266382972,0.36245704040325954,True
SILVER,baseline,現行HYBRID。追加の騙し回避なし,0,2024-03-04 14:00:00,2024-03-04 15:00:00,2024-03-05 13:00:00,long,3m,23.492,23.487,23.27912396315032,24.110628110549037,24.110628110549037,2.999999999999993,2.8316304248896618,21,TP,23.501,0.10393801842483999,0.08659006719960176,1.7702858183029124,1.5874845653259981,0.8967391304347921,0.9510869565217376,0.04891304347826245,0.9510869565217376,1.2005305417109398,2.434143000166492,3.809962956782341,0.6666666666666666,2.684292083187552,4.05049092122569,0.5,3.2134536049628735,4.175565462736204,0.5,7.51409360920959,8.120224079606803,0.5,False,True,0.6638571818636135,1.0775652807060982,False,True,0.6638571818636135,3.049894589141415,False,True,0.6638571818636135,3.107621300607816,False,True,0.6638571818636135,4.175565462736169,False
SILVER,baseline,現行HYBRID。追加の騙し回避なし,0,2024-04-02 18:00:00,2024-04-02 19:00:00,2024-04-03 17:00:00,long,long,25.912,25.95,25.606264995273474,26.981205014179576,26.981205014179576,3.0000000000000018,2.8981773764128405,21,TP,25.953,0.17186750236326265,0.23855586097563655,0.6109357415229686,0.42474580124930256,0.6952380952380962,0.8190476190476016,0.18095238095239835,0.8190476190476016,1.3193071841923973,1.4895195221893283,0.8727653450328005,0.6666666666666666,2.9033993811424907,1.7804413038669353,0.6666666666666666,3.5317904295660956,2.9615837374779996,0.6666666666666666,5.672974742713265,5.667156307079706,0.6666666666666666,False,True,0.09309497013682268,0.9134943944676733,False,True,0.09309497013682268,1.216053047412378,False,True,0.09309497013682268,1.58843292795971,False,True,0.09309497013682268,2.222642412016895,False
SILVER,baseline,現行HYBRID。追加の騙し回避なし,0,2024-07-05 13:00:00,2024-07-05 14:00:00,2024-07-08 16:00:00,long,3m,30.843,30.916,30.542420926934884,32.036737219195345,30.542420926934884,-1.0000000000000007,-1.093688331396175,25,SL,30.916,0.1867895365325579,0.39081418239547006,2.0718505285896747,0.979712265457131,0.4728682170542626,0.7958656330749341,0.20413436692506598,0.7958656330749341,1.3417008266252797,4.796842567484104,1.739926154500367,1.0,4.796842567484104,1.8148768196173026,0.5,4.796842567484104,2.3288242375620283,0.6666666666666666,4.796842567484104,2.955197653182166,0.5,False,True,0.9422369328986727,1.0546629305740665,False,True,0.9422369328986727,2.500140043543603,False,True,0.9422369328986727,2.896307844876004,False,True,0.9422369328986727,3.02479469936219,False
SILVER,baseline,現行HYBRID。追加の騙し回避なし,0,2024-08-19 14:00:00,2024-08-19 15:00:00,2024-08-22 14:00:00,long,3m,29.218,29.347,29.003159074725225,30.37852277582433,29.003159074725225,-0.9999999999999999,-1.1017912570239574,68,SL,29.35,0.17192046263738806,0.7677969101235714,1.8729591292408079,1.4890606741790324,0.7950310559006238,0.8354037267080826,0.16459627329191742,0.8354037267080826,1.083987811056061,1.7682595505875909,2.1405247191323697,0.6666666666666666,1.7682595505875909,2.442990168574983,0.5,1.9253089185674164,1.9369422050844542,0.4166666666666667,5.415294873674529,5.4560113764841205,0.5,False,False,0.32573202247666855,0.6223808286607629,False,False,0.7387136938310179,0.6223808286607629,False,False,1.00046264046404,0.6223808286607629,False,True,1.00046264046404,0.72708040731398,False
SILVER,baseline,現行HYBRID。追加の騙し回避なし,0,2024-09-13 12:00:00,2024-09-13 13:00:00,2024-09-16 05:00:00,long,3m,30.182,30.194,29.900175582690757,31.075473251927725,31.075473251927725,2.9999999999999987,2.880881240842677,15,TP,30.192,0.14691220865462112,0.06806786237562301,1.2864825988990742,1.0822790117722294,0.8412698412698353,0.9576719576719623,0.042328042328037656,0.9576719576719623,0.9540088115063802,1.5995947658269112,1.1163129429600531,0.3333333333333333,1.9943883676054617,1.1503468741478524,0.6666666666666666,2.191785168494737,1.5451404759264031,0.5833333333333334,9.958328265552097,9.549921091298408,0.7083333333333334,False,True,0.10890857980099199,4.084071742536752,False,True,0.10890857980099199,4.084071742536752,False,True,0.10890857980099199,4.737523221342632,False,True,0.10890857980099199,4.900886091044083,False
SILVER,baseline,現行HYBRID。追加の騙し回避なし,0,2024-09-26 11:00:00,2024-09-26 12:00:00,2024-09-26 12:00:00,long,long,32.504,32.604,32.24324015610054,33.68627953169838,32.24324015610054,-0.9999999999999956,-1.0970174496742386,0,SL,32.606,0.1803799219497301,0.5654731352441218,1.81284034534141,1.0810515820843112,0.596330275229349,0.6850152905198781,0.3149847094801219,0.6850152905198781,0.9762471220695621,2.4171204604551737,2.1787347269699198,1.0,3.8252594442983137,3.742101630291845,1.0,4.085820594851971,4.368557162474032,0.8333333333333334,5.139152905600773,4.351925599672734,0.7083333333333334,True,False,2.467015148859067,0.1275086481432561,True,False,4.861960192245857,0.1275086481432561,True,False,4.861960192245857,0.1275086481432561,True,False,4.861960192245857,0.1275086481432561,True
SILVER,baseline,現行HYBRID。追加の騙し回避なし,0,2024-10-18 17:00:00,2024-10-18 18:00:00,2024-10-22 10:00:00,long,3m,32.951,33.095,32.661050281754726,34.39684915473581,34.39684915473581,3.0000000000000053,2.919345494354672,38,TP,33.096,0.21697485912263503,0.6682801896326682,1.225948485808953,0.9816805544259183,0.8007518796992089,0.8609022556390774,0.13909774436092254,0.8609022556390774,1.227693499640911,2.451896971617841,2.9266063477017563,0.6666666666666666,4.00046348000806,4.724049616368985,0.6666666666666666,5.088147098996451,4.4383022249398145,0.75,7.328037941489459,6.825675592041431,0.7083333333333334,False,True,0.10139423566840054,2.350502735949473,False,True,0.10139423566840054,2.659294271848715,False,True,0.10139423566840054,3.009565267794126,False,True,0.10139423566840054,4.203251951344926,False
SILVER,baseline,現行HYBRID。追加の騙し回避なし,0,2024-11-06 13:00:00,2024-11-06 14:00:00,2024-11-07 14:00:00,short,3m,31.298,31.04,31.670784703600923,29.147645889197232,31.670784703600923,-1.0000000000000027,-1.055486443790091,23,SL,31.041,0.31539235180046093,0.8148580602315744,2.308236061667663,1.8897097427938614,0.8186813186813211,0.8489010989010992,0.15109890109890073,0.8489010989010992,1.7279294718173563,2.1560446729862726,3.475036708224953,1.0,2.504816605381122,3.132606083691847,0.5,3.6969824833852956,4.759151550224141,0.5833333333333334,4.670373240159993,4.841588552426545,0.5,False,True,0.3075534312936359,0.7133971344439957,True,False,1.147776722972105,0.7133971344439957,True,False,1.1763126083498656,0.7133971344439957,True,False,1.1763126083498656,0.7133971344439957,True
SILVER,baseline,現行HYBRID。追加の騙し回避なし,0,2024-12-09 10:00:00,2024-12-09 11:00:00,2024-12-12 14:00:00,long,3m,31.527,31.617,31.26897376465889,32.661078706023325,31.26897376465889,-1.0000000000000049,-1.100567130997172,72,SL,31.612,0.17401311767055377,0.4884689219862237,1.4941402319579173,1.293005969963562,0.865384615384602,0.9384615384615319,0.06153846153846806,0.9384615384615319,1.1230948981593079,1.7182612667515915,1.8446885171480212,1.0,3.2066548055096638,4.085898865084887,0.8333333333333334,3.2066548055096638,3.7238571934950926,0.5,3.4422692267030284,1.7412480395509313,0.4166666666666667,False,True,0.356294978389949,0.44824206958738944,False,True,0.356294978389949,0.6953498771804238,False,True,0.356294978389949,2.5917586331270104,False,True,0.356294978389949,3.804310898292843,False
SILVER,baseline,現行HYBRID。追加の騙し回避なし,0,2024-12-18 20:00:00,2024-12-18 21:00:00,2024-12-23 06:00:00,short,3m,29.621,29.46,29.772080487777945,28.523758536666165,29.772080487777945,-0.9999999999999952,-1.1121505552916917,54,SL,29.463,0.15604024388897283,1.0125592992050134,2.858237009148357,1.954623963655274,0.683856502242155,0.7914798206278018,0.2085201793721982,0.7914798206278018,1.0795028784945526,3.4093768808675633,4.6590544969750365,0.6666666666666666,3.9348823399486585,4.851312591760785,0.8333333333333334,4.691097512772657,5.883097700444399,0.75,5.331957828725216,6.447054778482649,0.5833333333333334,False,True,0.3781075864119881,1.1086883465979223,False,True,0.3781075864119881,1.4419357108932453,False,False,1.0317851086835905,1.4419357108932453,False,True,1.0317851086835905,1.4419357108932453,False
XAUUSD,body60_filter,シグナル足の実体がローソク足全体の60%以上の時だけ入る,0,2015-02-11 14:00:00,2015-02-11 15:00:00,2015-02-12 08:00:00,short,3m,1224.976,1224.691,1231.6426929031318,1203.835921290605,1231.6426929031318,-1.000000000000009,-1.0503474484384268,16,SL,1224.722,3.47584645156584,0.07307572516205596,3.4575750590438252,2.744367489450734,0.7937260775503382,0.8852554501581044,0.11474454984189567,0.8852554501581044,1.0297076804665841,1.722458136003896,3.011928215437668,0.3333333333333333,1.722458136003896,3.66414344749396,0.6666666666666666,1.8637186913367685,3.7110384994680135,0.5,2.5734738644655937,3.6701851413065554,0.5833333333333334,False,True,0.21836407636997063,1.0098259658215814,False,True,0.21836407636997063,1.0866417871533238,False,True,0.21836407636997063,1.0866417871533238,False,True,0.21836407636997063,1.7981231585142166,False
XAUUSD,body60_filter,シグナル足の実体がローソク足全体の60%以上の時だけ入る,0,2015-03-06 13:00:00,2015-03-06 14:00:00,2015-03-10 03:00:00,short,3m,1190.388,1182.283,1189.4395008221354,1160.8134975335936,1160.8134975335936,3.000000000000011,2.9510934172022325,35,TP,1182.258,3.5782504110677054,2.2720601036901695,4.428700671977687,3.9362812497511173,0.888811762478706,0.9888937969331778,0.011106203066822182,0.9888937969331778,1.157130478744196,1.515265668168307,3.9723323879277253,0.3333333333333333,1.7572833864703588,4.245370853032957,0.6666666666666666,2.1932506388389434,4.537413018882392,0.5833333333333334,4.63606458304024,5.339480976765682,0.5833333333333334,False,True,0.0966953008458571,1.9104308571742008,False,True,0.0966953008458571,2.511842092492948,False,True,0.0966953008458571,3.0294134715869774,False,True,0.0966953008458571,5.179905783751302,False
XAUUSD,body60_filter,シグナル足の実体がローソク足全体の60%以上の時だけ入る,0,2015-04-06 07:00:00,2015-04-06 08:00:00,2015-04-06 12:00:00,long,3m,1219.681,1222.186,1216.2924846259255,1239.866546122223,1216.2924846259255,-1.0000000000000082,-1.0593873058412362,4,SL,1222.167,2.9467576870372096,0.8436390989784444,1.937722950590103,1.271567057068486,0.6562171628721487,0.7826619964973683,0.2173380035026317,0.7826619964973683,1.0188542847526165,0.7221496390291033,1.7470048598315255,0.3333333333333333,1.0550579077732267,1.9326326100894715,0.5,6.217341887524045,7.119010868210197,0.5833333333333334,8.097034956406516,6.301502183801882,0.5416666666666666,False,False,0.5616342352410989,0.14286889005228648,True,False,1.625176043848737,0.14286889005228648,True,False,1.760918457200016,0.14286889005228648,True,False,2.0459775252378485,0.19275422695887628,True
XAUUSD,body60_filter,シグナル足の実体がローソク足全体の60%以上の時だけ入る,0,2015-04-24 14:00:00,2015-04-24 15:00:00,2015-04-27 10:00:00,short,3m,1178.391,1178.274,1184.2906324281757,1160.224102715472,1184.2906324281757,-0.9999999999999885,-1.058172076186841,18,SL,1178.323,3.0083162140879613,0.02260400674687696,1.9549141717413558,1.268483672736747,0.648869239925165,0.6811766706342381,0.3188233293657618,0.6811766706342381,1.21067637530009,3.0488816159177348,3.3234538155195024,1.0,4.228278909122717,4.698641696576214,1.0,4.574984483196262,4.745179357525635,0.6666666666666666,5.265736336431866,4.502518696860568,0.5416666666666666,True,False,0.4839916738743911,0.5468175161561932,True,True,0.4839916738743911,1.0367926035813149,True,True,0.4839916738743911,1.0367926035813149,True,False,0.4839916738743911,1.0367926035813149,True
XAUUSD,body60_filter,シグナル足の実体がローソク足全体の60%以上の時だけ入る,0,2015-09-24 13:00:00,2015-09-24 14:00:00,2015-09-25 03:00:00,long,3m,1147.861,1152.832,1146.690616441401,1171.2561506757972,1146.690616441401,-0.9999999999999956,-1.0569904153779883,12,SL,1152.881,3.0706917792995365,1.6348107725566345,5.321602158236705,4.654000149523351,0.8745486812312625,0.8745486812312625,0.1254513187687375,0.8745486812312625,1.2730085246931873,1.4654678240049566,5.676245371645885,1.0,1.4980337756495556,5.481500980811464,0.5,2.4369101615620767,6.481275696299269,0.5833333333333334,3.2663649499488905,7.509708449234345,0.5416666666666666,False,True,0.32272858079753125,0.908915710399499,False,True,0.32272858079753125,1.247275947986417,False,False,0.42107775476412995,1.247275947986417,False,True,0.7949348796435876,1.247275947986417,False
XAUUSD,body60_filter,シグナル足の実体がローソク足全体の60%以上の時だけ入る,0,2015-11-03 10:00:00,2015-11-03 11:00:00,2015-11-03 17:00:00,short,3m,1132.098,1131.718,1135.8881405759744,1119.2075782720772,1119.2075782720772,3.000000000000016,2.916069975670233,6,TP,1131.738,2.0850702879871394,0.17265605004972398,1.4819644295938368,0.8930154588684721,0.6025889967637224,0.6601941747572873,0.33980582524271274,0.6601941747572873,0.7512696717906594,2.7385167938450117,2.513104728502241,1.0,2.8833560358311647,2.6919955803593885,0.6666666666666666,2.8833560358311647,0.7544110186896336,0.5,3.5591126317203527,2.8392328230406205,0.5416666666666666,False,False,0.3793637099704424,0.3208524930092058,True,False,0.48487574055642724,0.3208524930092058,True,True,0.48487574055642724,2.4502771102897527,True,True,0.48487574055642724,5.0818430731316235,True
XAUUSD,body60_filter,シグナル足の実体がローソク足全体の60%以上の時だけ入る,0,2016-01-26 03:00:00,2016-01-26 04:00:00,2016-01-27 19:00:00,long,3m,1112.949,1112.981,1108.1457604588966,1127.48671862331,1127.48671862331,2.9999999999999893,2.927614754755186,38,TP,1112.981,2.4176197705516804,0.013236159130442291,1.170572823101188,0.7734880491869789,0.660777385158989,0.7321554770317817,0.26784452296821826,0.7321554770317817,0.8754652027721581,1.7165643872332728,1.8704347371249583,0.6666666666666666,2.6600543552522904,1.8414806390270746,0.6666666666666666,3.1944642801451084,2.8453605830788584,0.5,4.977209463030781,5.055799157867893,0.5833333333333334,True,False,0.44341133087080425,0.1894425275549314,True,False,0.6212722191865634,0.1894425275549314,True,True,0.6212722191865634,0.9339764786440267,True,True,0.6212722191865634,1.926274783456638,True
XAUUSD,body60_filter,シグナル足の実体がローソク足全体の60%以上の時だけ入る,0,2016-04-21 12:00:00,2016-04-21 13:00:00,2016-04-21 13:00:00,long,3m,1262.589,1268.85,1260.3619075912632,1294.3142772262102,1260.3619075912632,-0.9999999999999969,-1.041234235343604,0,SL,1268.759,4.244046204368387,1.4538013261140526,2.4900765663489635,2.1510133397236455,0.8638342165026419,0.8753785011355025,0.12462149886449747,0.8753785011355025,1.2328767518662689,0.945088674075097,2.2077987723968695,0.6666666666666666,2.0848029389719485,2.4874847001273737,0.6666666666666666,4.238879393321152,5.633067796338434,0.5833333333333334,4.469791111245266,4.847025458588606,0.5416666666666666,True,False,4.97873938748618,0.3447182074724123,True,False,5.160170022997976,0.3447182074724123,True,False,5.160170022997976,0.3447182074724123,True,False,5.214599213651514,0.3447182074724123,True
XAUUSD,body60_filter,シグナル足の実体がローソク足全体の60%以上の時だけ入る,0,2016-04-29 01:00:00,2016-04-29 02:00:00,2016-05-02 09:00:00,long,3m,1270.222,1273.921,1265.8337620573666,1298.1827138279004,1298.1827138279004,3.000000000000003,2.956721936156346,30,TP,1273.921,4.043618971316728,0.9147746180435887,2.388949124168902,1.5876866850067037,0.664596273291943,0.7060041407867536,0.29399585921324645,0.7060041407867536,1.1992018536974953,0.7540275237671885,2.0380258522025034,0.3333333333333333,1.4741745061253697,2.2484808940936047,0.5,4.1025131491551114,4.209100837821458,0.5833333333333334,7.888478174196747,7.382248478837189,0.5416666666666666,False,True,0.14640350740250996,1.6910594317874863,False,True,0.14640350740250996,1.6910594317874863,False,True,0.14640350740250996,1.6910594317874863,False,True,0.6954166601618379,1.6910594317874863,False
XAUUSD,body60_filter,シグナル足の実体がローソク足全体の60%以上の時だけ入る,0,2016-05-24 15:00:00,2016-05-24 16:00:00,2016-05-27 02:00:00,short,3m,1231.298,1230.86,1237.0877673259806,1212.1766980220575,1212.1766980220575,3.000000000000004,2.9438000840943443,55,TP,1230.859,3.1138836629903945,0.14098150332902543,1.6477815343533317,1.1304211656448258,0.6860261157668921,0.889300331319436,0.11069966868056405,0.889300331319436,0.9820038740740973,2.733242767273615,2.370030739334938,1.0,3.4750816572280185,3.8084274441426786,1.0,4.582701714134013,4.580132575121245,0.8333333333333334,6.073123483951556,5.32807317023112,0.7083333333333334,False,True,0.2087425447923987,0.8439621657143572,False,True,0.2087425447923987,0.8439621657143572,False,True,0.2087425447923987,0.8738284067385202,False,True,0.2087425447923987,1.5735976453578184,False
XAUUSD,body60_filter,シグナル足の実体がローソク足全体の60%以上の時だけ入る,0,2016-07-05 22:00:00,2016-07-05 23:00:00,2016-07-08 12:00:00,long,3m,1358.229,1359.449,1350.7298508548581,1385.6064474354257,1350.7298508548581,-1.0000000000000084,-1.0401415314928086,59,SL,1359.44,4.359574572570941,0.27777939793007334,1.140248874575046,0.9822059305834879,0.8613960973647454,0.8613960973647454,0.13860390263525454,0.8613960973647454,1.0671535396255327,0.8326500532503077,0.9725719630251866,0.3333333333333333,3.528096547945808,1.9866617386229197,0.6666666666666666,3.528096547945808,3.2110931392428257,0.6666666666666666,4.4754366911755525,1.9774865314245773,0.6666666666666666,False,True,0.1880917475662289,1.1927769357856142,False,True,0.1880917475662289,1.2159443339614235,False,True,0.1880917475662289,2.68833570911679,False,True,0.1880917475662289,2.68833570911679,False
XAUUSD,body60_filter,シグナル足の実体がローソク足全体の60%以上の時だけ入る,0,2016-08-25 12:00:00,2016-08-25 13:00:00,2016-08-26 02:00:00,short,3m,1320.829,1319.409,1324.1072989914935,1305.3141030255201,1324.1072989914935,-1.0000000000000147,-1.0744950461079446,12,SL,1319.388,2.349149495746667,0.6134134939513568,2.294447420123292,1.592065556820285,0.6938775510204263,0.7441558441558557,0.2558441558441443,0.7441558441558557,0.9025010052081172,1.7934150243004785,1.7027439110377338,0.6666666666666666,1.796394826144724,2.6064752418210313,0.5,1.8181048110105225,2.883596813342451,0.5,6.974439059610467,7.611265282338716,0.625,True,False,1.3111128114991208,0.0808803357742188,True,False,1.489900922158017,0.0808803357742188,True,False,1.8061856036333466,0.0808803357742188,True,False,1.8061856036333466,0.0808803357742188,True
XAUUSD,body60_filter,シグナル足の実体がローソク足全体の60%以上の時だけ入る,0,2016-10-04 12:00:00,2016-10-04 13:00:00,2016-10-04 16:00:00,short,3m,1306.199,1291.86,1298.5264033166166,1271.86079005015,1271.86079005015,2.999999999999986,2.947497926036395,3,TP,1291.831,3.333201658308342,4.3105702783347875,4.974496505085459,4.775288635875184,0.9599541644050562,0.9756950726735544,0.024304927326445628,0.9756950726735544,1.3338269048092453,0.8490335389537844,4.934594928873202,0.6666666666666666,1.4316565540237394,5.090601091507806,0.6666666666666666,1.590362823319331,5.528318382438391,0.5,3.4213351513174652,7.6560024312934445,0.5833333333333334,False,True,0.40471598729637054,3.0910221031237683,False,True,0.40471598729637054,3.0910221031237683,False,True,0.40471598729637054,5.394513096794049,False,True,0.40471598729637054,7.4885958183124615,False
XAUUSD,body60_filter,シグナル足の実体がローソク足全体の60%以上の時だけ入る,0,2016-11-11 14:00:00,2016-11-11 15:00:00,2016-11-23 13:00:00,short,3m,1246.058,1235.911,1249.967701914633,1193.7408942561015,1193.7408942561015,3.0000000000000018,2.9751008449830065,183,TP,1235.952,7.028350957316429,1.4378906320094573,3.357686624261934,3.2136983678208604,0.9571168269841965,0.9949150387728339,0.005084961227166032,0.9949150387728339,1.1632745838103757,0.9019185351581112,3.267765104429187,0.3333333333333333,1.1974359349882755,2.7431754784427382,0.5,1.9446951472694556,3.4019359797492834,0.5,4.6793337725635205,5.729651271622882,0.5,False,True,0.836327046799079,0.9534242158218296,False,True,0.836327046799079,1.6453361635224109,False,True,0.836327046799079,1.6453361635224109,False,True,0.836327046799079,2.4063966217272887,False
XAUUSD,body60_filter,シグナル足の実体がローソク足全体の60%以上の時だけ入る,0,2017-01-05 15:00:00,2017-01-05 16:00:00,2017-01-06 06:00:00,long,3m,1180.189,1181.329,1174.0427774095067,1203.18766777148,1174.0427774095067,-0.9999999999999911,-1.048035864352639,14,SL,1181.329,3.643111295246659,0.31291934492566426,1.6768634018869057,1.1987006835881724,0.7148469471271921,0.8626616467507036,0.1373383532492965,0.8626616467507036,1.2169452205040754,2.268390760057847,2.3276807412016973,1.0,2.3526593906650355,2.3490910121702906,0.6666666666666666,2.4314382082033568,2.187964998598903,0.6666666666666666,5.116780270842027,4.3446380627052275,0.5416666666666666,False,True,0.13093204169255723,1.0180858336223133,False,True,0.13093204169255723,1.0180858336223133,False,True,0.42299009695656464,1.0180858336223133,True,False,0.5520007040750621,1.0180858336223133,False
XAUUSD,body60_filter,シグナル足の実体がローソク足全体の60%以上の時だけ入る,0,2017-02-02 10:00:00,2017-02-02 11:00:00,2017-02-02 16:00:00,long,3m,1219.931,1222.259,1215.839453962366,1241.5176381129022,1215.839453962366,-0.999999999999997,-1.0545209891709273,5,SL,1222.242,3.2097730188170415,0.7199886055655232,2.0652550697940057,1.4748706442004533,0.7141348619701299,0.7592397043294574,0.24076029567054252,0.7592397043294574,1.1645054861684663,1.9602632220763156,2.4967497555180547,1.0,1.9602632220763156,2.291127739216386,0.6666666666666666,3.0282515128070715,4.330835831227489,0.6666666666666666,6.203865470630358,3.4684695567984725,0.5416666666666666,False,False,0.5589180261291641,0.09533384392171632,False,False,0.8598738863526201,0.09533384392171632,False,True,0.8598738863526201,0.9489767600833809,True,False,2.172739305588092,0.9489767600833809,False
XAUUSD,body60_filter,シグナル足の実体がローソク足全体の60%以上の時だけ入る,0,2017-02-23 13:00:00,2017-02-23 14:00:00,2017-02-27 16:00:00,long,3m,1244.708,1248.468,1243.6603992440914,1262.890802267726,1262.890802267726,2.999999999999987,2.9271986136598307,49,TP,1248.488,2.403800377954336,1.5725099449467594,2.6915712549750395,2.22522637447633,0.826738794435879,0.9658423493044818,0.03415765069551819,0.9658423493044818,1.142028836587146,2.6707708588777845,4.445460653889266,1.0,3.1566681117079476,4.954238342426259,0.8333333333333334,3.282718512056807,4.734170151718101,0.5833333333333334,5.17513854897819,4.085197793486123,0.5416666666666666,False,False,0.8428320498577416,0.3120059414576926,False,True,1.027539567200679,0.49213737165926413,False,True,1.027539567200679,1.0774605178338645,False,True,1.027539567200679,1.0774605178338645,False
XAUUSD,body60_filter,シグナル足の実体がローソク足全体の60%以上の時だけ入る,0,2017-05-03 19:00:00,2017-05-03 20:00:00,2017-05-07 22:00:00,short,3m,1243.691,1239.568,1245.150214460037,1222.821356619889,1222.821356619889,2.9999999999999916,2.9373008682296553,47,TP,1239.542,2.791107230018505,1.4865068440858888,2.7447888485277816,2.693912981605567,0.9814645607622958,0.9945176869860441,0.0054823130139558815,0.9945176869860441,1.4274641344176588,2.88165209616357,2.986628356784682,0.6666666666666666,3.0095583249749955,4.315849950315304,0.8333333333333334,3.6189938857824333,5.087228411466632,0.75,4.223055235295237,5.982930293899656,0.7083333333333334,False,True,0.18953051832282672,1.3116658366348608,False,True,0.18953051832282672,1.3116658366348608,False,True,0.18953051832282672,1.3116658366348608,False,False,0.6151680528550365,1.3116658366348608,False
XAUUSD,body60_filter,シグナル足の実体がローソク足全体の60%以上の時だけ入る,0,2017-08-09 12:00:00,2017-08-09 13:00:00,2017-08-11 12:00:00,long,3m,1274.061,1274.839,1269.631668679231,1290.4609939623067,1290.4609939623067,3.0000000000000115,2.9327870691453533,45,TP,1274.839,2.60366566038445,0.298809486885172,2.6796835347015655,2.1577271173789647,0.8052171420381061,0.8052171420381061,0.19478285796189387,0.8052171420381061,1.234225367469032,1.3254389964533528,2.7269246232450377,0.3333333333333333,2.044809393543233,3.2607873311761537,0.6666666666666666,3.3264639664684132,3.397901710119592,0.5833333333333334,7.091540315999558,4.24401649110675,0.5416666666666666,True,False,1.7171943648632013,0.12021512775718106,True,False,1.7248758426751523,0.12021512775718106,True,False,1.7248758426751523,0.12021512775718106,True,True,1.7248758426751523,1.4783004049113693,True
XAUUSD,body60_filter,シグナル足の実体がローソク足全体の60%以上の時だけ入る,0,2017-08-28 14:00:00,2017-08-28 15:00:00,2017-08-28 22:00:00,long,3m,1300.828,1303.672,1298.525965850609,1319.1101024481732,1319.1101024481732,3.000000000000008,2.9319864598952354,6,TP,1303.672,2.5730170746955165,1.1053171889022935,2.607833452016279,2.0015413230825634,0.7675111773472523,0.9126676602086424,0.08733233979135761,0.9126676602086424,1.1626077483478097,1.0610112256340463,2.1492278673099663,0.6666666666666666,1.4251751517949356,2.654471308088062,0.8333333333333334,2.195865723381838,3.6742857608586643,0.6666666666666666,9.083111118788729,8.96262999060311,0.5833333333333334,False,True,0.019821088830499142,1.5429357383762508,False,True,0.019821088830499142,1.5429357383762508,False,True,0.019821088830499142,2.4679198838007514,False,True,0.019821088830499142,3.2646499250277596,False
XAUUSD,body60_filter,シグナル足の実体がローソク足全体の60%以上の時だけ入る,0,2017-11-17 17:00:00,2017-11-17 18:00:00,2017-11-20 13:00:00,long,3m,1291.038,1293.399,1288.8026539139905,1307.1880382580277,1288.8026539139905,-1.0000000000000135,-1.0761474426535362,18,SL,1293.421,2.29817304300465,1.0369106048187238,1.757482976442612,1.526865007263474,0.8687794008417988,0.9752413963852663,0.024758603614733688,0.9752413963852663,1.160241054943564,2.7513158851316746,3.502347233816933,1.0,3.746454178551909,4.529685017273532,0.6666666666666666,3.955315735544355,5.02964736932413,0.5833333333333334,5.60445177929713,5.921660268979413,0.5416666666666666,False,True,0.03916154193614542,1.5316514179445364,False,True,0.17970796466224814,1.5316514179445364,False,True,0.17970796466224814,1.5316514179445364,False,True,0.7610392982912058,1.5316514179445364,False
XAUUSD,body60_filter,シグナル足の実体がローソク足全体の60%以上の時だけ入る,0,2017-11-27 13:00:00,2017-11-27 14:00:00,2017-11-27 14:00:00,long,3m,1296.941,1298.318,1294.2874715806788,1310.4095852579635,1294.2874715806788,-1.0000000000000084,-1.0868372490124063,0,SL,1298.318,2.015264209660569,0.6832850965144073,1.9570634863130305,1.5466954581230608,0.7903144016226709,0.9305273833671142,0.0694726166328858,0.9305273833671142,1.024846266940223,1.9084346268660155,2.083597763445274,1.0,3.1395387114355864,3.7052213621446377,1.0,4.52893469563339,4.593442366328342,0.8333333333333334,5.050950615410526,4.3205252980036795,0.5416666666666666,True,False,2.6830228880562643,0.4217809237742949,True,False,3.06461057085917,0.4217809237742949,True,False,3.06461057085917,0.4217809237742949,True,False,3.06461057085917,0.4217809237742949,True
XAUUSD,body60_filter,シグナル足の実体がローソク足全体の60%以上の時だけ入る,0,2017-12-05 14:00:00,2017-12-05 15:00:00,2017-12-07 12:00:00,short,3m,1269.902,1267.628,1271.9697996953525,1254.6026009139423,1254.6026009139423,2.99999999999998,2.919388266488926,43,TP,1266.891,2.1708998476762864,1.3869824548667766,3.483808803107834,3.210650186124735,0.921591960862083,0.9230464101546874,0.07695358984531264,0.9230464101546874,0.9036243640752765,2.1921785130226112,4.113962239925293,0.6666666666666666,2.1921785130226112,3.910820671477607,0.5,2.1921785130226112,4.107513301244459,0.5833333333333334,2.3672211343608818,3.1189831291607404,0.5,False,True,1.0263025272145425,1.515500590007205,False,True,1.0263025272145425,2.744944685669643,False,True,1.0263025272145425,2.744944685669643,False,True,1.0263025272145425,2.744944685669643,False
XAUUSD,body60_filter,シグナル足の実体がローソク足全体の60%以上の時だけ入る,0,2018-01-24 08:00:00,2018-01-24 09:00:00,2018-01-24 18:00:00,long,3m,1344.672,1347.019,1342.7121213495539,1359.9396359513382,1359.9396359513382,2.9999999999999782,2.91873465021728,9,TP,1346.992,2.1534393252230535,1.0773463514044588,2.3316189786215045,1.764619023852158,0.7568213503286171,0.7649870543716245,0.23501294562837552,0.7649870543716245,0.8766051766958046,1.8268450631143205,2.298648465281149,0.6666666666666666,1.8268450631143205,2.554518223739683,0.6666666666666666,3.076009582630757,2.977098042609585,0.6666666666666666,5.823242778712174,4.784903795203317,0.5416666666666666,False,True,0.14534888275408173,1.179508505416966,False,True,0.14534888275408173,1.6763880726596294,False,True,0.14534888275408173,1.8045551386025027,False,True,0.14534888275408173,3.886805586748144,False
XAUUSD,body60_filter,シグナル足の実体がローソク足全体の60%以上の時だけ入る,0,2018-03-01 12:00:00,2018-03-01 13:00:00,2018-03-01 14:00:00,short,3m,1307.018,1306.491,1310.8493646609056,1293.4159060172829,1310.8493646609056,-0.9999999999999747,-1.0803053501097566,1,SL,1306.492,2.179182330452873,0.24137493804419527,2.156772260090463,1.8796040802830765,0.87148936170212,0.87148936170212,0.12851063829788,0.87148936170212,0.9123724810277338,0.9168576543959162,1.9667927461165449,0.6666666666666666,2.3678606089503953,3.5086554682237088,0.6666666666666666,3.6467806704125523,4.059320726119162,0.6666666666666666,5.736555324125653,5.941219244976852,0.625,True,False,1.8107709230462101,0.8416000691502129,True,False,2.2756241782529005,0.8416000691502129,True,True,2.2756241782529005,1.7134867274845844,True,False,2.926326957999287,1.7134867274845844,True
XAUUSD,body60_filter,シグナル足の実体がローソク足全体の60%以上の時だけ入る,0,2018-03-23 06:00:00,2018-03-23 07:00:00,2018-03-28 10:00:00,long,3m,1341.042,1342.851,1336.9802927499838,1360.4631217500487,1336.9802927499838,-1.0000000000000089,-1.0596180298377544,72,SL,1342.888,2.9353536250081076,0.6288850461739188,1.76401233428419,1.5875429659644444,0.8999613750482338,0.941869447663161,0.0581305523368389,0.941869447663161,1.2318811978804232,0.5348588962584022,1.51770470244028,0.6666666666666666,2.5107707423086154,1.4638781383582555,0.6666666666666666,4.880842934200279,5.490309536369906,0.75,4.880842934200279,5.031761718303765,0.6666666666666666,True,False,1.2431210907305277,0.0010220233686999626,True,False,1.5725532898910044,0.0010220233686999626,True,False,1.5725532898910044,0.0010220233686999626,True,True,1.5725532898910044,1.6434135767838687,True
XAUUSD,body60_filter,シグナル足の実体がローソク足全体の60%以上の時だけ入る,0,2018-04-11 14:00:00,2018-04-11 15:00:00,2018-04-11 18:00:00,long,3m,1356.788,1359.002,1352.5745706681812,1378.284287995456,1352.5745706681812,-1.000000000000012,-1.054454118735706,3,SL,1359.002,3.21371466590934,0.6889223936044356,2.417762871863863,2.033161210393594,0.8409266409266272,0.9898326898326961,0.010167310167303871,0.9898326898326961,1.2355325824591774,2.7447987506706535,3.1875885275898668,1.0,3.9374995341782997,4.9018041853888485,0.8333333333333334,4.734085499682981,5.86268600627888,0.9166666666666666,6.006756046133892,6.2805824717760945,0.7083333333333334,False,True,0.19634599384115292,1.9198966434234552,False,False,1.1205101803837214,1.9198966434234552,True,False,1.5374731467026321,1.9198966434234552,True,False,3.570323190703458,1.9198966434234552,True
XAUUSD,body60_filter,シグナル足の実体がローソク足全体の60%以上の時だけ入る,0,2018-05-15 12:00:00,2018-05-15 13:00:00,2018-05-21 06:00:00,short,3m,1301.678,1297.528,1302.232888276837,1283.4133351694893,1283.4133351694893,2.9999999999999867,2.9256092856182545,85,TP,1297.528,2.3524441384184636,1.7641226553375737,4.344417719891483,3.987342290859246,0.9178082191780682,0.9267123287671212,0.07328767123287883,0.9267123287671212,1.0828087199204102,1.9766675535710119,5.237106292471885,0.6666666666666666,2.57179326862458,5.964009844430258,0.8333333333333334,3.6987063190582967,7.128755886749501,0.6666666666666666,6.40610323275589,9.041659970850443,0.75,False,True,0.32731914327948675,2.4102591459672174,False,True,0.32731914327948675,2.4102591459672174,False,True,0.32731914327948675,2.4102591459672174,False,True,0.32731914327948675,3.7688461354753158,False
XAUUSD,body60_filter,シグナル足の実体がローソク足全体の60%以上の時だけ入る,0,2018-07-13 11:00:00,2018-07-13 12:00:00,2018-07-13 12:00:00,short,3m,1237.949,1237.902,1241.9384930230171,1225.7925209309487,1241.9384930230171,-0.9999999999999939,-1.0867089322350667,0,SL,1237.849,2.018246511508563,0.04954796127723278,1.9229563771668232,1.4908981548299076,0.7753156402988787,0.9842824014429475,0.01571759855705242,0.9842824014429475,1.0411010391979951,1.6152635376355806,1.5112128189535157,0.6666666666666666,3.55308430318554,3.9440177176623665,0.6666666666666666,4.414723349795459,3.993070199326727,0.6666666666666666,4.647598767798148,2.5660889145444283,0.5416666666666666,True,False,2.8088739248025423,0.7486696948979498,True,False,2.884682305556615,0.7486696948979498,True,False,2.884682305556615,0.7486696948979498,True,False,2.884682305556615,0.7486696948979498,True
XAUUSD,body60_filter,シグナル足の実体がローソク足全体の60%以上の時だけ入る,0,2018-08-13 07:00:00,2018-08-13 08:00:00,2018-08-15 02:00:00,short,3m,1204.5,1204.468,1209.0490020123293,1190.7249939630124,1190.7249939630124,2.999999999999981,2.9235975013636235,40,TP,1204.469,2.2905010061646327,0.013534156901270055,2.1654651042067825,1.4795889593057474,0.6832661290322322,0.826411290322561,0.17358870967743897,0.826411290322561,1.1477375591846222,1.0665788809632233,1.637196399349874,0.3333333333333333,1.161754564978696,1.8070282391757222,0.6666666666666666,2.903294948180483,3.1521488008816356,0.6666666666666666,4.978823396849588,1.8118306819471341,0.4583333333333333,True,False,0.6675395452282537,0.45404913475301584,True,True,0.6675395452282537,1.4586328453941675,True,True,0.6675395452282537,1.4979255589785287,True,True,0.6675395452282537,4.217417924725311,True
XAUUSD,body60_filter,シグナル足の実体がローソク足全体の60%以上の時だけ入る,0,2018-09-27 12:00:00,2018-09-27 13:00:00,2018-09-28 15:00:00,short,3m,1187.698,1187.028,1191.8400742800775,1172.5917771597678,1191.8400742800775,-1.000000000000015,-1.0727337068443132,25,SL,1186.978,2.4060371400386975,0.29924725101643573,2.9633790274265817,2.664131776410051,0.8990182328190401,0.9537166900420547,0.04628330995794524,0.9537166900420547,1.1826333646919365,1.8632297587592819,3.6865598840495166,1.0,1.8632297587592819,3.366531573934737,0.6666666666666666,2.3399472544756974,3.869433204115132,0.5,4.0190568296233025,4.335344549100466,0.4583333333333333,False,True,0.0502901630179828,1.5419545850985354,False,True,0.3383156421212845,1.7830148706395137,False,True,0.3383156421212845,2.0689622438330284,False,True,0.3383156421212845,2.0689622438330284,False
XAUUSD,body60_filter,シグナル足の実体がローソク足全体の60%以上の時だけ入る,0,2018-10-11 14:00:00,2018-10-11 15:00:00,2018-10-23 11:00:00,long,3m,1212.609,1215.888,1208.8163813053332,1237.1028560840002,1237.1028560840002,2.999999999999995,2.9505063811961283,180,TP,1215.879,3.5358093473333896,0.9248236199347474,3.06011974547216,2.282645699233427,0.7459334565619187,0.9326247689463913,0.0673752310536087,0.9326247689463913,1.6107130781834404,2.144912028619333,3.4277866280150153,0.6666666666666666,3.8248668611613756,5.025157822324312,0.6666666666666666,5.252262827464348,6.5588943638858295,0.5833333333333334,6.802968609758598,7.765407379984216,0.625,False,True,0.2887599131355791,1.363195672197449,False,True,0.2887599131355791,1.363195672197449,False,True,0.2887599131355791,2.648050016345303,False,True,0.2887599131355791,2.9421835223795867,False
XAUUSD,body60_filter,シグナル足の実体がローソク足全体の60%以上の時だけ入る,0,2018-12-04 04:00:00,2018-12-04 05:00:00,2018-12-07 19:00:00,long,3m,1236.418,1236.965,1232.933655299046,1249.0590341028617,1249.0590341028617,3.0000000000000226,2.913180334116001,83,TP,1236.953,2.0156723504769465,0.26542012141680205,0.8270193315919983,0.7714547454263194,0.9328134373126225,0.9988002399520379,0.0011997600479620916,0.9988002399520379,0.9994808494043331,2.341650416985273,1.0095886861366938,1.0,2.7797176454170685,3.283271707544132,0.8333333333333334,2.993045967303469,1.983457281166775,0.5,6.06398157771425,6.036695397007709,0.625,False,True,0.34975922541831306,0.358193135818498,False,True,0.34975922541831306,0.6608216854713171,False,False,0.34975922541831306,0.677193393895106,False,True,0.42913720565514213,2.0548974633798873,False
XAUUSD,body60_filter,シグナル足の実体がローソク足全体の60%以上の時だけ入る,0,2019-03-01 16:00:00,2019-03-01 17:00:00,2019-03-04 14:00:00,short,3m,1302.288,1301.328,1307.0390463621502,1284.194860913549,1284.194860913549,2.9999999999999933,2.9387152584997764,20,TP,1301.325,2.8555231810751582,0.33724117751247873,1.6434816677737425,1.4543744654303024,0.8849350095887566,0.9424675047943782,0.057532495205621724,0.9424675047943782,1.3489449513098293,2.7403034413657905,1.5163596039761795,0.6666666666666666,2.7403034413657905,2.6264889214368448,0.6666666666666666,3.2141220427930204,4.125338599270128,0.6666666666666666,5.254728835488018,4.902779320015443,0.7083333333333334,False,True,0.17509926142912297,1.063552913920505,False,True,0.17509926142912297,1.8648071342201755,False,True,0.17509926142912297,3.2393363364387753,False,True,0.17509926142912297,3.9316788161295584,False
XAUUSD,body60_filter,シグナル足の実体がローソク足全体の60%以上の時だけ入る,0,2019-04-16 12:00:00,2019-04-16 13:00:00,2019-04-23 13:00:00,short,3m,1280.848,1279.075,1283.1694050723752,1266.7917847828744,1266.7917847828744,2.9999999999999893,2.9145174955058515,92,TP,1279.075,2.0472025361876147,0.8660598883887985,3.2092574544357797,2.6831736982063483,0.8360730593607293,0.8665144596651505,0.1334855403348495,0.8665144596651505,1.092595742168367,1.2055475490940366,2.175163385784259,0.3333333333333333,2.3681096102138004,3.62592360491279,0.5,2.8453462210180733,3.9908117812389765,0.75,3.717267766857869,3.2385657416908744,0.6666666666666666,False,True,0.22469686895594973,2.84290386374676,False,True,0.22469686895594973,2.84290386374676,False,True,0.22469686895594973,2.84290386374676,False,True,0.22469686895594973,3.013868872735036,False
XAUUSD,body60_filter,シグナル足の実体がローソク足全体の60%以上の時だけ入る,0,2019-05-13 13:00:00,2019-05-13 14:00:00,2019-05-16 12:00:00,long,3m,1295.708,1297.348,1292.1794707342267,1312.8535877973197,1292.1794707342267,-0.999999999999993,-1.0677175231100746,67,SL,1297.348,2.5842646328866477,0.634609930859897,3.2620498275300265,2.294656640243611,0.7034400948991908,0.7271648873072362,0.27283511269276384,0.7271648873072362,1.3702161608051386,3.3703978645061925,5.390314839560422,0.6666666666666666,3.7612247121699363,5.259910237914118,0.5,3.7612247121699363,4.7789223451952925,0.4166666666666667,3.7612247121699363,3.517441628973695,0.375,False,True,0.6628578119286989,0.5146531756364797,False,True,0.6628578119286989,0.6462186491074126,False,True,0.6628578119286989,1.2576111434724546,False,True,0.6628578119286989,1.4770159183490363,False
XAUUSD,body60_filter,シグナル足の実体がローソク足全体の60%以上の時だけ入る,0,2019-07-18 19:00:00,2019-07-18 20:00:00,2019-07-19 11:00:00,long,3m,1439.138,1445.848,1436.1680618046964,1474.8878145859105,1436.1680618046964,-0.9999999999999994,-1.0361572556496221,14,SL,1445.788,4.839969097651763,1.3739757146851437,2.262411139218373,1.681828919930384,0.743378995433796,0.7966210045662028,0.20337899543379725,0.7966210045662028,1.4425313528725288,2.5089003163039867,4.0357695691645725,0.6666666666666666,4.471102927185901,5.706648005955385,0.8333333333333334,4.787220648008187,5.3188356125021174,0.6666666666666666,4.787220648008187,4.882262577144308,0.4583333333333333,False,True,0.2665306273599641,0.1859516004837199,False,False,1.4964971581149284,1.4669515149269565,False,False,1.4964971581149284,1.4669515149269565,False,False,1.4964971581149284,1.4669515149269565,False
XAUUSD,body60_filter,シグナル足の実体がローソク足全体の60%以上の時だけ入る,0,2019-08-25 22:00:00,2019-08-25 23:00:00,2019-08-26 07:00:00,long,3m,1534.948,1547.408,1535.444101224253,1583.2996963272403,1535.444101224253,-1.0000000000000047,-1.029254677472674,8,SL,1547.428,5.981949387873414,2.0862764277644055,3.304942706482548,2.031110464530263,0.6145675265553922,0.6145675265553922,0.3854324734446079,0.6145675265553922,1.8514916116373261,0.8325045360790675,3.3567652780055712,0.3333333333333333,1.8706276623945335,3.2481050473928264,0.5,5.930006708500564,8.529493763928157,0.6666666666666666,6.137296994592541,8.279909572690006,0.5,False,False,0.6987688676326391,0.17218467312478186,False,False,0.6987688676326391,0.3042486457156314,False,False,0.966240204525534,0.3042486457156314,False,False,1.5680507125344811,0.3042486457156314,False
XAUUSD,body60_filter,シグナル足の実体がローソク足全体の60%以上の時だけ入る,0,2019-09-04 17:00:00,2019-09-04 18:00:00,2019-09-05 01:00:00,long,3m,1555.048,1555.515,1546.7774017514296,1581.727794745712,1546.7774017514296,-0.9999999999999919,-1.0400567741893285,6,SL,1555.505,4.368799124285296,0.10460540459728032,2.2752247739534526,1.8373470081010426,0.8075452716297786,0.8538229376257579,0.1461770623742421,0.8538229376257579,1.0531031977458978,1.2326041657685367,2.0502201509357354,1.0,3.4833370835033306,4.51153725298012,0.8333333333333334,3.4833370835033306,3.1649429526613897,0.5,3.712690727718799,2.2104472476930304,0.4583333333333333,True,False,0.750091708676612,0.2616279594193492,True,False,0.750091708676612,0.2616279594193492,True,False,0.8714065105071211,0.2616279594193492,True,False,1.8648145104023184,0.2616279594193492,True
XAUUSD,body60_filter,シグナル足の実体がローソク足全体の60%以上の時だけ入る,0,2019-11-07 15:00:00,2019-11-07 16:00:00,2019-11-12 15:00:00,short,3m,1473.925,1469.665,1477.6431233416884,1445.730629974935,1445.730629974935,3.000000000000002,2.9561300339678565,68,TP,1469.675,3.989061670844153,1.0654134607802712,4.166393345451349,3.6231578232134662,0.869614921780979,0.895908543922984,0.104091456077016,0.895908543922984,1.3895958703235454,1.6928793177997872,3.7184183208832593,0.3333333333333333,1.7781123946622452,4.02350259894666,0.5,2.79589560660762,5.424834656772982,0.5,3.2897460813693056,4.381982892809214,0.4166666666666667,False,True,0.46376821233968163,2.0924720369724477,False,True,0.46376821233968163,2.300541018724812,False,True,0.46376821233968163,2.300541018724812,False,True,0.46376821233968163,2.300541018724812,False
XAUUSD,body60_filter,シグナル足の実体がローソク足全体の60%以上の時だけ入る,0,2019-12-24 01:00:00,2019-12-24 02:00:00,2019-12-24 15:00:00,long,3m,1486.708,1487.528,1484.1940128034678,1497.5299615895965,1497.5299615895965,2.999999999999987,2.895020592651276,13,TP,1487.515,1.6669935982660866,0.48410503845930336,1.9298214482324596,1.6058849912708724,0.8321417469692424,1.0,0.0,1.0,0.993101384800124,0.7978434958498454,1.337737590785915,0.3333333333333333,1.3275395912148698,1.7396587503494365,0.6666666666666666,3.3431442123094026,3.2795566855724974,0.5833333333333334,4.649088039726797,5.0750044923985635,0.6666666666666666,False,True,0.19796116814329828,1.2297587717986738,False,True,0.19796116814329828,1.2297587717986738,False,True,0.19796116814329828,1.2297587717986738,False,True,0.19796116814329828,2.2555575521771245,False
XAUUSD,body60_filter,シグナル足の実体がローソク足全体の60%以上の時だけ入る,0,2020-02-18 15:00:00,2020-02-18 16:00:00,2020-02-20 12:00:00,long,3m,1593.488,1600.698,1594.8231348548848,1618.3225954353459,1618.3225954353459,2.9999999999999836,2.940424164409758,42,TP,1600.698,2.9374325725576464,2.4545244263163566,3.870727146632056,3.7457881085657583,0.9677220756376466,0.9929639401934981,0.0070360598065018825,0.9929639401934981,1.278980079272453,2.363628722873001,4.784109814566415,0.3333333333333333,2.363628722873001,4.102221822068293,0.5,2.8392141075559096,4.742236512980143,0.4166666666666667,4.54580647220559,6.949265896587456,0.5,False,True,0.2314946754362372,1.4706720557124064,False,True,0.2314946754362372,1.4706720557124064,False,False,0.2314946754362372,1.4706720557124064,False,True,0.24613330932415642,1.4706720557124064,False
XAUUSD,body60_filter,シグナル足の実体がローソク足全体の60%以上の時だけ入る,0,2020-11-23 14:00:00,2020-11-23 15:00:00,2020-11-24 11:00:00,short,3m,1850.398,1841.498,1852.6824374822002,1807.9446875533995,1807.9446875533995,3.0000000000000067,2.9687065173767495,19,TP,1841.538,5.592218741100081,1.5843443202396967,4.856748503127586,4.545065416200078,0.9358247422680431,0.9775405007363805,0.022459499263619412,0.9775405007363805,1.1945554322376652,1.1819995436551598,4.406122353352903,0.3333333333333333,2.263859942915905,4.89966527929665,0.6666666666666666,2.43910344560608,5.621561218439701,0.4166666666666667,3.079278690127306,4.60228778442547,0.5,False,True,0.29558929586413996,1.428771006627013,False,True,0.29558929586413996,1.9241021315778009,False,True,0.29558929586413996,1.9241021315778009,False,True,0.29558929586413996,1.9241021315778009,False
XAUUSD,body60_filter,シグナル足の実体がローソク足全体の60%以上の時だけ入る,0,2021-01-03 23:00:00,2021-01-04 00:00:00,2021-01-04 13:00:00,long,3m,1906.638,1913.025,1904.0991017782412,1939.802694665277,1939.802694665277,3.0000000000000004,2.9607882600378606,13,TP,1913.035,4.462949110879473,1.433357145929805,2.5924561792101506,1.8008271661462563,0.6946413137424442,0.8424373379429667,0.15756266205703331,0.8424373379429667,0.9088304227674291,1.1584268320239188,4.045979362834744,0.3333333333333333,1.9298898073930246,5.231966446374909,0.5,4.9368700947742346,6.6547924392862585,0.6666666666666666,4.9368700947742346,6.744419273485421,0.6666666666666666,False,True,0.7118611306267106,0.10598373144047492,False,True,0.7118611306267106,1.259257020497912,False,True,0.7118611306267106,1.9583463272512414,False,True,0.7118611306267106,2.713452405378983,False
XAUUSD,body60_filter,シグナル足の実体がローソク足全体の60%以上の時だけ入る,0,2021-02-04 14:00:00,2021-02-04 15:00:00,2021-02-05 07:00:00,short,3m,1802.948,1785.738,1799.511310901729,1744.4180672948132,1799.511310901729,-1.0000000000000042,-1.025411464425468,15,SL,1785.745,6.88665545086448,2.498019557206207,3.3941003970317536,3.2756103686250952,0.9650894155899802,0.973175323008473,0.026824676991526998,0.973175323008473,1.1012258761164417,1.918057334833226,3.901748852068261,0.3333333333333333,2.919995075036845,5.247830424776581,0.6666666666666666,3.01626822311728,5.36051211845746,0.5833333333333334,5.21675583399343,7.594397654007066,0.5833333333333334,False,False,1.4085211710108725,0.1244435715006465,False,False,1.4085211710108725,0.1244435715006465,False,False,1.4085211710108725,0.1244435715006465,False,False,1.4584728496529147,0.1244435715006465,False
XAUUSD,body60_filter,シグナル足の実体がローソク足全体の60%以上の時だけ入る,0,2021-06-29 12:00:00,2021-06-29 13:00:00,2021-06-29 16:00:00,short,3m,1760.767,1754.678,1765.700972345876,1721.6090829623727,1765.700972345876,-0.9999999999999983,-1.0317518713662626,3,SL,1754.678,5.511486172937916,1.1047836842806011,4.599485366482741,2.8540396376636217,0.6205128205128145,0.8347140039447705,0.16528599605522956,0.8347140039447705,1.3953289942711316,1.6238814213025992,3.118940964490643,0.3333333333333333,2.570994384341657,3.915459337621206,0.6666666666666666,2.6635284094661604,3.8084101713006735,0.6666666666666666,3.3947286472146962,3.6033838019071833,0.5416666666666666,False,False,0.821919870223541,0.6187078934795495,False,True,0.821919870223541,0.6187078934795495,True,False,1.6741400976937186,0.6187078934795495,True,False,2.0230478041925886,0.6187078934795495,True
XAUUSD,body60_filter,シグナル足の実体がローソク足全体の60%以上の時だけ入る,0,2021-08-06 12:00:00,2021-08-06 13:00:00,2021-08-08 22:00:00,short,3m,1789.407,1776.348,1785.6637664712696,1748.400700586191,1748.400700586191,2.999999999999992,2.9624292857619787,8,TP,1776.378,4.657883235634825,2.797193347467901,5.556171911310892,4.972215667154566,0.8948995363214831,0.9629057187016989,0.03709428129830109,0.9629057187016989,1.3987664864290479,1.1685565576995736,4.798316932681556,0.6666666666666666,1.5936423530780752,5.064532279282234,0.8333333333333334,1.9407957526371735,5.435945625749309,0.8333333333333334,4.330937247560826,7.86838101041514,0.75,False,True,-0.006440693869365319,2.8596680780007886,False,True,-0.006440693869365319,3.38222304060243,False,True,-0.006440693869365319,3.8193314645371,False,True,-0.006440693869365319,3.821478362493555,False
XAUUSD,body60_filter,シグナル足の実体がローソク足全体の60%以上の時だけ入る,0,2021-09-16 11:00:00,2021-09-16 12:00:00,2021-09-16 13:00:00,short,3m,1774.358,1771.207,1779.1807886613146,1747.2856340160565,1747.2856340160565,2.999999999999997,2.9561061855453716,1,TP,1771.227,3.9868943306572686,0.7853230460421282,2.1497936210882522,2.0667716063198456,0.9613814024034644,0.9813323999533212,0.01866760004667874,0.9813323999533212,1.0913654553301562,2.7913957775162395,3.353738246128926,0.6666666666666666,4.206281533735891,3.903037981303753,0.6666666666666666,5.20354899814462,5.954760279810603,0.6666666666666666,7.893361947923001,7.810841576748293,0.625,False,True,0.48157785001623543,2.726182110326538,False,True,0.48157785001623543,6.523624115142335,False,True,0.48157785001623543,6.523624115142335,False,True,0.48157785001623543,6.523624115142335,False
XAUUSD,body60_filter,シグナル足の実体がローソク足全体の60%以上の時だけ入る,0,2021-10-22 12:00:00,2021-10-22 13:00:00,2021-10-22 15:00:00,long,3m,1800.458,1805.728,1797.2599975013318,1831.1320074960054,1797.2599975013318,-0.9999999999999866,-1.0413320614932577,2,SL,1805.698,4.234001249334199,1.2376000127123261,3.677372556857024,3.1648549943406974,0.8606294155427197,0.928066795118825,0.07193320488117505,0.928066795118825,1.1294767902808767,1.0779401637441113,2.992441252111686,0.6666666666666666,2.038261089638834,3.0066122446236463,0.6666666666666666,2.7288607913889886,4.873404324867578,0.6666666666666666,4.3939524115458255,6.477088310805922,0.625,False,True,0.5739251967349286,0.9107224521028081,False,True,0.5739251967349286,1.5635328404876812,True,False,5.410957307488443,1.9012748286897236,True,False,5.410957307488443,1.9012748286897236,True
XAUUSD,body60_filter,シグナル足の実体がローソク足全体の60%以上の時だけ入る,0,2022-01-19 15:00:00,2022-01-19 16:00:00,2022-01-21 08:00:00,long,3m,1831.624,1838.168,1829.5146765787274,1864.1279702638171,1829.5146765787274,-1.0000000000000069,-1.0404468876246775,38,SL,1838.188,4.326661710636214,1.5171049735327873,2.867337644979808,2.574733303649482,0.8979526035789251,0.9669514750927086,0.03304852490729132,0.9669514750927086,1.3367052953374678,2.7194175988096707,4.7380639788881425,1.0,3.253085390382967,4.93914279165074,0.8333333333333334,4.20901868875766,6.150238169668979,0.75,4.20901868875766,4.643302699310413,0.5416666666666666,False,True,0.254237579355005,0.693375216422655,False,True,0.254237579355005,1.0114033156885074,False,True,0.254237579355005,1.0576283301166423,False,True,0.254237579355005,1.1856716200827129,False
XAUUSD,body60_filter,シグナル足の実体がローソク足全体の60%以上の時だけ入る,0,2022-02-11 18:00:00,2022-02-11 19:00:00,2022-02-15 12:00:00,long,3m,1853.748,1857.108,1846.356660410045,1889.3620187698648,1846.356660410045,-1.0000000000000058,-1.0325540828723525,39,SL,1857.048,5.3756697949774805,0.6138769913068626,3.871889605170037,3.0786861230692995,0.7951378879600304,0.8520226770442996,0.14797732295570046,0.8520226770442996,1.75536712052098,2.097599076962521,3.9511355440478626,1.0,2.9774894311690394,4.963846556373493,0.8333333333333334,3.71600205404428,6.36274200323036,0.75,3.865564811926292,4.081351875537207,0.5416666666666666,False,True,1.0566125183706263,0.9505792198721362,False,True,1.0566125183706263,1.549574344723088,False,True,1.0566125183706263,1.549574344723088,False,True,1.0566125183706263,1.549574344723088,False
XAUUSD,body60_filter,シグナル足の実体がローソク足全体の60%以上の時だけ入る,0,2022-03-06 23:00:00,2022-03-07 00:00:00,2022-03-07 13:00:00,long,3m,1974.398,1988.608,1972.6337282991042,2036.5308151026875,1972.6337282991042,-0.9999999999999939,-1.0219102320627493,13,SL,1988.608,7.987135850447934,1.7791108434950575,2.14920596336636,1.7698459453656588,0.8234882908074109,0.8397996038681108,0.1602003961318892,0.8397996038681108,1.099185475870836,0.7775002349123109,2.710358306824824,1.0,1.764086684366302,3.256486491154561,0.8333333333333334,3.8649649358685494,5.1969818439575075,0.75,5.1520345678973385,6.656954507292871,0.6666666666666666,False,False,0.22035433388819683,0.20783420128092425,False,True,0.22035433388819683,1.5439827531302732,False,False,0.2341264797561967,1.5439827531302732,False,False,0.682222025770884,1.5439827531302732,False
XAUUSD,body60_filter,シグナル足の実体がローソク足全体の60%以上の時だけ入る,0,2022-06-14 18:00:00,2022-06-14 19:00:00,2022-06-15 02:00:00,short,3m,1807.228,1807.156,1818.1379770571402,1774.2100688285789,1818.1379770571402,-0.9999999999999919,-1.0318703998541392,6,SL,1807.156,5.4909885285701865,0.013112393082865298,0.9087616872693356,0.7452210068749907,0.8200400801603388,0.9883767535070155,0.011623246492984492,0.9883767535070155,1.1061511788101503,1.1300333205423148,0.5849584247513208,0.6666666666666666,2.42852446888509,2.3350986681698407,0.6666666666666666,4.053914861445965,4.115288145736497,0.6666666666666666,4.076679432770347,3.9094964209641043,0.625,True,False,0.5904219218691675,0.3993816393149568,True,False,0.5904219218691675,0.3993816393149568,True,False,0.5904219218691675,0.3993816393149568,True,False,1.8670590817405148,0.3993816393149568,True
XAUUSD,body60_filter,シグナル足の実体がローソク足全体の60%以上の時だけ入る,0,2022-09-15 04:00:00,2022-09-15 05:00:00,2022-09-15 14:00:00,short,3m,1688.668,1687.314,1694.5077940005879,1665.7326179982365,1665.7326179982365,2.9999999999999885,2.951346952668979,9,TP,1687.324,3.5968970002939447,0.37365540350196,1.778199375594371,1.4634836637161734,0.823014383989983,0.9146341463414551,0.08536585365854482,0.9146341463414551,0.8523289564976787,1.698686395384913,2.38260923215193,0.6666666666666666,2.1702039283755195,2.8190965710642297,0.5,4.551145056047569,4.501101921649898,0.5833333333333334,4.641778732789815,3.6058858507597233,0.5416666666666666,True,False,0.6199788317034874,0.38533213486143775,True,False,0.6377719461559226,0.38533213486143775,True,False,0.6700219661010324,0.493758926056245,True,True,1.090940329867467,0.493758926056245,True
XAUUSD,body60_filter,シグナル足の実体がローソク足全体の60%以上の時だけ入る,0,2022-11-08 15:00:00,2022-11-08 16:00:00,2022-11-10 15:00:00,long,3m,1683.84,1712.907,1700.4765267847015,1750.1984196458952,1750.1984196458952,3.000000000000009,2.971843388909018,45,TP,1712.938,6.2152366076491985,4.6817203972876555,5.727859170507906,5.465761344981027,0.9542415730337104,0.9660112359550614,0.033988764044938544,0.9660112359550614,1.33264617975221,1.665423322301352,6.780111950707987,0.6666666666666666,2.51655745185154,6.688401846011662,0.6666666666666666,2.51655745185154,6.472802652514993,0.4166666666666667,2.7675535278625523,5.415723024699356,0.3333333333333333,False,True,0.10635154246365362,0.6114006979755572,False,True,0.46337737109728755,0.6114006979755572,False,False,0.46337737109728755,0.6114006979755572,False,False,0.7756744118263901,0.6114006979755572,False
XAUUSD,body60_filter,シグナル足の実体がローソク足全体の60%以上の時だけ入る,0,2022-12-01 13:00:00,2022-12-01 14:00:00,2022-12-02 13:00:00,long,3m,1786.367,1789.187,1779.2128877008577,1819.1093368974266,1779.2128877008577,-0.9999999999999998,-1.0350908421223846,22,SL,1789.318,4.987056149571118,0.5917318577321021,1.5439970533843372,0.9526662338479099,0.6170129870129804,0.6415584415584449,0.3584415584415551,0.6415584415584449,1.2199426977362027,1.7366959064106178,2.566644452379134,0.6666666666666666,2.111466100277524,2.8375457535638615,0.5,2.644846900537581,2.73107011260966,0.5833333333333334,8.075104589200029,5.742866962198307,0.5833333333333334,False,True,0.06436663040730319,2.8052621788112684,False,True,0.06436663040730319,2.9436203563223424,False,True,0.06436663040730319,2.9436203563223424,False,True,0.06436663040730319,2.9436203563223424,False
XAUUSD,body60_filter,シグナル足の実体がローソク足全体の60%以上の時だけ入る,0,2022-12-13 13:00:00,2022-12-13 14:00:00,2022-12-14 19:00:00,long,3m,1809.758,1810.858,1800.9049387190346,1840.717183842896,1800.9049387190346,-0.9999999999999989,-1.0351650602884843,28,SL,1810.867,4.976530640482684,0.2228460106280707,5.364982540810851,4.405076866536436,0.821079441177578,0.9127308138881628,0.08726918611183719,0.9127308138881628,1.2504752786952935,1.5185277748570332,4.774209527964562,1.0,1.5185277748570332,4.623502126728255,0.6666666666666666,1.802460518786238,5.373020268876826,0.75,3.4483862834883654,4.350219372486393,0.5416666666666666,False,True,0.025921673012625806,2.7109247334386883,True,False,0.4485052260792439,2.7109247334386883,True,False,0.9643264247107124,2.7109247334386883,True,True,1.1357309757168188,2.7109247334386883,True
XAUUSD,body60_filter,シグナル足の実体がローソク足全体の60%以上の時だけ入る,0,2022-12-27 15:00:00,2022-12-27 16:00:00,2022-12-27 17:00:00,long,3m,1824.358,1824.525,1814.4711874723812,1854.686437582857,1814.4711874723812,-0.9999999999999928,-1.0348126642543387,1,SL,1824.495,5.0269062638094875,0.027253342873380406,5.0388844889270645,3.278358325207943,0.6506119226213911,0.655744176865375,0.34425582313462505,0.655744176865375,1.290095709879236,1.847458359599874,3.1285644041593157,0.3333333333333333,1.847458359599874,3.1782967816655048,0.6666666666666666,1.847458359599874,3.9978863629675248,0.6666666666666666,4.0601512996052485,6.117082433261258,0.6666666666666666,True,False,1.1358875022413208,0.35608382294435187,True,False,2.760544810613535,0.35608382294435187,True,False,2.760544810613535,0.35608382294435187,True,False,2.760544810613535,0.35608382294435187,True
XAUUSD,body60_filter,シグナル足の実体がローソク足全体の60%以上の時だけ入る,0,2023-04-04 14:00:00,2023-04-04 15:00:00,2023-04-06 13:00:00,long,3m,2009.695,2016.035,2002.6359012133996,2056.2322963598017,2002.6359012133996,-0.9999999999999989,-1.0261211597566646,44,SL,2015.995,6.699549393300238,0.9403617512395915,4.8619687814487795,3.5405366253020767,0.7282104810732785,0.7282104810732785,0.2717895189267216,0.7282104810732785,1.3914152023090942,2.1941774195590695,5.088401920596481,0.6666666666666666,2.1941774195590695,5.283937459346294,0.5,2.4315068139195275,5.264533169241368,0.5833333333333334,3.107671692191806,5.988611717695841,0.5,False,True,0.0791097981201526,1.0493243033673911,False,True,0.0791097981201526,1.3214321561467024,False,True,0.0791097981201526,1.3214321561467024,False,True,0.0791097981201526,1.3214321561467024,False
XAUUSD,body60_filter,シグナル足の実体がローソク足全体の60%以上の時だけ入る,0,2023-05-18 12:00:00,2023-05-18 13:00:00,2023-05-19 15:00:00,short,3m,1971.515,1966.878,1974.7364007249291,1943.3027978252123,1974.7364007249291,-1.0000000000000042,-1.0445383243043163,25,SL,1966.918,3.929200362464582,1.169958153296298,2.3447518960883764,1.8214902116905387,0.7768370780419168,0.9150113969391181,0.08498860306088188,0.9150113969391181,0.9236894625745474,1.3106992580978398,2.6483760154885654,0.6666666666666666,2.3847091356070678,2.635905284683368,0.6666666666666666,3.5299803320032184,4.203399795484202,0.6666666666666666,4.204417814325419,5.193423118591122,0.6666666666666666,False,True,0.2995520440352052,2.657029175639025,False,True,0.2995520440352052,3.207522864040111,False,True,0.2995520440352052,3.8259693100940484,False,True,0.2995520440352052,3.8259693100940484,False
XAUUSD,body60_filter,シグナル足の実体がローソク足全体の60%以上の時だけ入る,0,2023-11-27 01:00:00,2023-11-27 02:00:00,2023-11-28 16:00:00,long,3m,2009.395,2011.965,2004.1942433441454,2035.2772699675634,2035.2772699675634,2.9999999999999956,2.95495934109113,37,TP,2011.905,3.885378327927248,0.6460117363497555,4.130871859925731,2.519703146957811,0.6099688473520244,0.6149532710280323,0.3850467289719677,0.6149532710280323,1.0520649198581387,1.2140387889887347,2.9340772089191836,0.6666666666666666,1.831739254024383,2.8071912383931314,0.6666666666666666,3.1067759639354064,4.806996493945963,0.6666666666666666,3.719071549902004,5.515550402380618,0.5416666666666666,False,False,1.1908750215499198,0.023163767438814868,False,False,1.1908750215499198,0.023163767438814868,False,True,1.1908750215499198,0.4426853332755383,False,False,1.1908750215499198,0.4426853332755383,False
XAUUSD,body60_filter,シグナル足の実体がローソク足全体の60%以上の時だけ入る,0,2024-02-13 14:00:00,2024-02-13 15:00:00,2024-02-15 14:00:00,short,3m,2001.755,1995.645,2005.8616777701372,1964.9949666895882,2005.8616777701372,-0.999999999999999,-1.0342577115452496,45,SL,1995.615,5.108338885068639,1.2019562793586274,2.6290346631573582,1.7011400761606463,0.6470588235294128,0.7617274758004445,0.2382725241995555,0.7617274758004445,1.5281328982516098,5.85708988247714,6.254479336401885,0.3333333333333333,5.85708988247714,5.96279939238815,0.3333333333333333,5.85708988247714,4.546096201228811,0.3333333333333333,5.85708988247714,4.570957511893059,0.4166666666666667,False,True,0.04502442088802959,1.1021195199982237,False,True,0.4189228726103487,1.1021195199982237,False,True,0.4189228726103487,1.1021195199982237,False,True,0.4189228726103487,1.1021195199982237,False
XAUUSD,body60_filter,シグナル足の実体がローソク足全体の60%以上の時だけ入る,0,2024-11-11 13:00:00,2024-11-11 14:00:00,2024-11-13 16:00:00,short,3m,2637.955,2635.375,2651.9409643083973,2585.6771070748086,2585.6771070748086,3.0000000000000027,2.9788723437112288,48,TP,2635.385,8.282982154198551,0.31027472378375276,2.8142038176654003,2.6246585583889033,0.9326469326469254,0.9476619476619366,0.052338052338063386,0.9476619476619366,0.9431662304236379,2.252811807706396,3.1896724522830966,0.6666666666666666,2.252811807706396,4.113252855764032,0.6666666666666666,3.4009490151709447,4.518903856508611,0.6666666666666666,5.718954733711284,6.810349092857366,0.625,False,True,0.019316714321152107,2.14415528964986,False,True,0.019316714321152107,2.663291987031317,False,True,0.019316714321152107,2.749009906831512,False,True,0.019316714321152107,3.002541782296853,False
XAUUSD,body60_filter,シグナル足の実体がローソク足全体の60%以上の時だけ入る,0,2024-12-12 00:00:00,2024-12-12 01:00:00,2024-12-12 01:00:00,long,3m,2721.185,2724.915,2711.19320518583,2766.080384442511,2711.19320518583,-0.9999999999999911,-1.0255068673405863,0,SL,2723.575,6.860897407085138,0.3483509311087728,0.6704662272386647,0.6500607333662017,0.9695652173913314,0.9717391304347583,0.028260869565241677,0.9717391304347583,0.9530182927991837,0.6267401689404635,0.9488554650703553,0.6666666666666666,1.1485377979654032,0.8176772901758181,0.6666666666666666,4.470406446877756,3.9660992411720697,0.75,6.800859600642808,4.048595737827997,0.625,True,False,3.7444081256002972,0.30608240808727555,True,False,3.7444081256002972,0.30608240808727555,True,False,3.7444081256002972,0.30608240808727555,True,False,3.7444081256002972,0.30608240808727555,True
XAUUSD,body60_filter,シグナル足の実体がローソク足全体の60%以上の時だけ入る,0,2024-12-18 19:00:00,2024-12-18 20:00:00,2024-12-19 07:00:00,short,3m,2605.085,2604.465,2618.3869043607624,2562.699286917714,2618.3869043607624,-1.0000000000000073,-1.0251402387870485,10,SL,2604.435,6.960952180381076,0.09337802978047564,4.568771509396985,4.502688596013884,0.9855359557274459,0.9855359557274459,0.014464044272554101,0.9855359557274459,1.133850922613353,0.9869339455257964,4.342796677328285,0.6666666666666666,2.070119090979157,5.650089094254748,0.6666666666666666,2.3718019564237154,5.762142729991332,0.6666666666666666,2.6576823860593195,6.136085824635255,0.5833333333333334,False,True,0.6895608353019036,2.5049733927414097,False,True,0.6895608353019036,3.007778168482362,False,True,0.6895608353019036,3.1850527665578756,True,False,1.941257409882128,3.1850527665578756,False
USDJPY,body60_filter,シグナル足の実体がローソク足全体の60%以上の時だけ入る,0,2015-03-06 13:00:00,2015-03-06 14:00:00,2015-03-10 03:00:00,long,3m,120.476,120.765,120.4191456123355,121.80256316299351,121.80256316299351,3.0000000000000124,2.971086097627632,38,TP,120.765,0.17292719383225047,1.671223557125136,5.933132766817904,4.724531647651354,0.7962962962963063,0.8460038986354758,0.1539961013645242,0.8460038986354758,1.3085366331492994,0.896330973544625,3.990118527392159,0.3333333333333333,1.4746090209927332,3.8108523326832837,0.3333333333333333,1.5150884843140497,4.365999258233438,0.4166666666666667,2.683210140159366,3.018611407679328,0.4583333333333333,False,True,0.06939336569377955,1.9777109222726348,False,True,0.06939336569377955,2.978131944357929,False,True,0.06939336569377955,2.978131944357929,False,False,0.8731998516466711,2.978131944357929,False
USDJPY,body60_filter,シグナル足の実体がローソク足全体の60%以上の時だけ入る,0,2015-03-26 06:00:00,2015-03-26 07:00:00,2015-03-26 12:00:00,short,3m,118.679,118.603,118.94769664898442,117.56891005304672,118.94769664898442,-0.9999999999999943,-1.0290110160033519,5,SL,118.602,0.17234832449221313,0.4467696464521018,2.07718874584223,1.7928807890091119,0.8631284916201292,0.9497206703910581,0.050279329608941874,0.9497206703910581,1.0216389070194947,2.843079568331677,4.154377491684542,0.6666666666666666,3.8468607220487714,4.56053171573196,0.8333333333333334,4.65336696694282,5.918247264690296,0.5833333333333334,5.2393894902111695,6.550687413564035,0.5,False,False,0.707868790482567,0.34813219204062024,False,True,0.707868790482567,1.5898036769854442,False,True,0.707868790482567,1.5898036769854442,True,False,2.45433195388629,1.5898036769854442,False
USDJPY,body60_filter,シグナル足の実体がローソク足全体の60%以上の時だけ入る,0,2015-05-19 14:00:00,2015-05-19 15:00:00,2015-05-20 18:00:00,long,3m,120.505,120.677,120.41588838175579,121.46033485473266,121.46033485473266,3.0000000000000124,2.9617022020420607,27,TP,120.678,0.13055580912210912,1.3251038093463505,2.5353142248186282,1.8612729807581108,0.7341389728096773,0.9123867069486485,0.08761329305135147,0.9123867069486485,1.028686434473961,3.2246745880624132,4.251055573336457,0.6666666666666666,3.929354070489357,5.101266688003792,0.6666666666666666,4.825522542706278,5.346372594934879,0.6666666666666666,5.484244667583636,6.40339181857535,0.625,False,False,0.8731897934421278,0.3370206220302586,False,False,1.263827332613497,0.3370206220302586,False,True,1.263827332613497,0.3370206220302586,False,True,1.263827332613497,0.4672331350874906,False
USDJPY,body60_filter,シグナル足の実体がローソク足全体の60%以上の時だけ入る,0,2015-12-09 13:00:00,2015-12-09 14:00:00,2015-12-09 18:00:00,short,3m,122.223,122.093,122.38621499438587,121.21335501684241,121.21335501684241,2.999999999999984,2.9658953321233095,4,TP,122.101,0.14660749719293242,0.8321538961916144,3.3763621197937823,2.660164094383036,0.7878787878788044,0.8040404040404119,0.19595959595958806,0.8040404040404119,1.03006934595258,1.9644288696983134,3.819722802191036,1.0,2.6942687622598074,4.269904418163566,0.6666666666666666,4.119843879506121,5.333970055916723,0.6666666666666666,4.399502156095084,4.917893107820964,0.625,False,True,0.4501816159725302,1.841652065342072,False,True,1.1049912392053014,1.841652065342072,False,True,1.1049912392053014,2.3259383491912766,False,True,1.1049912392053014,6.998277848299951,False
USDJPY,body60_filter,シグナル足の実体がローソク足全体の60%以上の時だけ入る,0,2016-01-20 08:00:00,2016-01-20 09:00:00,2016-01-20 09:00:00,short,long,116.182,116.093,116.62856034817688,114.4863189554694,116.62856034817688,-1.0000000000000129,-1.018672032076384,0,SL,116.093,0.2677801740884328,0.33236217095970266,3.0584788541123764,2.5618028008804172,0.8376068376068262,0.910866910866902,0.089133089133098,0.910866910866902,1.19486028633367,2.1771589401068434,2.976321912976248,0.6666666666666666,3.5812957522512447,4.257223313416483,0.8333333333333334,4.712820896080352,5.515718275364999,0.75,6.341022093141418,6.475460724091365,0.625,True,False,3.2377303620456557,0.44439436341803534,True,False,3.2377303620456557,0.44439436341803534,True,False,3.2377303620456557,0.44439436341803534,True,False,3.2377303620456557,0.44439436341803534,True
USDJPY,body60_filter,シグナル足の実体がローソク足全体の60%以上の時だけ入る,0,2016-03-17 11:00:00,2016-03-17 12:00:00,2016-03-17 12:00:00,short,3m,111.042,110.764,111.37621735986453,108.92734792040639,111.37621735986453,-0.9999999999999953,-1.0163340680215287,0,SL,110.764,0.30610867993226665,0.9081741819981043,1.9960231122331693,1.7412116510970528,0.8723404255319313,0.9885433715221098,0.01145662847789019,0.9885433715221098,1.4453158731652695,2.172431046865944,3.0904056696769313,1.0,3.78297015379059,4.622541250098189,0.8333333333333334,6.004403404721181,6.631631616748613,0.75,8.817129918031766,8.96740334383003,0.625,True,False,4.031247987718149,0.3201477332223433,True,False,4.031247987718149,0.3201477332223433,True,False,4.031247987718149,0.3201477332223433,True,False,4.031247987718149,0.3201477332223433,True
USDJPY,body60_filter,シグナル足の実体がローソク足全体の60%以上の時だけ入る,0,2016-04-05 06:00:00,2016-04-05 07:00:00,2016-04-05 07:00:00,short,3m,110.666,110.417,110.7925832735009,109.29025017949732,110.7925832735009,-0.9999999999999981,-1.0266252538532348,0,SL,110.419,0.18779163675044722,1.3152875403510838,2.689150639179318,1.8424675666456678,0.6851485148514985,0.8257425742574364,0.17425742574256367,0.8257425742574364,1.0231806130566488,1.8477926174163453,2.2897718313804662,0.3333333333333333,3.003328634647858,2.880852466922803,0.6666666666666666,3.519858559401087,4.419792139641286,0.5833333333333334,5.490127344542412,5.3197257198815615,0.5833333333333334,False,False,2.1513205113434544,0.6549812447901652,False,False,2.1513205113434544,0.6549812447901652,False,True,2.1513205113434544,0.6549812447901652,False,False,2.1513205113434544,0.8200578186804137,False
USDJPY,body60_filter,シグナル足の実体がローソク足全体の60%以上の時だけ入る,0,2016-08-16 02:00:00,2016-08-16 03:00:00,2016-08-16 12:00:00,short,3m,100.679,100.615,100.95301035762344,99.60096892712967,99.60096892712967,3.000000000000017,2.970415107778663,9,TP,100.615,0.16900517881171973,0.3786866204337228,2.7632289334770044,1.710006770395847,0.6188436830835166,0.8158458244111376,0.18415417558886243,0.8158458244111376,0.9951705701658489,2.4082102268204157,3.8401190103352962,0.6666666666666666,2.4082102268204157,3.7809492258925874,0.5,2.4082102268204157,2.43187814059755,0.5833333333333334,3.1774174245763023,4.331228221210216,0.5833333333333334,False,True,0.0,1.573916266177432,False,True,0.0,1.573916266177432,False,True,0.0,2.254368787269255,False,True,0.0,2.7868968472540545,False
USDJPY,body60_filter,シグナル足の実体がローソク足全体の60%以上の時だけ入る,0,2016-08-30 13:00:00,2016-08-30 14:00:00,2016-09-01 12:00:00,long,3m,102.655,102.72,102.37421573274955,103.75735280175135,103.75735280175135,2.999999999999987,2.971080234275805,46,TP,102.72,0.17289213362522635,0.37595695441469007,1.567451302252075,1.1336548163889395,0.723247232472315,0.9520295202951838,0.0479704797048162,0.9520295202951838,1.2171854526525097,2.267309632777879,2.2846614922124044,1.0,2.267309632777879,2.0128156944048667,0.8333333333333334,3.7364337315676703,2.967167963303765,0.75,4.6502983284526485,2.7415937906549344,0.5416666666666666,False,True,0.5726113613393389,0.7172101899603293,False,True,0.5726113613393389,1.3650129421826391,False,True,0.5726113613393389,2.2152540544743027,False,True,0.5726113613393389,2.4003405551092953,False
USDJPY,body60_filter,シグナル足の実体がローソク足全体の60%以上の時だけ入る,0,2016-10-05 14:00:00,2016-10-05 15:00:00,2016-10-07 13:00:00,long,3m,103.357,103.551,103.16165229493437,104.71904311519691,103.16165229493437,-0.9999999999999841,-1.0256839834160545,46,SL,103.551,0.19467385253281885,0.996538556544451,2.326968897498109,2.0393082832378724,0.876379690949234,0.8962472406181088,0.10375275938189125,0.8962472406181088,1.054253283663333,1.7670580590272198,2.5221671714604046,0.6666666666666666,2.126633826852497,3.5187057280048557,0.8333333333333334,2.4040208477463203,3.4056962009740146,0.75,2.98961566963328,3.5392529147377556,0.7083333333333334,False,False,0.6626467721352439,0.03082078009931367,False,False,0.6626467721352439,0.1181463237140114,False,False,0.6626467721352439,0.1181463237140114,False,False,0.6626467721352439,0.5958684152533733,False
USDJPY,body60_filter,シグナル足の実体がローソク足全体の60%以上の時だけ入る,0,2016-10-25 12:00:00,2016-10-25 13:00:00,2016-10-25 15:00:00,long,3m,104.635,104.758,104.51706345498447,105.4808096350466,104.51706345498447,-0.9999999999999815,-1.0415047040677938,2,SL,104.759,0.12046827250776683,1.029316660882646,2.49028224407099,1.709993807595455,0.6866666666666834,0.9033333333333445,0.09666666666665545,0.9033333333333445,0.9072533886570113,1.543974991323969,2.606495415461054,0.6666666666666666,2.0005267360703782,2.523486007325311,0.6666666666666666,2.7808151725459136,2.398971895121756,0.5833333333333334,5.785755747058345,6.831674289568093,0.5416666666666666,False,True,0.03320376325432076,0.9546081935605129,True,False,1.2119373587812334,0.9546081935605129,True,False,4.382896749565033,0.9546081935605129,True,False,5.345805883939155,0.9546081935605129,True
USDJPY,body60_filter,シグナル足の実体がローソク足全体の60%以上の時だけ入る,0,2016-11-03 03:00:00,2016-11-03 04:00:00,2016-11-03 10:00:00,short,3m,102.808,102.607,103.0477803741989,101.28465887740332,103.0477803741989,-0.9999999999999957,-1.0226870355064326,6,SL,102.607,0.22039018709944808,0.9120188273596278,1.547255821540377,1.102589925613814,0.7126099706744847,0.8269794721407667,0.17302052785923325,0.8269794721407667,1.2366343846154242,2.722444260774944,2.9175527661304432,1.0,2.722444260774944,3.307769776841506,0.5,2.9175527661304432,2.822267217003318,0.4166666666666667,4.94577374040776,5.335990751118823,0.4583333333333333,False,False,0.6806110651937521,0.21779554086200067,True,False,1.0617532617021888,0.21779554086200067,True,False,1.093515111411252,0.21779554086200067,True,False,1.719677291389504,0.21779554086200067,True
USDJPY,body60_filter,シグナル足の実体がローソク足全体の60%以上の時だけ入る,0,2017-04-11 14:00:00,2017-04-11 15:00:00,2017-04-14 14:00:00,short,3m,110.109,109.734,110.11890020959399,108.57929937121801,108.57929937121801,2.999999999999992,2.974019239920544,71,TP,109.734,0.19245010479699737,1.9485570059603876,3.7931909716029084,3.018964321234643,0.795890410958904,0.8589041095890495,0.1410958904109505,0.8589041095890495,1.0373082888906726,2.2707184309458257,4.4063369094784175,1.0,2.7591567204399396,4.785656006638745,0.8333333333333334,3.0501412333300104,4.9467367191315015,0.6666666666666666,5.585863417086459,7.300593582331591,0.6666666666666666,False,False,0.39490755320801146,0.46245752941459156,False,False,0.5975574818278995,0.46245752941459156,False,True,0.9612881229404696,0.46245752941459156,False,True,0.9612881229404696,0.6754997620662441,False
USDJPY,body60_filter,シグナル足の実体がローソク足全体の60%以上の時だけ入る,0,2017-06-06 00:00:00,2017-06-06 01:00:00,2017-06-06 11:00:00,short,3m,110.237,110.168,110.42544441862248,109.3956667441326,109.3956667441326,2.9999999999999813,2.961156664209294,10,TP,110.168,0.1287222093112356,0.5360380339118814,2.2917568116525344,1.755718777740653,0.7661016949152837,0.9389830508474527,0.061016949152547274,0.9389830508474527,0.8773786628049041,1.3672854198334496,2.6102721651365455,0.6666666666666666,1.3672854198334496,2.3383688146014037,0.5,2.5947348308202924,3.705654234434853,0.5833333333333334,3.278377540736962,2.252913475861847,0.5,False,True,0.1709106774791122,2.0975401326990983,False,True,0.1709106774791122,3.4104448824254976,False,True,0.1709106774791122,3.4104448824254976,False,True,0.1709106774791122,4.622356959096088,False
USDJPY,body60_filter,シグナル足の実体がローソク足全体の60%以上の時だけ入る,0,2018-02-14 02:00:00,2018-02-14 03:00:00,2018-02-15 20:00:00,short,long,107.318,107.214,107.58864043988835,106.09007868033493,106.09007868033493,3.0000000000000098,2.973307740074811,41,TP,107.216,0.1873202199441781,0.544522102474576,2.802687292148401,2.439672557165452,0.8704761904762196,0.9123809523809657,0.08761904761903432,0.9123809523809657,0.8889492468690761,1.414689776036838,2.9361485917746237,0.6666666666666666,1.414689776036838,3.1710404791165727,0.3333333333333333,2.6265183766419207,2.204780669823503,0.3333333333333333,7.105479592094383,7.83684751404558,0.625,False,True,-0.005338451984994287,1.9485349745412737,False,True,-0.005338451984994287,2.007257946376742,False,True,0.26158414726722357,2.007257946376742,True,False,1.5161203637527156,2.007257946376742,False
USDJPY,body60_filter,シグナル足の実体がローソク足全体の60%以上の時だけ入る,0,2018-03-02 10:00:00,2018-03-02 11:00:00,2018-03-05 16:00:00,short,3m,105.55,105.538,105.9518958981677,104.29631230549687,105.9518958981677,-1.0000000000000024,-1.0241606646605133,29,SL,105.535,0.20694794908385408,0.07248199398160093,1.0823977767918844,1.0727335109276939,0.9910714285714495,0.9910714285714495,0.008928571428550471,0.9910714285714495,1.2668040811787062,1.6912465262373322,0.9809229852176431,0.6666666666666666,2.5417019222880937,2.6335124479980756,0.5,3.2182005327830128,2.705994441979677,0.5,7.6106093680678235,5.94352350649107,0.5416666666666666,False,True,0.26093517833376334,1.2660188282119171,False,True,0.26093517833376334,1.377157885650349,False,True,0.26093517833376334,1.377157885650349,True,False,0.6813307434270488,1.377157885650349,False
USDJPY,body60_filter,シグナル足の実体がローソク足全体の60%以上の時だけ入る,0,2018-03-22 22:00:00,2018-03-22 23:00:00,2018-03-26 19:00:00,short,3m,105.25,104.848,105.3347280732594,103.38781578022181,105.3347280732594,-1.0000000000000082,-1.0205453528353718,44,SL,104.847,0.24336403662969783,1.6559554385318225,2.827040550148589,1.914826884257647,0.6773255813953584,0.6976744186046545,0.3023255813953455,0.6976744186046545,1.620868937075002,1.6395191562634968,2.198352753385931,0.6666666666666666,2.272316023593251,3.172202477783022,0.5,2.280534164727385,3.1516571249476586,0.5833333333333334,3.3201290181977203,4.58161368229025,0.5833333333333334,False,False,0.5834880205248938,0.8300322545494301,False,True,0.9985041477996088,0.8300322545494301,False,False,0.9985041477996088,0.8300322545494301,False,True,0.9985041477996088,0.8300322545494301,False
USDJPY,body60_filter,シグナル足の実体がローソク足全体の60%以上の時だけ入る,0,2018-04-05 14:00:00,2018-04-05 15:00:00,2018-04-05 23:00:00,long,3m,107.291,107.456,107.15104622039965,108.37086133880105,107.15104622039965,-1.0000000000000093,-1.0327918545987493,8,SL,107.455,0.1524768898001753,1.0755728308396604,2.4921809495064777,2.131470548920058,0.8552631578947546,0.9052631578947321,0.09473684210526788,0.9052631578947321,1.1977973699742601,1.1345981691174483,2.708607189858367,1.0,1.2788823293520721,2.2298461127163716,0.6666666666666666,2.0986786943213183,3.1480180414819308,0.5833333333333334,5.994351020655136,5.9287673114575625,0.6666666666666666,False,True,0.40661899702473037,0.19675112759262647,False,False,0.7542126557716727,0.19675112759262647,False,False,0.8853800741668192,0.19675112759262647,False,False,0.8853800741668192,0.2229846112716744,False
USDJPY,body60_filter,シグナル足の実体がローソク足全体の60%以上の時だけ入る,0,2018-05-15 11:00:00,2018-05-15 12:00:00,2018-05-17 12:00:00,long,3m,110.036,110.101,109.87308003889598,110.78475988331205,110.78475988331205,2.9999999999999964,2.956124948637439,48,TP,110.102,0.11395998055200839,0.5791506779863113,2.3692527735802393,1.7286770236863722,0.7296296296296505,0.8518518518518792,0.14814814814812086,0.8518518518518792,0.9250061533055428,1.4040016436032203,1.22850143815274,0.6666666666666666,1.6321519106885707,1.9743773113169703,0.5,3.00105351320167,3.264303821377266,0.5,5.098280968333752,5.256231153239234,0.5833333333333334,False,True,0.8687260169794668,1.7462270442313705,False,True,0.8687260169794668,2.4131278249427974,False,True,0.8687260169794668,2.4131278249427974,False,True,0.8687260169794668,2.5710780098481547,False
USDJPY,body60_filter,シグナル足の実体がローソク足全体の60%以上の時だけ入る,0,2018-09-13 14:00:00,2018-09-13 15:00:00,2018-09-21 02:00:00,long,3m,111.826,111.849,111.5877831276136,112.6326506171592,112.6326506171592,3.000000000000025,2.961717633671104,131,TP,111.848,0.1306084361931983,0.1684424118474459,2.4577279183190224,1.9141183164477642,0.7788161993769175,0.7912772585669634,0.20872274143303657,0.7912772585669634,1.1768534601290954,2.1974078272820803,2.1361560411556773,0.6666666666666666,2.1974078272820803,2.687422116292654,0.6666666666666666,2.5572620707742373,3.7822977933007804,0.75,4.1574649833245925,4.486693333753548,0.6666666666666666,False,True,0.2220377247079128,0.8422120592370119,False,True,0.2220377247079128,0.8422120592370119,False,True,0.3521977702263294,0.8422120592370119,False,True,0.3521977702263294,1.148470989868702,False
USDJPY,body60_filter,シグナル足の実体がローソク足全体の60%以上の時だけ入る,0,2018-10-15 08:00:00,2018-10-15 09:00:00,2018-10-16 01:00:00,short,3m,111.663,111.656,111.9476694675189,110.78099159744329,111.9476694675189,-0.9999999999999827,-1.0342853850457887,16,SL,111.655,0.14583473375945286,0.054856616073309175,1.2959875547325992,0.9462766272651436,0.7301587301587851,0.9523809523809488,0.0476190476190512,0.9523809523809488,0.9577119691796682,2.3725486451719617,1.8171254074293774,1.0,3.3668248115012145,3.154255424216983,1.0,3.7645352780328767,3.4422526586020266,0.6666666666666666,4.6490982122155105,4.12796035951883,0.625,True,False,0.7474213939992151,0.20571231027503123,True,False,1.007990320347653,0.20571231027503123,True,False,1.5771277121085403,0.20571231027503123,True,False,1.878839100511887,0.20571231027503123,True
USDJPY,body60_filter,シグナル足の実体がローソク足全体の60%以上の時だけ入る,0,2018-10-26 14:00:00,2018-10-26 15:00:00,2018-10-26 16:00:00,short,3m,111.625,111.396,111.76268372052034,110.29594883843899,111.76268372052034,-1.0000000000000193,-1.0272714588632614,1,SL,111.398,0.18334186026016755,1.2381242323923414,2.3289825869230354,1.8817306615654146,0.8079625292739894,0.9508196721311465,0.04918032786885355,0.9508196721311465,1.374275872962678,2.4598855894666443,3.365298023727168,0.3333333333333333,2.4598855894666443,3.294392230682645,0.5,3.7743699066761103,4.608876547892111,0.5833333333333334,5.083399932112974,6.157895411325708,0.5416666666666666,True,False,1.5762903222968387,0.038180042408523525,True,False,3.681646946541025,0.038180042408523525,True,False,3.828912824402672,0.038180042408523525,True,False,3.828912824402672,0.038180042408523525,True
USDJPY,body60_filter,シグナル足の実体がローソク足全体の60%以上の時だけ入る,0,2018-11-06 06:00:00,2018-11-06 07:00:00,2018-11-06 08:00:00,long,3m,113.392,113.417,113.25662469491496,113.89812591525514,113.25662469491496,-0.9999999999999654,-1.0623537395279308,1,SL,113.416,0.0801876525425228,0.29929794973451707,1.1473088073155897,0.9976598324483311,0.8695652173912977,0.8695652173912977,0.13043478260870237,0.8695652173912977,0.6394429426334001,1.1847210510324042,1.5214312444837361,0.6666666666666666,1.5837849840117013,1.8456706900294038,0.8333333333333334,2.743564539232955,3.105216228495437,0.75,3.541692405191549,1.334370025899663,0.6666666666666666,True,False,0.9976598324483311,0.3865931850738103,True,False,2.1948516313863995,0.3865931850738103,True,False,3.0428624889674722,0.3865931850738103,True,False,3.9282855902653595,0.3865931850738103,True
USDJPY,body60_filter,シグナル足の実体がローソク足全体の60%以上の時だけ入る,0,2019-02-25 17:00:00,2019-02-25 18:00:00,2019-02-26 00:00:00,long,3m,111.128,111.191,110.99229705169736,111.78710884490792,110.99229705169736,-0.9999999999999899,-1.050326379580227,6,SL,111.191,0.0993514741513205,0.634112382711586,1.7211621816455902,1.147441454430489,0.666666666666722,0.7485380116959409,0.2514619883040591,0.7485380116959409,1.0710347198037486,3.261149396802299,3.6838909852766895,1.0,3.9757839868422926,4.630026921386087,0.6666666666666666,5.09302961352461,5.65668506482375,0.6666666666666666,5.294335131845702,6.170014136542654,0.5833333333333334,True,False,1.0065275916057397,0.03019582774817076,True,False,1.0870497989341474,0.03019582774817076,True,False,1.751358009393904,0.03019582774817076,True,False,1.8620760444704825,0.03019582774817076,True
USDJPY,body60_filter,シグナル足の実体がローソク足全体の60%以上の時だけ入る,0,2019-05-31 04:00:00,2019-05-31 05:00:00,2019-06-03 01:00:00,short,3m,109.019,109.016,109.3001272712331,108.16361818630074,108.16361818630074,2.999999999999992,2.964804504838293,20,TP,109.014,0.14206363561654495,0.03519549516179886,1.5908363813102273,1.20368593453124,0.7566371681416246,0.8628318584071158,0.13716814159288418,0.8628318584071158,1.3969155449468953,1.9287131348628561,2.301785383577184,0.6666666666666666,3.498432219076044,3.9982082503726075,0.8333333333333334,4.1530684290842625,4.772509143930682,0.6666666666666666,5.631279225876914,4.709157252639664,0.625,False,True,0.0844691883881572,0.8728482800108911,False,True,0.0844691883881572,1.0136302606577865,False,True,0.0844691883881572,1.8160875503452798,False,True,0.0844691883881572,2.146925204865529,False
USDJPY,body60_filter,シグナル足の実体がローソク足全体の60%以上の時だけ入る,0,2019-06-20 00:00:00,2019-06-20 01:00:00,2019-06-25 04:00:00,short,3m,107.815,107.642,107.92834605485099,106.78296183544701,106.78296183544701,2.999999999999993,2.965077220968885,75,TP,107.641,0.14317302742549776,1.2153127102836176,3.5830771285949967,3.2897257847333106,0.9181286549707303,0.9317738791422798,0.06822612085772016,0.9317738791422798,1.5180795673108132,1.0127605919031304,3.045266331515355,0.3333333333333333,3.394494121826735,2.2699806370240183,0.3333333333333333,4.134857037286963,5.7762276517505375,0.5,5.007926513065462,6.307053893023819,0.5833333333333334,False,False,0.2095366741868477,0.6286100225605432,False,True,1.0406988151279772,0.6286100225605432,False,True,1.0406988151279772,0.6286100225605432,False,True,1.0406988151279772,1.2222972660899782,False
USDJPY,body60_filter,シグナル足の実体がローソク足全体の60%以上の時だけ入る,0,2020-01-02 15:00:00,2020-01-02 16:00:00,2020-01-02 17:00:00,short,3m,108.427,108.272,108.48595019113746,107.63014942658762,108.48595019113746,-0.999999999999986,-1.0467398507420032,1,SL,108.271,0.1069750955687298,1.458283343152317,4.393545969753599,3.757883999661607,0.8553191489361744,0.8723404255319097,0.12765957446809026,0.8723404255319097,1.7092385410079187,1.5985028953783684,4.814204626432152,0.6666666666666666,2.1406851639863254,5.3002990741495015,0.6666666666666666,2.1406851639863254,4.066367014559213,0.5,2.8885227758592644,5.188123432368554,0.5416666666666666,True,False,1.6171988356752816,0.11217564178094747,True,False,2.6361275818521324,0.11217564178094747,True,False,2.6828674325942825,0.11217564178094747,True,False,2.795043074375097,0.11217564178094747,True
USDJPY,body60_filter,シグナル足の実体がローソク足全体の60%以上の時だけ入る,0,2020-01-13 09:00:00,2020-01-13 10:00:00,2020-01-17 00:00:00,long,3m,109.707,109.848,109.70838979397175,110.26683061808474,110.26683061808474,2.9999999999999627,2.9283719988352948,86,TP,109.848,0.06980510301412429,2.0199096328455464,2.8651200465893596,2.249119236572565,0.7849999999999713,0.8349999999999961,0.16500000000000392,0.8349999999999961,0.6047899819754575,1.1746992191015295,3.208934452180091,0.6666666666666666,1.432560023294578,3.3808416549754567,0.6666666666666666,3.5814000582366488,5.687263292479878,0.6666666666666666,3.8106096619636673,2.979724848452869,0.5416666666666666,False,True,0.22920960372722207,1.0744200174710352,False,True,0.22920960372722207,1.0744200174710352,False,True,0.22920960372722207,1.0744200174710352,False,True,0.7019544114142741,1.3036296211980538,False
USDJPY,body60_filter,シグナル足の実体がローソク足全体の60%以上の時だけ入る,0,2020-02-28 15:00:00,2020-02-28 16:00:00,2020-02-28 16:00:00,short,3m,108.308,107.928,108.46911335523119,106.30465993430641,108.46911335523119,-0.9999999999999891,-1.0184804161703096,0,SL,107.929,0.2705566776155977,1.4008155457115776,2.6094347632516235,1.8036886182249088,0.6912181303116111,0.7492917847025412,0.25070821529745885,0.7492917847025412,1.4248071851782083,1.7962964517567386,2.7720624255505797,1.0,1.7962964517567386,2.7794545920186975,0.6666666666666666,3.5112790723640255,4.490741129391951,0.75,7.2628035549424785,7.6952452933283855,0.6666666666666666,False,False,2.1030713601843827,0.47309865396063266,False,False,2.1030713601843827,0.47309865396063266,False,False,2.1030713601843827,0.47309865396063266,False,False,2.1030713601843827,1.5486588750742458,False
USDJPY,body60_filter,シグナル足の実体がローソク足全体の60%以上の時だけ入る,0,2020-03-08 21:00:00,2020-03-08 22:00:00,2020-03-09 01:00:00,short,long,104.453,104.425,105.14021951390326,102.27934145829019,102.27934145829019,2.9999999999999987,2.9860182785765765,3,TP,104.423,0.35760975695163466,0.08389032854061228,0.6179920869158305,0.5928249883536468,0.9592760180995467,0.040723981900453364,0.9592760180995467,0.040723981900453364,1.4403501044769491,1.1073523367360423,2.141999722070194,0.6666666666666666,1.3785977323506622,2.4663756590939214,0.5,2.0776838035224445,2.8131223503950924,0.5,3.772268440042733,4.868435399640013,0.5416666666666666,False,True,0.4837675612508509,2.5334879219264113,False,True,0.4837675612508509,2.5334879219264113,False,True,0.4837675612508509,2.5334879219264113,False,True,0.4837675612508509,8.025508097051617,False
USDJPY,body60_filter,シグナル足の実体がローソク足全体の60%以上の時だけ入る,0,2020-04-28 09:00:00,2020-04-28 10:00:00,2020-04-30 14:00:00,short,3m,106.915,106.738,106.98530273898795,105.99609178303614,106.98530273898795,-1.0000000000000089,-1.040436268683948,52,SL,106.739,0.12365136949397627,1.4233566576759658,3.6716131965050702,2.466612389722467,0.6718061674008533,0.7202643171806005,0.27973568281939953,0.7202643171806005,1.0229502457863089,2.102685971566786,3.970841584766426,0.6666666666666666,2.612182956984786,4.359029764132609,0.8333333333333334,2.7577535242471045,4.124499405765463,0.5,2.9194985989830906,3.5341298829794705,0.5,False,True,0.12130880605193216,0.6631548064172674,False,True,0.12130880605193216,1.4557056726231858,False,True,0.12130880605193216,1.4557056726231858,True,False,1.8762428669364741,1.4557056726231858,False
USDJPY,body60_filter,シグナル足の実体がローソク足全体の60%以上の時だけ入る,0,2020-06-02 12:00:00,2020-06-02 13:00:00,2020-06-04 05:00:00,long,3m,108.088,108.305,108.043984874819,109.08804537554302,109.08804537554302,2.9999999999999982,2.9616880439665834,40,TP,108.301,0.13050756259050197,1.6320893270250203,4.375225379019943,3.0343069178492246,0.6935201401050827,0.7057793345008884,0.29422066549911163,0.7057793345008884,1.198640098089475,1.95390975770601,4.513148420740367,0.6666666666666666,1.95390975770601,3.9921058186854674,0.6666666666666666,3.202879524396446,5.616532754503761,0.6666666666666666,3.2488538716365873,4.536135594360438,0.5833333333333334,False,True,-0.015324782413344175,1.3102688963439215,False,True,0.15324782413376842,2.758460834408376,False,True,0.15324782413376842,2.758460834408376,False,True,0.15324782413376842,3.608986258350992,False
USDJPY,body60_filter,シグナル足の実体がローソク足全体の60%以上の時だけ入る,0,2020-07-24 00:00:00,2020-07-24 01:00:00,2020-07-24 13:00:00,short,3m,106.638,106.528,106.73542360016847,105.90572919949462,105.90572919949462,3.0000000000000018,2.951789478189228,12,TP,106.529,0.10371180008423166,1.050989375475908,3.2590312744113445,3.0372628740814838,0.9319526627218645,0.9467455621301768,0.05325443786982323,0.9467455621301768,1.1248702982776322,1.1763367321839473,2.8926313086490256,0.6666666666666666,1.8223577244489726,1.9766313942435032,0.5,4.9946100596007055,6.411999400838795,0.6666666666666666,4.9946100596007055,6.035957330714404,0.625,False,True,0.7038736184380087,0.6074525748163242,False,True,0.7038736184380087,0.6074525748163242,False,True,0.7038736184380087,1.6198735328433942,False,True,0.7038736184380087,2.130905064038034,False
USDJPY,body60_filter,シグナル足の実体がローソク足全体の60%以上の時だけ入る,0,2021-03-26 08:00:00,2021-03-26 09:00:00,2021-03-30 06:00:00,long,3m,109.364,109.472,109.29748457660934,109.99554627017199,109.99554627017199,3.0000000000000138,2.9426984744058813,45,TP,109.473,0.08725771169533145,1.2491732579531591,1.7648869883008385,1.6846648524690857,0.9545454545455133,0.9610389610389587,0.03896103896104136,0.9610389610389587,0.8984219347474945,1.6732045473501942,2.567108346619505,0.6666666666666666,2.1545373623411987,2.739012923402065,0.8333333333333334,2.865076279709221,3.323488484462605,0.6666666666666666,3.885043435285688,3.976725876236332,0.5833333333333334,False,False,1.0428877658140874,0.27504732285209565,False,True,1.0428877658140874,1.512760275686526,False,True,1.0428877658140874,3.300567874224985,False,True,1.0428877658140874,4.2861541144449395,False
USDJPY,body60_filter,シグナル足の実体がローソク足全体の60%以上の時だけ入る,0,2021-04-19 07:00:00,2021-04-19 08:00:00,2021-04-20 06:00:00,short,3m,108.405,108.221,108.45466741836843,107.51999774489471,108.45466741836843,-0.9999999999999745,-1.0427958680324765,22,SL,108.221,0.1168337091842163,1.5748879435974892,3.0385066303104487,2.9101190262128207,0.9577464788732383,0.9577464788732383,0.042253521126761694,0.9577464788732383,1.108096592719981,1.9086957142514436,3.774595560470142,0.3333333333333333,2.6191071235916112,3.6205304355529884,0.5,3.2011309288341514,4.89584730292272,0.6666666666666666,4.31382349768018,5.743205489966942,0.7083333333333334,False,True,0.11126925688452985,1.6005654644170149,False,True,0.11126925688452985,1.8059856309732196,False,True,0.11126925688452985,1.8059856309732196,False,False,0.7532072773726699,1.8059856309732196,False
USDJPY,body60_filter,シグナル足の実体がローソク足全体の60%以上の時だけ入る,0,2021-06-16 18:00:00,2021-06-16 19:00:00,2021-06-17 14:00:00,long,3m,110.329,110.505,110.28150658542359,111.17548024372923,110.28150658542359,-1.0000000000000089,-1.0447440476890386,19,SL,110.505,0.11174670728820403,1.574990478655298,4.778664293192653,4.778664293192653,1.0,1.0,0.0,1.0,1.3971791188906104,0.876983334705772,5.637750008822839,0.3333333333333333,1.5839392881931547,5.700391675587582,0.5,2.9352095284030493,4.080657149243128,0.4166666666666667,3.0157488142433793,3.669011910503748,0.5,False,True,0.9306761919326587,1.225986906680535,False,True,0.9306761919326587,1.9329428601679177,False,True,0.9306761919326587,1.9329428601679177,False,True,0.9306761919326587,2.836772623487133,False
USDJPY,body60_filter,シグナル足の実体がローソク足全体の60%以上の時だけ入る,0,2021-08-03 12:00:00,2021-08-03 13:00:00,2021-08-04 08:00:00,short,3m,109.063,109.035,109.21781827132065,108.48654518603801,109.21781827132065,-0.9999999999999645,-1.054699127870236,19,SL,109.036,0.09140913566033118,0.2953752904997461,1.7066127895539331,1.4768764524987306,0.8653846153846942,0.9487179487179744,0.051282051282025586,0.9487179487179744,0.9245110113500996,0.9845843016658203,1.59721453381339,0.6666666666666666,1.6409738361097006,1.0611630806841694,0.6666666666666666,2.5817988354792103,2.964692730571422,0.6666666666666666,4.879162206032791,5.458972961458011,0.5833333333333334,False,True,-0.010939825574116492,1.76131191742436,False,True,-0.010939825574116492,1.76131191742436,True,False,0.7329683134622292,1.76131191742436,True,False,1.3127790688877605,1.76131191742436,True
USDJPY,body60_filter,シグナル足の実体がローソク足全体の60%以上の時だけ入る,0,2021-09-15 08:00:00,2021-09-15 09:00:00,2021-09-16 12:00:00,short,3m,109.412,109.325,109.50389808103407,108.78830575689781,109.50389808103407,-1.0000000000000075,-1.0558977488310133,27,SL,109.325,0.08944904051703094,0.9726208296604216,1.7551893132951377,1.2856482231142445,0.7324840764331049,0.8789808917197077,0.12101910828029225,0.8789808917197077,1.2007798610586156,2.2470895030084015,2.895503389448735,1.0,2.6271941950596536,3.353864929863364,0.6666666666666666,3.5998150247199163,4.013458366069804,0.5,8.272866826996319,7.971018983308602,0.5,False,False,0.4695410901808932,0.7043116352713398,False,True,0.4695410901808932,1.1403140761535977,False,True,0.4695410901808932,1.1738527254522328,False,True,1.1403140761535977,2.381244100203101,False
USDJPY,body60_filter,シグナル足の実体がローソク足全体の60%以上の時だけ入る,0,2021-11-09 02:00:00,2021-11-09 03:00:00,2021-11-10 08:00:00,short,3m,113.0,112.945,113.16742008025646,112.27773975923057,113.16742008025646,-0.9999999999999752,-1.0449599693896985,29,SL,112.945,0.11121004012823751,0.49455966328746687,1.8433587449803144,1.6635188674212935,0.9024390243902625,0.9024390243902625,0.0975609756097375,0.9024390243902625,0.9305999027606499,1.8433587449803144,2.787518102165397,0.6666666666666666,1.8703347266141739,2.5357422735827932,0.6666666666666666,3.111229881771711,1.528638959251996,0.5833333333333334,5.269308412480472,5.979675928838686,0.5833333333333334,False,True,0.19782386531501228,1.3308150939369836,False,True,0.19782386531501228,1.3308150939369836,False,True,0.19782386531501228,1.9962226409054755,False,True,0.5215356449213263,1.9962226409054755,False
USDJPY,body60_filter,シグナル足の実体がローソク足全体の60%以上の時だけ入る,0,2022-04-11 06:00:00,2022-04-11 07:00:00,2022-04-12 12:00:00,long,3m,125.097,125.426,125.03798616832118,126.59004149503644,125.03798616832118,-1.0000000000000127,-1.0257722771292173,29,SL,125.426,0.19400691583940707,1.695815835103238,2.3968217730182158,2.206106922261897,0.9204301075268692,0.980645161290322,0.01935483870967801,0.980645161290322,1.1934187761374513,1.257687123906322,2.8968039493252076,0.6666666666666666,3.9792395887528222,4.293661369729366,0.8333333333333334,5.396714830860388,5.453413840544667,0.6666666666666666,5.690518790133598,6.999750468298329,0.6666666666666666,False,False,1.5514910831795317,0.01030891085166715,False,False,1.5514910831795317,0.01030891085166715,False,False,1.5514910831795317,0.06700792053594634,False,True,1.5514910831795317,1.7731326664908516,False
USDJPY,body60_filter,シグナル足の実体がローソク足全体の60%以上の時だけ入る,0,2022-05-24 13:00:00,2022-05-24 14:00:00,2022-05-25 07:00:00,short,3m,126.941,126.695,127.24418199358605,125.0474540192418,127.24418199358605,-0.9999999999999911,-1.018208899994495,17,SL,126.694,0.27459099679303267,0.8995196597293067,2.8952150991287477,1.962919419409303,0.6779874213836482,0.7308176100628954,0.26918238993710464,0.7308176100628954,1.0875131615720228,1.194503839640548,2.7677527991670656,0.6666666666666666,2.024829679390709,2.1522919793522877,0.6666666666666666,3.656347118899711,4.60685169861366,0.6666666666666666,3.656347118899711,3.182915719042146,0.625,False,True,0.029134239991216473,1.2199962996328948,False,True,0.029134239991216473,1.2199962996328948,False,True,0.029134239991216473,1.2199962996328948,False,False,0.7101470997862702,1.2199962996328948,False
USDJPY,body60_filter,シグナル足の実体がローソク足全体の60%以上の時だけ入る,0,2022-07-28 12:00:00,2022-07-28 13:00:00,2022-07-29 06:00:00,short,3m,134.74,134.71,135.39964256251477,132.64107231245572,132.64107231245572,2.99999999999998,2.9854997348720187,17,TP,134.71,0.3448212812573837,0.08700159076785155,3.372761668766949,2.894252919543724,0.8581255374032511,0.8641444539982683,0.13585554600173172,0.8641444539982683,1.4555142394698017,1.3050238615176908,2.064837754223567,0.0,1.5921291110515596,2.2533412008872316,0.16666666666666666,3.8164697816829505,4.199276781061415,0.4166666666666667,6.847025193429628,6.452617981948729,0.4583333333333333,False,True,0.5394098627605972,1.0701195664445329,False,True,0.5394098627605972,1.0701195664445329,False,True,0.5394098627605972,1.0875198845981031,False,True,0.5394098627605972,1.0875198845981031,False
USDJPY,body60_filter,シグナル足の実体がローソク足全体の60%以上の時だけ入る,0,2022-08-22 15:00:00,2022-08-22 16:00:00,2022-08-23 07:00:00,long,3m,137.462,137.571,137.0539112769382,139.12226616918534,137.0539112769382,-1.0000000000000182,-1.0193390409691947,15,SL,137.57,0.25854436153088994,0.4177232849346074,1.860415741236447,1.4929739628217644,0.8024948024948027,0.8399168399168419,0.16008316008315812,0.8399168399168419,1.1633994470771842,1.5355198529539746,1.512313003790941,0.6666666666666666,2.444454778506148,3.109717787846412,0.5,2.6223739554227032,1.2841123203544607,0.5,2.846706830665326,2.12729450661128,0.5416666666666666,True,False,0.8161075288999284,0.05801712290763933,True,False,0.850917802644534,0.05801712290763933,True,False,0.850917802644534,0.05801712290763933,True,False,0.850917802644534,0.05801712290763933,True
USDJPY,body60_filter,シグナル足の実体がローソク足全体の60%以上の時だけ入る,0,2022-11-10 13:00:00,2022-11-10 14:00:00,2022-11-10 21:00:00,short,3m,145.105,143.707,144.5892622828638,141.0602131514085,141.0602131514085,2.9999999999999996,2.9886655020913606,7,TP,143.709,0.44113114143191495,3.164591816094779,7.031922502525868,5.7873946321561895,0.8230174081237892,0.8249516441005784,0.17504835589942155,0.8249516441005784,1.529982498571191,0.8228845481679187,6.218105552684847,0.3333333333333333,1.0813111004851264,5.875803715843623,0.3333333333333333,1.2241257741340774,5.732989042194672,0.5,2.3054368746192035,6.13423026816083,0.5,False,True,0.37177153140365937,4.336578899849144,False,True,0.37177153140365937,4.905570694863337,False,True,0.37177153140365937,5.084655761819944,False,True,0.37177153140365937,5.084655761819944,False
USDJPY,body60_filter,シグナル足の実体がローソク足全体の60%以上の時だけ入る,0,2022-12-20 03:00:00,2022-12-20 04:00:00,2023-01-03 01:00:00,short,3m,133.618,133.44,134.55822472285703,130.0853258314289,130.0853258314289,3.0000000000000018,2.9910572537026017,237,TP,133.443,0.5591123614285177,0.3129961204092545,7.714012956144293,6.628363555638895,0.859262694180379,0.9204729886389945,0.07952701136100543,0.9204729886389945,1.7434177245029452,0.8960631790003044,6.93778257752922,0.6666666666666666,1.3628745357250018,6.186591888546908,0.6666666666666666,1.7152187398428873,6.31715598448908,0.5,3.0816703740868694,5.04192036247869,0.5,False,True,0.2593396426248036,0.6063181989642696,False,True,0.2593396426248036,0.9264685164114848,False,True,0.45429151190831696,1.3807600283198527,False,True,0.45429151190831696,2.5880307784699212,False
USDJPY,body60_filter,シグナル足の実体がローソク足全体の60%以上の時だけ入る,0,2023-05-18 07:00:00,2023-05-18 08:00:00,2023-05-19 15:00:00,long,3m,137.772,137.811,137.43278317450904,138.94565047647288,137.43278317450904,-1.0000000000000158,-1.026439860223077,31,SL,137.811,0.18910841274548018,0.20623090974014754,1.845502243571442,1.4541923122697162,0.787965616045821,0.8252148997134559,0.17478510028654415,0.8252148997134559,1.0775256702125948,1.8983819640175643,1.115762101414263,0.6666666666666666,2.421891196434596,2.411315252345462,0.6666666666666666,2.421891196434596,1.0311545487002869,0.6666666666666666,5.208652463947707,4.36786490885364,0.75,True,False,0.35958209903402244,0.6609965055771301,True,False,0.6028288130863655,0.6609965055771301,True,False,0.6186927292202923,0.6609965055771301,True,True,0.6186927292202923,3.236238891305601,True
USDJPY,body60_filter,シグナル足の実体がローソク足全体の60%以上の時だけ入る,0,2023-06-15 01:00:00,2023-06-15 02:00:00,2023-06-15 13:00:00,long,3m,140.932,141.004,140.47795105206572,142.58214684380283,140.47795105206572,-0.9999999999999905,-1.0190096378659335,11,SL,141.004,0.26302447396713796,0.27373878526983897,2.611924242782993,2.437035574416079,0.9330422125181661,0.9446870451237114,0.05531295487628859,0.9446870451237114,1.4001515643760962,1.6880558424972323,3.714483239008661,0.3333333333333333,2.946493869223763,4.0338451551566985,0.6666666666666666,4.193526113230771,5.649664373763369,0.5833333333333334,4.193526113230771,3.6156331221056277,0.5416666666666666,False,True,0.7755932249311024,0.292748423135782,False,True,0.7755932249311024,0.3079561334286229,False,True,0.7755932249311024,1.228022606141065,False,True,0.7755932249311024,1.8971618590228216,False
USDJPY,body60_filter,シグナル足の実体がローソク足全体の60%以上の時だけ入る,0,2023-11-13 04:00:00,2023-11-13 05:00:00,2023-11-13 15:00:00,long,3m,151.716,151.759,151.55392437037438,152.3742268888768,151.55392437037438,-1.00000000000005,-1.0487624981001291,10,SL,151.759,0.10253781481280043,0.41935748366084735,1.0630224585827797,0.8972299650421223,0.8440366972474959,0.8440366972474959,0.15596330275250408,0.8440366972474959,0.8307285482985329,1.4141124449036824,1.9017374259047515,0.3333333333333333,2.7404523932270006,2.984264883727396,0.6666666666666666,2.7404523932270006,2.0382724205849176,0.6666666666666666,4.008277343830168,3.969267345349883,0.5833333333333334,False,True,0.1755449931601742,0.32183248746096615,False,False,0.34133748670083147,0.39009998480118785,False,False,0.8582199665621144,0.39009998480118785,True,False,0.8582199665621144,0.9264874639026133,False
USDJPY,body60_filter,シグナル足の実体がローソク足全体の60%以上の時だけ入る,0,2023-12-28 07:00:00,2023-12-28 08:00:00,2023-12-28 17:00:00,short,3m,140.956,140.82,141.2919765295996,139.4040704112012,141.2919765295996,-1.0000000000000093,-1.021187494235103,9,SL,140.82,0.23598826479979843,0.5762998431950496,1.830599501913694,1.2839621506478236,0.7013888888889022,0.7430555555555716,0.25694444444442843,0.7430555555555716,1.1354398110585895,1.0636122106026824,1.6229620584096813,1.0,2.22892439353391,2.4450368347320084,0.8333333333333334,4.479036281302793,4.512936272079015,0.75,7.479185464994758,8.326685234399342,0.6666666666666666,False,False,1.0678497094497252,0.46188737432537597,False,True,1.0678497094497252,0.6144373328181939,False,True,1.0678497094497252,0.7288498016878675,True,False,1.339049635659139,0.7288498016878675,False
USDJPY,body60_filter,シグナル足の実体がローソク足全体の60%以上の時だけ入る,0,2024-01-11 13:00:00,2024-01-11 14:00:00,2024-01-11 15:00:00,long,3m,145.993,146.244,145.6980578063381,147.8818265809857,145.6980578063381,-0.9999999999999799,-1.0183169575754991,1,SL,146.246,0.27297109683094883,0.9268380533221705,4.744092012063864,3.15051670299223,0.6640926640926664,0.9868725868725902,0.013127413127409806,0.9868725868725902,1.0349904000054835,1.018422841199871,3.05160513208428,0.0,1.018422841199871,3.0772488726900487,0.3333333333333333,1.1539683272588594,3.231111316324556,0.4166666666666667,2.4984330133031607,3.4875487223820345,0.5416666666666666,True,False,1.8976368048255248,0.6154497745379265,True,False,2.2090250836096645,0.6154497745379265,True,False,2.2090250836096645,0.6154497745379265,True,False,2.9526935611764342,0.6154497745379265,True
USDJPY,body60_filter,シグナル足の実体がローソク足全体の60%以上の時だけ入る,0,2024-04-10 12:00:00,2024-04-10 13:00:00,2024-04-10 20:00:00,long,3m,151.97,152.384,152.16041163824463,153.0547650852661,153.0547650852661,2.9999999999999374,2.9552749529470335,7,TP,152.382,0.11179418087768762,3.685343877162706,6.672977020299447,4.866085119360493,0.7292225201072444,0.8176943699731984,0.18230563002680159,0.8176943699731984,1.0511761220087854,0.5724806022778846,4.6961299405592545,0.6666666666666666,0.9839510351649075,5.39384067458522,0.6666666666666666,1.815836910349585,5.903706210988682,0.6666666666666666,2.8176779643355014,5.4832907686910275,0.5833333333333334,False,True,0.1341751411589666,2.80873295492487,False,True,0.1341751411589666,3.5243337077720986,False,True,0.1341751411589666,5.018150279340468,False,True,0.1341751411589666,5.367005646353324,False
USDJPY,body60_filter,シグナル足の実体がローソク足全体の60%以上の時だけ入る,0,2024-06-26 10:00:00,2024-06-26 11:00:00,2024-06-26 13:00:00,long,long,160.203,160.302,160.0302599387829,161.11722018365128,160.0302599387829,-0.9999999999999776,-1.036799873950112,2,SL,160.3,0.1358700306085469,0.713917554633322,2.6275110000419932,2.288952159700504,0.8711484593837749,0.8711484593837749,0.12885154061622509,0.8711484593837749,0.9124653338721314,1.7737539243979925,2.9660698403836916,1.0,2.3331120084404984,4.040626159728499,0.8333333333333334,3.3193486303051087,4.62942414293128,0.8333333333333334,5.652460638745817,6.410538042119342,0.625,False,True,0.7065575798432532,0.6918376302631157,False,True,0.7065575798432532,0.6918376302631157,False,True,2.1196727395297597,2.391991806760839,False,True,2.1196727395297597,3.834546865607411,False
USDJPY,body60_filter,シグナル足の実体がローソク足全体の60%以上の時だけ入る,0,2024-09-16 03:00:00,2024-09-16 04:00:00,2024-09-16 15:00:00,short,long,140.248,140.12,140.74206313743548,138.25381058769358,140.74206313743548,-0.9999999999999923,-1.016075538636178,11,SL,140.12,0.31103156871774,0.41153378908668087,1.594693432711094,1.3278394913500837,0.8326612903225297,0.8528225806451489,0.14717741935485107,0.8528225806451489,0.917784194433913,1.3728509995314766,1.3021186295322231,0.6666666666666666,1.53039127816626,1.8647624817991768,0.6666666666666666,2.1509070695236283,1.7425883881641113,0.5,3.6362868395084953,2.752132214517464,0.5833333333333334,False,False,0.5787193909032307,0.5529985290852788,False,False,0.5787193909032307,0.5529985290852788,False,True,0.5787193909032307,1.2731826599871074,False,False,0.5787193909032307,1.7490186036186222,False
EURJPY,body60_filter,シグナル足の実体がローソク足全体の60%以上の時だけ入る,0,2015-03-04 08:00:00,2015-03-04 09:00:00,2015-03-06 09:00:00,short,3m,133.43,133.21,133.6729161907723,131.82125142768314,131.82125142768314,2.9999999999999907,2.972997271970248,48,TP,133.22,0.1851664763089167,1.1341145772502634,3.4023437317506366,2.9162946272148096,0.8571428571428507,0.8571428571428507,0.1428571428571493,0.8571428571428507,0.9503233205406654,1.2961309454287189,2.322234610560012,0.6666666666666666,1.2961309454287189,2.430245522678982,0.5,1.5661582257264517,2.7542782590362003,0.5833333333333334,3.510354643869607,3.8883928362864637,0.625,False,True,-0.05400545605948519,1.6201636817860905,False,True,-0.05400545605948519,1.6201636817860905,False,True,-0.05400545605948519,1.6201636817860905,False,True,-0.05400545605948519,3.132316451453057,False
EURJPY,body60_filter,シグナル足の実体がローソク足全体の60%以上の時だけ入る,0,2015-09-01 08:00:00,2015-09-01 09:00:00,2015-09-02 00:00:00,short,3m,135.27,135.06,135.64055102380337,133.3183469285899,135.64055102380337,-1.0000000000000073,-1.0215312685491478,15,SL,135.11,0.23222040952134482,0.6890005935731071,3.7033781904555885,3.4019404307672545,0.9186046511627669,0.9186046511627669,0.08139534883723312,0.9186046511627669,0.8472755722558459,1.2488135758512489,3.4450029678655354,0.6666666666666666,1.722501483932829,3.9617534130453964,0.5,1.722501483932829,3.4019404307672545,0.4166666666666667,2.325377003309374,3.4019404307672545,0.4583333333333333,False,True,0.21531268549152713,1.205751038752968,True,False,1.3780011871462141,1.205751038752968,True,True,1.3780011871462141,1.205751038752968,True,True,1.3780011871462141,1.9378141694244784,True
EURJPY,body60_filter,シグナル足の実体がローソク足全体の60%以上の時だけ入る,0,2015-12-31 18:00:00,2016-01-03 23:00:00,2016-01-04 14:00:00,short,3m,131.02,130.71,131.1961091642853,129.2516725071441,129.2516725071441,2.999999999999981,2.9742856113021943,15,TP,130.65,0.19444366571412322,1.902864763637965,0.15428633218686597,0.10285755479114654,0.666666666666035,1.0,0.0,1.0,1.3758972038370945,0.6171453287474639,5.142877739562004,0.3333333333333333,1.131433102703635,5.245735294353151,0.3333333333333333,2.108579873220404,5.862880623100614,0.4166666666666667,2.3657237601984167,4.885733852583845,0.375,False,True,0.30857266437373193,0.9257179931211958,False,True,0.30857266437373193,0.9257179931211958,False,True,0.30857266437373193,1.5942920992642329,False,True,0.30857266437373193,3.445728085506625,False
EURJPY,body60_filter,シグナル足の実体がローソク足全体の60%以上の時だけ入る,0,2016-02-18 20:00:00,2016-02-18 21:00:00,2016-02-23 01:00:00,short,3m,125.82,125.65,126.24253963549344,123.87238109351968,123.87238109351968,2.999999999999996,2.978904364786363,50,TP,125.66,0.23701585419737733,0.6750603268368494,1.940798439656017,1.43450319452835,0.7391304347826033,0.8260869565217458,0.17391304347825415,0.8260869565217458,0.9963711762317108,1.3501206536737589,1.940798439656017,0.6666666666666666,1.7720333579467746,2.5314762256382752,0.6666666666666666,3.965979420166565,3.755023068030057,0.6666666666666666,5.35829134426759,4.30350958358505,0.625,False,False,0.506295245127667,0.2531476225638335,True,False,0.8860166789734173,0.2531476225638335,True,False,1.1391643015372508,0.2531476225638335,True,True,1.1391643015372508,1.2235468423917821,True
EURJPY,body60_filter,シグナル足の実体がローソク足全体の60%以上の時だけ入る,0,2016-04-07 02:00:00,2016-04-07 03:00:00,2016-04-07 13:00:00,short,3m,124.67,124.55,125.13618836467057,122.79143490598827,122.79143490598827,3.0000000000000036,2.9786757964617543,10,TP,124.54,0.23447534586823027,0.5544292919949565,1.2794522122961467,1.0662101769134151,0.8333333333333017,0.8333333333333017,0.16666666666669824,0.8333333333333017,1.048647165415431,2.3883107962860595,1.791233097214484,1.0,2.3883107962860595,2.5162560175156137,0.6666666666666666,3.6677630085821455,2.558904424592172,0.6666666666666666,4.478082743036332,4.733973185495561,0.6666666666666666,False,True,0.21324203538267092,0.7250229203011296,False,True,0.21324203538267092,0.8956165486073027,False,True,0.21324203538267092,1.4073974335257613,False,True,0.3838356636887834,4.9045668138017335,False
EURJPY,body60_filter,シグナル足の実体がローソク足全体の60%以上の時だけ入る,0,2016-11-15 09:00:00,2016-11-15 10:00:00,2016-11-23 15:00:00,long,3m,116.56,116.71,116.15755502246458,118.36733493260625,118.36733493260625,3.0000000000000004,2.9773733122604287,147,TP,116.69,0.22097799101416812,0.5882938812293774,1.448108015333872,0.995574260542053,0.6875000000000111,0.8437500000000056,0.15624999999999445,0.8437500000000056,0.7128741463945453,1.4933613908130796,1.8553883946465475,1.0,1.5838681417714304,1.357601264375521,0.8333333333333334,1.9006417701257552,1.6291215172506381,0.6666666666666666,3.1677362835429252,3.937043666689069,0.6666666666666666,False,True,0.18101350191670182,0.8598141341044945,False,True,0.18101350191670182,0.8598141341044945,False,False,0.4977871302710265,0.8598141341044945,True,True,1.0860810115004038,0.8598141341044945,False
EURJPY,body60_filter,シグナル足の実体がローソク足全体の60%以上の時だけ入る,0,2016-11-30 09:00:00,2016-11-30 10:00:00,2016-12-04 23:00:00,long,3m,120.14,120.31,119.7573241992454,121.9680274022638,119.7573241992454,-0.9999999999999992,-1.0226172377783165,59,SL,120.28,0.22107032030183993,0.6332826577934595,2.4878961556171393,2.4878961556171393,1.0,1.0,0.0,1.0,1.0813471570195046,1.2665653155868546,1.945082448937077,0.3333333333333333,2.3974272045038063,3.4378201423073604,0.5,2.533130631173838,2.8950064356272343,0.4166666666666667,4.613916506780882,4.704385457894279,0.5,False,False,0.27140685334006326,0.768986084463491,False,True,0.4523447555667292,0.768986084463491,False,True,0.4523447555667292,1.8998479733803784,False,True,0.4523447555667292,1.8998479733803784,False
EURJPY,body60_filter,シグナル足の実体がローソク足全体の60%以上の時だけ入る,0,2017-02-06 13:00:00,2017-02-06 14:00:00,2017-02-10 01:00:00,short,3m,120.54,120.46,120.90009543311115,119.13971370066652,120.90009543311115,-0.9999999999999932,-1.0284029304999138,83,SL,120.44,0.1760381732444626,0.568058609998977,1.8745934129964545,1.8177875519966133,0.9696969696969971,1.0,0.0,1.0,0.8825049763399728,2.0450109959961393,2.8970989109945644,1.0,3.749186825992909,4.771692323991019,0.8333333333333334,4.487663018991491,3.976410269992516,0.6666666666666666,5.510168516989601,6.078227126988577,0.5833333333333334,False,True,0.1136117219997631,1.8177875519965325,True,False,1.0793113589979513,1.8177875519965325,True,False,1.3065348029975583,1.8177875519965325,True,True,1.3065348029975583,2.8402930499946426,True
EURJPY,body60_filter,シグナル足の実体がローソク足全体の60%以上の時だけ入る,0,2017-02-22 08:00:00,2017-02-22 09:00:00,2017-02-22 16:00:00,short,3m,119.33,119.14,119.4775196419848,118.12744107404559,119.4775196419848,-0.9999999999999875,-1.0370348816634123,7,SL,119.12,0.13500785679392094,1.5554650298652064,2.370232426461392,2.0739533731536786,0.8749999999999833,0.9687499999999848,0.031250000000015266,0.9687499999999848,0.984457060210358,1.9258138464997694,3.5553486396919305,0.6666666666666666,3.1849998230573675,4.444185799614965,0.6666666666666666,3.4072091130381263,4.962674142903438,0.5833333333333334,5.777441539499518,6.962557752730162,0.5833333333333334,False,True,0.14813952665380412,1.2591859765575981,False,True,0.14813952665380412,1.9998836098268293,False,True,0.14813952665380412,3.8516276929997493,False,True,0.14813952665380412,3.8516276929997493,False
EURJPY,body60_filter,シグナル足の実体がローソク足全体の60%以上の時だけ入る,0,2017-03-09 09:00:00,2017-03-09 10:00:00,2017-03-10 09:00:00,long,3m,121.12,121.25,120.8316995835087,122.50490124947393,122.50490124947393,3.000000000000007,2.9701171705616853,23,TP,121.22,0.16732016659652382,0.5976565887669387,4.183596121368741,3.4664082148484314,0.8285714285714396,0.857142857142863,0.14285714285713705,0.857142857142863,1.2481365303101453,0.6574222476436665,3.64570519147853,0.6666666666666666,0.8367192242737652,3.765236509231901,0.5,1.5539071307941597,4.123830462492098,0.5833333333333334,5.139846663395962,5.7972689110396285,0.5,False,True,0.5378909298902959,1.1355475186572346,True,False,0.896484883150493,1.1355475186572346,True,False,1.9722667429309997,1.1355475186572346,True,True,2.211329378437826,3.5859395326018024,True
EURJPY,body60_filter,シグナル足の実体がローソク足全体の60%以上の時だけ入る,0,2017-03-29 11:00:00,2017-03-29 12:00:00,2017-03-30 00:00:00,short,3m,119.32,119.15,119.61758093047581,117.74725720857258,119.61758093047581,-0.9999999999999933,-1.0267333400172363,12,SL,119.17,0.18703237219032315,0.8020002005179738,3.475334202244781,3.0476007619684373,0.8769230769230587,0.8923076923076819,0.10769230769231812,0.8923076923076819,1.1324269638521993,1.4970670409669755,2.833734041830341,0.6666666666666666,2.9406674018993892,5.025867923246243,0.8333333333333334,4.010001002590097,5.988268163867902,0.6666666666666666,4.010001002590097,3.635734242348315,0.5416666666666666,True,False,0.8554668805525358,0.8554668805525358,True,False,0.8554668805525358,0.8554668805525358,True,False,1.6574670810705856,0.8554668805525358,True,False,1.7644004411396335,0.8554668805525358,True
EURJPY,body60_filter,シグナル足の実体がローソク足全体の60%以上の時だけ入る,0,2017-11-30 18:00:00,2017-11-30 19:00:00,2017-12-01 11:00:00,long,3m,133.86,134.03,133.54626796387308,135.48119610838074,133.54626796387308,-1.0000000000000195,-1.0258407528682234,16,SL,134.04,0.19349281445076563,0.9302671032560721,1.860534206512438,1.2920376434113663,0.6944444444444181,0.7777777777777515,0.22222222222224855,0.7777777777777515,1.1905298141489196,2.7391198040321028,4.237883470389247,1.0,3.876112930234099,5.58160261953702,1.0,5.219832079381873,5.323195090854835,0.8333333333333334,5.788328642482945,7.028684780157756,0.7083333333333334,True,False,1.085311620465442,0.15504451720936985,True,False,1.188674631938404,0.15504451720936985,True,False,1.188674631938404,0.41345204589170187,True,False,1.188674631938404,0.41345204589170187,True
EURJPY,body60_filter,シグナル足の実体がローソク足全体の60%以上の時だけ入る,0,2017-12-20 16:00:00,2017-12-20 17:00:00,2017-12-22 01:00:00,long,3m,134.33,134.61,134.15831591750083,135.96505224749757,134.15831591750083,-0.9999999999999905,-1.0276742096618088,32,SL,134.6,0.18067363299967557,1.4944073217394518,2.9888146434790612,2.379982030918584,0.7962962962963207,0.8148148148148227,0.18518518518517738,0.8148148148148227,1.1834921590134635,1.8818462570053813,3.154859901450129,0.6666666666666666,1.8818462570053813,3.7636925140107627,0.5,3.3209051594213537,4.538570384542307,0.5833333333333334,5.811584028987212,6.475765060871325,0.625,False,False,0.44278735458940893,0.33209051594213534,False,True,0.44278735458940893,0.38743893526577217,False,True,0.44278735458940893,0.4981357739132031,False,False,0.44278735458940893,0.8302262898553384,False
EURJPY,body60_filter,シグナル足の実体がローソク足全体の60%以上の時だけ入る,0,2018-02-01 10:00:00,2018-02-01 11:00:00,2018-02-05 20:00:00,long,3m,136.27,136.43,135.9523954568814,137.86281362935586,135.9523954568814,-1.000000000000006,-1.0261722803522142,55,SL,136.45,0.19104181724744534,0.942202092680237,1.8320596246562064,1.727370503247225,0.9428571428571126,0.9428571428571126,0.057142857142887304,0.9428571428571126,0.9304296485546224,2.5648834745186297,3.7688083707213944,0.6666666666666666,2.6172280352231945,3.350051885085618,0.6666666666666666,3.925842052834792,4.868044145515029,0.75,5.234456070446389,5.967279920308813,0.7083333333333334,False,False,0.8375129712714044,0.15703368211339763,False,False,0.942202092680237,0.15703368211339763,False,True,0.942202092680237,0.4711010463401929,True,False,2.5125389138142133,0.9945466533848021,False
EURJPY,body60_filter,シグナル足の実体がローソク足全体の60%以上の時だけ入る,0,2018-04-09 13:00:00,2018-04-09 14:00:00,2018-04-09 19:00:00,long,3m,131.8,131.9,131.47036067826883,133.1889179651935,131.47036067826883,-1.0000000000000204,-1.029094171244919,5,SL,131.89,0.17185572869246574,0.5236950824085077,1.3965202197564617,1.1055785073071436,0.7916666666666272,0.9583333333332544,0.041666666666745615,0.9583333333332544,0.9340974099151432,1.9202153021651347,2.6184754120432,0.6666666666666666,2.909417124492518,2.269345357104085,0.5,3.4913005493909886,4.131372316779257,0.75,3.5494888918809515,3.4913005493909886,0.625,True,False,0.8146367948578257,0.5236950824086731,True,False,0.9892018223273834,0.5236950824086731,True,False,1.1637668497969411,0.5236950824086731,True,False,3.0839821519619104,0.5236950824086731,True
EURJPY,body60_filter,シグナル足の実体がローソク足全体の60%以上の時だけ入る,0,2018-04-24 13:00:00,2018-04-24 14:00:00,2018-04-24 17:00:00,long,3m,133.07,133.43,133.0343447697335,134.6169656907995,133.0343447697335,-1.000000000000008,-1.0315931625409636,3,SL,133.42,0.15826209210659828,2.2115213778688703,2.969757278852524,2.401080353114784,0.8085106382978646,0.9361702127659549,0.06382978723404513,0.9361702127659549,1.1091960338501692,1.3900991518033055,3.222502579180349,1.0,2.780198303606611,4.107111130327826,0.6666666666666666,2.969757278852524,4.043924805245914,0.5833333333333334,4.35985643065583,6.192259858032873,0.5833333333333334,False,False,1.137353851475301,0.3159316254099156,False,False,1.137353851475301,0.3159316254099156,False,False,2.401080353114784,0.3159316254099156,True,False,3.601620529672176,0.3159316254099156,False
EURJPY,body60_filter,シグナル足の実体がローソク足全体の60%以上の時だけ入る,0,2018-05-23 07:00:00,2018-05-23 08:00:00,2018-05-28 12:00:00,short,3m,129.22,128.87,129.52440171956854,126.90679484129441,126.90679484129441,3.0000000000000027,2.9808985832001964,73,TP,128.86,0.2617606878274119,1.3753020095872683,4.0495003615626874,3.51466069116756,0.8679245283018732,0.8679245283018732,0.13207547169812686,0.8679245283018732,1.5354357356278503,1.2224906751888158,4.35512303035981,0.3333333333333333,3.4764578575679472,4.240514529560862,0.5,3.9730946943633527,6.685495879938385,0.5,6.265264710342314,9.1304772303158,0.5416666666666666,False,False,0.15281133439856126,1.489910510386325,False,True,0.19101416799817442,1.9865473471817305,False,True,0.19101416799817442,1.9865473471817305,False,True,0.6112453375943536,2.444981350377523,False
EURJPY,body60_filter,シグナル足の実体がローソク足全体の60%以上の時だけ入る,0,2018-08-03 13:00:00,2018-08-03 14:00:00,2018-08-07 18:00:00,short,3m,129.11,128.7,129.1084773667572,127.47456789972833,129.1084773667572,-0.9999999999999796,-1.0306014506977808,50,SL,128.71,0.16339094670288765,2.448116055826344,3.3049566753656427,3.0601450697828865,0.9259259259258908,0.9259259259258908,0.07407407407410917,0.9259259259258908,1.1501194641108041,1.8972899432654036,3.488565379552449,0.3333333333333333,1.8972899432654036,3.1213479711784884,0.5,2.0808986474523836,4.345405999091573,0.5833333333333334,2.570521858617722,4.95743501304829,0.5416666666666666,False,False,1.162855126517483,0.06120290139577601,False,False,1.224058027913085,0.06120290139577601,False,False,1.5300725348914432,0.06120290139577601,False,True,1.5300725348914432,0.24481160558275616,False
EURJPY,body60_filter,シグナル足の実体がローソク足全体の60%以上の時だけ入る,0,2018-08-26 23:00:00,2018-08-27 00:00:00,2018-08-27 02:00:00,long,3m,129.43,129.58,129.2017968773843,130.71460936784715,129.2017968773843,-0.9999999999999658,-1.0330510227243066,2,SL,129.6,0.15128124904628584,1.1237347726285263,1.916959318013457,1.6525511362185428,0.8620689655172651,0.8965517241379243,0.10344827586207572,0.8965517241379243,0.8936464651719712,1.4542449998723102,2.181367499808371,0.3333333333333333,1.5203470453211796,2.049163408911008,0.16666666666666666,3.833918636027102,4.8254493177580775,0.5833333333333334,6.742408635771722,7.535633181156465,0.625,True,False,1.5203470453209917,-0.13220409089736318,True,False,1.916959318013457,-0.13220409089736318,True,False,4.164428863270698,-0.13220409089736318,True,False,4.230530908719379,-0.13220409089736318,True
EURJPY,body60_filter,シグナル足の実体がローソク足全体の60%以上の時だけ入る,0,2018-10-08 08:00:00,2018-10-08 09:00:00,2018-10-18 17:00:00,short,3m,130.15,129.97,130.48905903395524,128.41282289813427,128.41282289813427,2.999999999999977,2.97591796080544,198,TP,129.99,0.20762361358209935,0.7706252542258578,3.515977722405502,3.3714854872381452,0.9589041095890389,0.9589041095890389,0.04109589041096104,0.9589041095890389,1.1026117441285177,1.8783990571756397,4.47925929018779,1.0,2.215547605899427,5.298048622802859,1.0,2.600860233012287,5.249884544413785,0.75,3.612305879183786,5.009064152468144,0.5833333333333334,False,False,0.8187893326149313,0.09632815677828356,False,False,0.8187893326149313,0.1444922351673569,False,False,0.8187893326149313,0.19265631355656712,False,True,0.8187893326149313,1.8302349787864296,False
EURJPY,body60_filter,シグナル足の実体がローソク足全体の60%以上の時だけ入る,0,2019-01-02 02:00:00,2019-01-02 03:00:00,2019-01-02 09:00:00,short,3m,125.53,125.49,125.66499191175882,124.96502426472352,124.96502426472352,3.0000000000000333,2.9285681270960073,6,TP,125.49,0.0699967647035286,0.5714549832328153,1.8572286955064974,1.285773712273682,0.6923076923076671,0.7692307692307776,0.23076923076922237,0.7692307692307776,0.5245540895853601,3.714457391012589,3.1430024077799765,1.0,4.285912374245404,2.2858199329310582,0.5,4.285912374245404,2.2858199329310582,0.25,4.285912374245404,2.2858199329310582,0.125,False,True,0.0,5.285958594902577,False,True,0.0,5.285958594902577,False,True,0.0,5.285958594902577,False,True,0.42859123742456073,5.285958594902577,False
EURJPY,body60_filter,シグナル足の実体がローソク足全体の60%以上の時だけ入る,0,2019-03-22 14:00:00,2019-03-22 15:00:00,2019-03-25 08:00:00,short,3m,124.27,123.94,124.54957324912665,122.11128025262003,124.54957324912665,-0.9999999999999997,-1.0205061492083147,16,SL,123.99,0.2438292996506619,1.1483443556666961,2.1326395176667545,1.6404919366667254,0.769230769230765,1.0,0.0,1.0,1.96928541295844,2.0506149208333775,2.5837748002500955,1.0,7.177152222916821,3.568069962250096,0.8333333333333334,7.177152222916821,7.956385892833555,0.4166666666666667,7.177152222916821,8.407521175416894,0.4583333333333333,False,True,0.6972090730833554,0.6561967746666668,False,False,0.6972090730833554,0.6972090730833554,True,False,1.2303689525000732,0.6972090730833554,True,False,1.5584673398334066,0.6972090730833554,True
EURJPY,body60_filter,シグナル足の実体がローソク足全体の60%以上の時だけ入る,0,2019-07-16 09:00:00,2019-07-16 10:00:00,2019-07-16 14:00:00,short,3m,121.3,121.17,121.43751373848232,120.36745878455302,121.43751373848232,-0.9999999999999809,-1.0467265721413008,4,SL,121.18,0.1070054953929307,1.1214377313926078,2.6166880399161734,2.6166880399161734,1.0,1.0,0.0,1.0,1.078152934487126,2.5232348956335335,4.018485204157099,0.6666666666666666,2.5232348956335335,3.644672627026141,0.3333333333333333,2.5232348956335335,2.6166880399161734,0.16666666666666666,2.990500617047131,4.205391492722511,0.375,False,True,0.373812577130825,0.7476251542619156,False,True,0.373812577130825,0.7476251542619156,True,False,2.055969174219936,0.934531442827328,True,False,3.0839537613299037,0.934531442827328,True
EURJPY,body60_filter,シグナル足の実体がローソク足全体の60%以上の時だけ入る,0,2019-08-01 12:00:00,2019-08-01 13:00:00,2019-08-02 01:00:00,short,3m,120.03,119.77,120.17032227646841,118.56903317059474,118.56903317059474,3.0000000000000044,2.968775157579888,12,TP,119.76,0.1601289105873678,1.686141490687789,2.7477861329727196,2.43553770877129,0.8863636363636422,0.9772727272727155,0.022727272727284472,0.9772727272727155,1.5131928687614653,2.248188654250415,4.059229514618758,1.0,3.184933926854703,4.87107541754258,0.8333333333333334,3.372282981375578,5.245773526584242,0.5833333333333334,5.932720059827422,8.056009344397284,0.5833333333333334,False,False,0.7493962180834124,0.4371477938820719,False,True,0.7493962180834124,1.311443381646127,False,False,0.7493962180834124,1.311443381646127,False,True,0.7493962180834124,5.308223211424652,False
EURJPY,body60_filter,シグナル足の実体がローソク足全体の60%以上の時だけ入る,0,2019-08-23 15:00:00,2019-08-23 16:00:00,2019-08-26 07:00:00,short,3m,117.5,117.37,117.7874202349423,116.11773929517312,117.7874202349423,-1.0000000000000067,-1.0299458410340827,14,SL,117.36,0.16696809397691825,0.8384835489548933,2.7550173751375433,2.635234011001069,0.9565217391304133,0.9782608695652066,0.021739130434793353,0.9782608695652066,1.3248759059378903,1.7368587799780237,2.814909057205695,0.6666666666666666,1.8566421441144128,3.2940425137513363,0.6666666666666666,2.335775600660054,3.353934195819573,0.5833333333333334,2.51545064686468,3.8929593344334514,0.5416666666666666,False,False,0.7785918668866563,0.5989168206820302,False,False,0.7785918668866563,0.5989168206820302,False,True,0.7785918668866563,0.5989168206820302,False,True,0.7785918668866563,3.4138258778877253,False
EURJPY,body60_filter,シグナル足の実体がローソク足全体の60%以上の時だけ入る,0,2019-10-11 10:00:00,2019-10-11 11:00:00,2019-10-17 08:00:00,long,3m,119.35,119.47,119.0709052582008,120.6672842253976,120.6672842253976,2.9999999999999876,2.9686791162829134,92,TP,119.48,0.15963789671968004,0.814342976644739,2.3177453950656517,2.3177453950656517,1.0,1.0,0.0,1.0,1.1963695783588113,2.505670697368277,4.00907311578919,0.6666666666666666,2.505670697368277,3.507938976315552,0.6666666666666666,2.6935959996709022,4.447565487828679,0.6666666666666666,4.760774324999691,6.577385580591616,0.5833333333333334,False,True,0.18792530230262525,2.568312464802426,False,True,0.18792530230262525,2.568312464802426,False,True,0.18792530230262525,3.069446604276064,False,True,0.18792530230262525,3.069446604276064,False
EURJPY,body60_filter,シグナル足の実体がローソク足全体の60%以上の時だけ入る,0,2020-01-26 23:00:00,2020-01-27 00:00:00,2020-01-27 07:00:00,short,3m,120.16,119.94,120.32202361595864,118.79392915212405,120.32202361595864,-0.9999999999999928,-1.0327204902467049,7,SL,119.94,0.15280944638345884,1.4397015708566379,1.5051425513501553,1.1779376488827544,0.78260869565219,0.9130434782608884,0.08695652173911163,0.9130434782608884,1.3132473161326186,0.8507327464152606,3.7301358881286295,0.3333333333333333,1.7014654928305213,3.795576868622054,0.5,3.664694907635019,6.347775107867928,0.5,5.497042361452575,7.3948307957636485,0.4583333333333333,True,False,2.159552356284957,0.06544098049342435,True,False,2.159552356284957,0.06544098049342435,True,False,2.159552356284957,0.06544098049342435,True,False,2.4867572587523576,0.06544098049342435,True
EURJPY,body60_filter,シグナル足の実体がローソク足全体の60%以上の時だけ入る,0,2020-02-20 14:00:00,2020-02-20 15:00:00,2020-02-20 16:00:00,long,3m,121.13,121.3,120.80176899108378,122.79469302674867,120.80176899108378,-0.999999999999986,-1.0250887635981794,1,SL,121.29,0.19929240356649128,0.8028404351429728,1.956923560660867,1.5555033430894163,0.7948717948717996,0.7948717948717996,0.20512820512820046,0.7948717948717996,1.6992707192012895,1.5555033430894163,2.408521305428776,0.6666666666666666,3.261539267768064,3.512426903750283,0.8333333333333334,4.917397665250325,5.720238100393298,0.9166666666666666,8.37964704180415,8.83124478657213,0.7916666666666666,True,False,1.3547932343037266,0.2508876359821478,True,False,4.01420217571465,0.2508876359821478,True,False,4.01420217571465,0.2508876359821478,True,False,4.01420217571465,0.2508876359821478,True
EURJPY,body60_filter,シグナル足の実体がローソク足全体の60%以上の時だけ入る,0,2020-05-27 09:00:00,2020-05-27 10:00:00,2020-05-27 15:00:00,long,3m,118.5,118.66,118.13570445153998,120.23288664538003,118.13570445153998,-1.000000000000008,-1.0238415146508653,5,SL,118.65,0.20971821938400526,0.7152454395263946,4.434521725063511,3.62391022693362,0.8172043010752683,1.0,0.0,1.0,1.4603511991988738,1.5735399669580004,3.9100084027441775,1.0,1.7642720841650614,3.7669593148388985,0.8333333333333334,2.1934193478808983,2.956347816709007,0.5,3.0040308460107217,3.0040308460107896,0.5,False,False,0.476830293017619,0.6198793809228301,False,True,0.476830293017619,1.1443927032421637,False,True,1.1443927032422314,1.1443927032421637,True,False,2.5272005529931705,1.1443927032421637,False
EURJPY,body60_filter,シグナル足の実体がローソク足全体の60%以上の時だけ入る,0,2020-07-14 10:00:00,2020-07-14 11:00:00,2020-07-22 04:00:00,long,3m,121.95,122.1,121.70205356053538,123.29383931839384,123.29383931839384,2.999999999999992,2.9685887376783446,137,TP,122.1,0.159178575785846,0.942337869650228,1.5077405914405075,1.382095542153739,0.9166666666666272,0.9166666666666272,0.08333333333337281,0.9166666666666272,1.1693631072178283,2.952658658237542,3.455238855384348,0.6666666666666666,2.952658658237542,2.952658658237542,0.6666666666666666,3.078303707524221,2.3872559364473513,0.5,4.774511872894703,5.0886244961114455,0.5416666666666666,False,True,0.31411262321674266,0.6282252464335746,False,False,0.8166928203635487,0.6282252464335746,False,True,0.8166928203635487,0.6910477710768695,False,True,0.8166928203635487,1.193627968223765,False
EURJPY,body60_filter,シグナル足の実体がローソク足全体の60%以上の時だけ入る,0,2020-08-05 09:00:00,2020-08-05 10:00:00,2020-08-06 11:00:00,long,3m,125.17,125.31,124.94576508452589,126.40270474642236,124.94576508452589,-0.9999999999999885,-1.034318511128219,25,SL,125.34,0.1456939661896473,1.1668293783609107,2.0591106676956845,1.578651511900067,0.7666666666666871,0.8666666666666919,0.13333333333330807,0.8666666666666919,0.9013725421806968,2.6768438680044193,3.157303023800134,1.0,2.745480890260978,4.186858357647928,0.5,3.2259400460565955,4.392769424417506,0.4166666666666667,5.696872847291436,2.5395698234913997,0.4583333333333333,False,False,1.098192356104352,0.2745480890260393,False,False,1.098192356104352,0.2745480890260393,False,False,1.098192356104352,0.8236442670782153,False,True,1.1668293783609107,1.0295553338477934,False
EURJPY,body60_filter,シグナル足の実体がローソク足全体の60%以上の時だけ入る,0,2020-09-16 12:00:00,2020-09-16 13:00:00,2020-09-21 08:00:00,short,3m,124.44,124.36,124.79656866788886,123.05029399633341,123.05029399633341,2.999999999999996,2.97136761998877,66,TP,124.35,0.1746274671555457,0.5153828402025543,2.863238001125193,1.832472320720166,0.6400000000000148,0.8200000000000216,0.1799999999999784,0.8200000000000216,1.1990958096962743,2.347855160922639,3.3786208413277476,0.3333333333333333,2.347855160922639,3.0350322811927115,0.5,2.8059732411026603,1.7752075606976327,0.3333333333333333,5.497416962160336,4.466651281755308,0.375,False,True,0.3435885601350362,1.0880304404275605,False,True,0.3435885601350362,2.6914437210576754,False,True,0.3435885601350362,2.6914437210576754,False,True,0.3435885601350362,2.6914437210576754,False
EURJPY,body60_filter,シグナル足の実体がローソク足全体の60%以上の時だけ入る,0,2020-09-28 00:00:00,2020-09-28 01:00:00,2020-09-28 10:00:00,short,3m,122.5,122.39,122.75489612358454,121.29531162924638,122.75489612358454,-1.000000000000011,-1.0342563244498175,9,SL,122.38,0.14595844943381572,0.8221517867961324,3.0830692004853995,3.0830692004853995,1.0,1.0,0.0,1.0,0.8871858494074643,0.9591770845954555,2.7405059559870435,0.3333333333333333,1.2332276801941013,2.6034806581877206,0.3333333333333333,1.918354169190911,1.986866818090621,0.4166666666666667,3.6311703916827884,4.590347476278244,0.5416666666666666,True,False,2.192404764789654,-0.06851264889971016,True,False,2.192404764789654,-0.06851264889971016,True,False,2.192404764789654,-0.06851264889971016,True,False,2.192404764789654,0.0685126488996128,True
EURJPY,body60_filter,シグナル足の実体がローソク足全体の60%以上の時だけ入る,0,2021-02-24 07:00:00,2021-02-24 08:00:00,2021-02-25 08:00:00,long,3m,128.42,128.55,128.2259184846971,129.52224454590876,129.52224454590876,3.000000000000005,2.96142945706637,24,TP,128.55,0.1296326061211666,1.0028341162756065,2.391373661887563,1.9285271466835046,0.8064516129032199,0.838709677419411,0.16129032258058898,0.838709677419411,1.1250227099357248,1.9285271466835046,2.699938005357082,1.0,1.9285271466835046,2.5456558336223223,0.6666666666666666,4.474182980305827,5.245593838979185,0.5833333333333334,5.091311667244535,5.091311667244535,0.4583333333333333,False,True,0.30856434346951855,1.2342573738774165,False,True,0.4628465152040586,1.2342573738774165,False,True,0.4628465152040586,1.6971038890814751,False,True,0.4628465152040586,1.6971038890814751,False
EURJPY,body60_filter,シグナル足の実体がローソク足全体の60%以上の時だけ入る,0,2021-03-23 18:00:00,2021-03-23 19:00:00,2021-03-26 07:00:00,short,3m,128.72,128.63,128.99201531866663,127.54395404400012,128.99201531866663,-1.0000000000000255,-1.0345289255881156,60,SL,128.63,0.14480612746665059,0.6215206605862087,1.7264462794060698,1.58833057705371,0.9200000000000728,1.0,0.0,1.0,1.1822704436064735,1.1739834699960412,2.002677684110986,0.6666666666666666,1.933619832934806,2.3479669399922787,0.8333333333333334,6.215206605861891,5.731801647628238,0.8333333333333334,7.527305778210488,8.355999992325433,0.7083333333333334,False,False,0.2762314047049162,0.2762314047049162,False,False,0.8286942141149449,0.2762314047049162,False,False,0.8286942141149449,0.2762314047049162,False,True,0.8286942141149449,1.4502148747011536,False
EURJPY,body60_filter,シグナル足の実体がローソク足全体の60%以上の時だけ入る,0,2021-04-20 04:00:00,2021-04-20 05:00:00,2021-04-20 09:00:00,long,3m,130.65,130.88,130.5477774797242,131.87666756082737,130.5477774797242,-0.999999999999995,-1.037625384304502,4,SL,130.85,0.13288900811031748,1.5050153721815662,3.1605322815813746,2.78427843853609,0.880952380952418,1.0,0.0,1.0,1.2050937232466399,1.0535107605272673,3.1605322815813746,0.6666666666666666,3.6120368932358873,4.816049190981183,0.8333333333333334,3.6120368932358873,5.493306108462952,0.5833333333333334,5.643807645681194,7.750829166735515,0.5833333333333334,False,False,0.677256917481769,0.677256917481769,False,True,0.677256917481769,0.677256917481769,False,False,0.8277584546997973,0.677256917481769,True,False,2.78427843853609,0.677256917481769,False
EURJPY,body60_filter,シグナル足の実体がローソク足全体の60%以上の時だけ入る,0,2021-07-08 04:00:00,2021-07-08 05:00:00,2021-07-09 06:00:00,short,3m,130.04,129.93,130.28445911488558,128.86662265534332,130.28445911488558,-1.0000000000000386,-1.0352649980634243,25,SL,129.92,0.14178364595422316,0.8463599535220602,1.974839891551407,1.6927199070441203,0.8571428571428862,1.0,0.0,1.0,1.2783251153024342,2.2569598760586933,3.1738498257077254,0.6666666666666666,2.6096098566927517,2.9622598373272107,0.6666666666666666,4.020209779229585,4.654979744371331,0.75,6.559289639795566,6.841409624303052,0.625,False,True,0.49370997288800206,2.11589988380495,False,True,0.49370997288800206,2.11589988380495,False,False,1.4811299186636053,2.11589988380495,False,False,1.4811299186636053,2.11589988380495,False
EURJPY,body60_filter,シグナル足の実体がローソク足全体の60%以上の時だけ入る,0,2021-08-31 01:00:00,2021-08-31 02:00:00,2021-08-31 12:00:00,long,3m,129.78,129.84,129.6433645299804,130.42990641005878,129.6433645299804,-1.000000000000049,-1.0635694058592424,10,SL,129.85,0.07865418800783643,0.8899716820294297,2.161359799214742,2.0342209874959942,0.9411764705881271,0.9411764705881271,0.05882352941187288,0.9411764705881271,0.8204249745464158,1.271388117184951,2.797053857807037,0.3333333333333333,1.3985269289033377,2.542776234369902,0.5,1.907082175777246,3.0513314812438104,0.5833333333333334,3.3056091046809453,3.687025539836467,0.5416666666666666,False,True,0.2542776234367734,0.762832870311043,False,False,0.5085552468739082,0.762832870311043,False,True,0.5085552468739082,1.1442493054665643,False,True,0.6356940585922949,2.161359799214742,False
EURJPY,body60_filter,シグナル足の実体がローソク足全体の60%以上の時だけ入る,0,2022-02-24 02:00:00,2022-02-24 03:00:00,2022-02-24 18:00:00,short,3m,129.17,128.86,129.49236561203458,126.9629031638963,129.49236561203458,-0.9999999999999868,-1.0197670457755648,15,SL,128.85,0.25294624481382805,1.265090929638104,3.637136422709577,2.9650568663393697,0.8152173913043589,0.9782608695652368,0.021739130434763134,0.9782608695652368,1.247874192988926,1.7790341198035768,3.044125049441793,0.6666666666666666,2.0557727606620033,4.585954619938211,0.6666666666666666,3.7952727889144247,5.613841000269269,0.75,4.585954619938211,5.49523872561569,0.625,False,False,0.4744090986143171,1.9767045775595797,False,True,0.4744090986143171,1.9767045775595797,False,True,0.4744090986143171,1.9767045775595797,False,True,1.2255568380869484,1.9767045775595797,False
EURJPY,body60_filter,シグナル足の実体がローソク足全体の60%以上の時だけ入る,0,2022-04-18 23:00:00,2022-04-19 00:00:00,2022-04-19 06:00:00,long,3m,137.28,137.38,137.01750875030277,138.4674737490917,138.4674737490917,3.000000000000029,2.9655164089880275,6,TP,137.44,0.14499649987889382,1.1034749123850178,1.5862451865534262,1.5862451865534262,1.0,1.0,0.0,1.0,0.7558903033155971,1.7241795506016269,3.10352319108285,1.0,2.7586872809624463,3.86216219334766,0.8333333333333334,3.9311293753716625,5.3104730158530815,0.8333333333333334,5.03460428775668,5.724276107997292,0.625,False,True,0.5517374561924109,1.2414092764332185,False,True,0.5517374561924109,2.758687280962642,False,True,0.5517374561924109,4.275965285492066,False,True,0.5517374561924109,6.138079200141894,False
EURJPY,body60_filter,シグナル足の実体がローソク足全体の60%以上の時だけ入る,0,2023-01-03 00:00:00,2023-01-03 01:00:00,2023-01-04 14:00:00,short,3m,139.17,138.71,139.4417004486672,136.5148986539984,139.4417004486672,-0.9999999999999833,-1.0170834936930067,37,SL,138.72,0.29268017946688396,1.5375144323734604,3.416698738607776,2.1525202053228836,0.6299999999999955,0.6500000000000057,0.3499999999999943,0.6500000000000057,1.2533593787281856,2.2550211674811207,2.4941900791836416,0.3333333333333333,2.357522129639358,2.4258561044115483,0.5,2.494190079183739,2.7675259782723067,0.5833333333333334,3.177529826905255,4.817545221436953,0.625,False,True,0.4441708360189954,0.5466717981772325,False,True,0.4441708360189954,0.9566756468101812,False,True,0.4441708360189954,1.605848407145651,False,True,0.4441708360189954,1.7425163566899349,False
EURJPY,body60_filter,シグナル足の実体がローソク足全体の60%以上の時だけ入る,0,2023-02-27 14:00:00,2023-02-27 15:00:00,2023-03-09 08:00:00,long,3m,144.13,144.23,143.75181676839512,145.66454969481464,143.75181676839512,-0.9999999999999858,-1.0261406071434778,184,SL,144.27,0.19127329264195211,0.7319370000185195,2.509498285777611,1.6729988571851235,0.6666666666666864,0.6666666666666864,0.3333333333333136,0.6666666666666864,1.0647033605685448,1.5684364286110068,1.9344049286201923,0.3333333333333333,1.5684364286110068,2.143529785768277,0.5,2.561779500064595,2.8231855714998124,0.4166666666666667,2.614060714351579,2.614060714351579,0.4166666666666667,False,True,0.4705309285833021,0.2614060714350688,False,True,0.4705309285833021,0.8364994285924875,False,True,0.4705309285833021,1.254749142888657,False,True,0.4705309285833021,1.3593115714627737,False
EURJPY,body60_filter,シグナル足の実体がローソク足全体の60%以上の時だけ入る,0,2023-03-30 21:00:00,2023-03-30 22:00:00,2023-03-31 06:00:00,long,3m,145.08,145.23,144.56290689141844,147.23127932574468,144.56290689141844,-0.9999999999999807,-1.018738013988114,8,SL,145.24,0.2668372434326267,0.5996164476207937,1.686421258933582,1.4240890630993983,0.8444444444444024,0.9333333333333333,0.06666666666666667,0.9333333333333333,0.8973062642956934,1.0868048113126818,2.098657566672831,0.6666666666666666,2.548369902388453,3.4477945738196967,0.6666666666666666,4.084887049416757,3.860030881558946,0.5,7.232873399426004,5.658880224421433,0.5,False,True,0.03747602797637283,1.386613035123132,False,True,0.03747602797637283,1.386613035123132,True,False,1.1617568672653211,1.386613035123132,True,False,1.9862294827439257,1.386613035123132,True
EURJPY,body60_filter,シグナル足の実体がローソク足全体の60%以上の時だけ入る,0,2023-08-10 02:00:00,2023-08-10 03:00:00,2023-08-18 14:00:00,long,3m,158.02,158.13,157.71065014111875,159.3880495766437,157.71065014111875,-1.0000000000000244,-1.0298080462775092,154,SL,158.13,0.16773994355249486,0.6557770181051736,1.5500184064305644,1.1327057585454385,0.7307692307692476,0.7307692307692476,0.2692307692307524,0.7307692307692476,0.7871615541344396,1.7884827766506122,2.026947146870829,1.0,2.026947146870829,2.682724164976003,0.8333333333333334,3.2192689979712372,2.7423402575311417,0.6666666666666666,6.140457533167457,6.557770181052583,0.625,False,True,0.2980804627750173,0.29808046277518674,False,True,0.2980804627750173,1.3115540362105167,False,True,0.2980804627750173,2.026947146870829,False,True,0.2980804627750173,2.6231080724210334,False
EURJPY,body60_filter,シグナル足の実体がローソク足全体の60%以上の時だけ入る,0,2023-10-03 12:00:00,2023-10-03 13:00:00,2023-10-06 02:00:00,short,3m,156.63,156.11,156.74232672460275,154.2130198261918,156.74232672460275,-1.0000000000000067,-1.0197682614282138,61,SL,156.11,0.252930689841092,2.055899188535328,5.258357539907899,3.8350427170756456,0.7293233082706689,0.7293233082706689,0.270676691729331,0.7293233082706689,1.4253366077070913,1.0674861171240781,3.795506194219119,0.3333333333333333,1.265168731406373,3.795506194219119,0.3333333333333333,1.8582165742531453,2.8861661685208095,0.4166666666666667,3.5582870570805225,4.388554037065892,0.5833333333333334,False,True,0.31629218285153704,1.0674861171241905,False,True,0.31629218285153704,1.186095685693545,False,True,0.31629218285153704,1.186095685693545,False,True,0.31629218285153704,1.462851345688668,False
EURJPY,body60_filter,シグナル足の実体がローソク足全体の60%以上の時だけ入る,0,2023-10-31 07:00:00,2023-10-31 08:00:00,2023-11-01 09:00:00,long,3m,159.89,160.09,159.4547517489151,161.99574475325474,159.4547517489151,-0.9999999999999867,-1.0196773465784943,25,SL,160.09,0.25409930043396456,0.7870938631410878,1.9677346578525516,1.9677346578525516,1.0,1.0,0.0,1.0,1.5100756110249143,2.439990975737182,3.581277077291631,1.0,5.430947655673025,6.611588450384601,0.8333333333333334,5.706430507772355,7.398682313525577,0.6666666666666666,7.634810472467891,8.461259028765994,0.7083333333333334,False,True,0.9051579426121336,2.5580550552083396,False,True,0.9051579426121336,2.7154738278365125,False,True,0.9051579426121336,2.7154738278365125,False,True,0.9051579426121336,2.7154738278365125,False
EURJPY,body60_filter,シグナル足の実体がローソク足全体の60%以上の時だけ入る,0,2023-11-06 08:00:00,2023-11-06 09:00:00,2023-11-07 10:00:00,long,3m,160.78,160.84,160.4842977154739,161.90710685357834,160.4842977154739,-0.9999999999999808,-1.0351417478710747,25,SL,160.86,0.14228091381044397,0.5622679659381004,1.8273708892986764,1.265102923360576,0.6923076923076671,1.0,0.0,1.0,0.7592116913143825,1.6165204020717139,2.178788368009814,0.6666666666666666,1.757087393556289,2.319355359494389,0.5,3.514174787112578,4.287293240277441,0.5,7.0986330699673434,7.309483557194306,0.625,False,False,0.28113398296915004,0.4217009744533256,False,False,0.8434019489070507,0.4217009744533256,False,True,0.8434019489070507,0.7028349574224757,False,False,1.405669914845151,0.7028349574224757,False
EURJPY,body60_filter,シグナル足の実体がローソク足全体の60%以上の時だけ入る,0,2024-04-23 05:00:00,2024-04-23 06:00:00,2024-04-25 03:00:00,long,3m,165.14,165.33,164.87749174943718,166.6875247516885,166.6875247516885,2.9999999999999813,2.9723761942805473,45,TP,165.33,0.18100330022513275,1.0497046173395914,4.530304137991417,3.3148566863352213,0.7317073170731792,0.7317073170731792,0.2682926829268208,0.7317073170731792,0.950106856628339,1.7126759546063215,2.596637737629152,0.0,2.0441616232398436,2.486142514751416,0.16666666666666666,2.0441616232398436,2.320399680434655,0.3333333333333333,3.425351909212957,2.817628183384938,0.4583333333333333,False,False,0.6629713372670443,0.27623805719449707,True,False,1.9889140118011326,0.27623805719449707,True,False,2.4308949033125478,0.27623805719449707,True,True,2.4308949033125478,1.5469331202897174,True
EURJPY,body60_filter,シグナル足の実体がローソク足全体の60%以上の時だけ入る,0,2024-07-23 05:00:00,2024-07-23 06:00:00,2024-07-24 03:00:00,short,3m,169.99,169.71,170.4452777193341,167.50416684199777,167.50416684199777,2.99999999999999,2.9829996208625538,21,TP,169.7,0.2941110877336324,0.9860219899722541,2.9240652116416004,2.414053837518134,0.8255813953488607,0.9069767441860634,0.09302325581393658,0.9069767441860634,1.1008665748243949,1.0540235065219015,1.836040946844827,0.6666666666666666,2.448054595793006,3.3320743109405475,0.5,3.2640727943906103,4.420098575737418,0.5833333333333334,3.4680773440400356,3.43407658576526,0.4583333333333333,False,True,0.20400454964942522,0.7480166820478603,False,True,0.20400454964942522,1.1220250230717421,False,True,0.20400454964942522,1.1220250230717421,False,True,0.20400454964942522,1.4960333640957206,False
GBPJPY,body60_filter,シグナル足の実体がローソク足全体の60%以上の時だけ入る,0,2015-04-10 08:00:00,2015-04-10 09:00:00,2015-04-15 19:00:00,short,3m,176.45,176.1,176.82386213783184,173.92841358650443,176.82386213783184,-0.9999999999999807,-1.0276295705420824,80,SL,176.11,0.28954485513274325,1.1742567480403006,3.3500854282328643,2.3485134960806993,0.7010309278350301,0.804123711340179,0.195876288659821,0.804123711340179,1.152903183933097,2.0722177906595847,4.040824691785994,1.0,2.555735275146756,4.006287728608367,0.8333333333333334,2.624809201502108,4.282583434029579,0.75,4.489805213095636,5.62952499795831,0.5833333333333334,False,False,0.48351748448717097,0.5180544476648962,False,True,0.5525914108425232,0.6216653371978754,False,True,0.5525914108425232,1.277867637573378,False,False,0.5525914108425232,1.6232372693500408,False
GBPJPY,body60_filter,シグナル足の実体がローソク足全体の60%以上の時だけ入る,0,2015-07-30 11:00:00,2015-07-30 12:00:00,2015-07-30 15:00:00,long,3m,194.34,194.38,193.79125588820304,196.1462323353909,193.79125588820304,-0.9999999999999841,-1.0339706157551682,3,SL,194.39,0.2354976447187861,0.21231634847002082,1.3588246302085678,0.9766552029623854,0.7187499999999833,0.8124999999999889,0.1875000000000111,0.8124999999999889,0.8992885797993988,2.420406372559034,2.2930165634769732,1.0,3.269671766439479,3.609377923991561,0.8333333333333334,3.9490840815437633,4.670959666342027,0.5833333333333334,4.373716778483925,3.8641575421556826,0.4583333333333333,True,False,1.316361360514467,0.2972428878582222,True,False,1.316361360514467,0.6794123151044046,True,False,2.0807002150068317,0.6794123151044046,True,False,3.52445138460348,0.6794123151044046,True
GBPJPY,body60_filter,シグナル足の実体がローソク足全体の60%以上の時だけ入る,0,2015-08-21 14:00:00,2015-08-21 15:00:00,2015-08-24 06:00:00,short,3m,191.95,191.8,192.67808517354564,189.1657444793631,189.1657444793631,2.9999999999999862,2.9772231662684434,13,TP,191.76,0.35123406941825663,0.5409498011246223,1.9645019093473297,1.366610023893851,0.6956521739130721,1.0,0.0,1.0,1.5895703304861946,1.110370644413673,1.5943783612094389,0.3333333333333333,3.7297065235435,4.099830071681391,0.5,4.0428879873524535,3.7866486078724373,0.5833333333333334,5.751150517219687,5.551853222068607,0.5416666666666666,False,True,0.25623937948009706,1.2811968974004042,False,True,0.25623937948009706,1.2811968974004042,False,False,0.25623937948009706,1.2811968974004042,False,True,0.8256602227692286,3.217227764583306,False
GBPJPY,body60_filter,シグナル足の実体がローソク足全体の60%以上の時だけ入る,0,2016-08-29 02:00:00,2016-08-29 03:00:00,2016-08-30 00:00:00,long,3m,133.98,133.95,133.33099703302938,135.80700890091185,133.33099703302938,-0.9999999999999819,-1.0323100228385815,21,SL,134.0,0.24760118678824933,0.08077505709661402,0.8481380995140454,0.6058129282243182,0.7142857142857143,0.7142857142857143,0.2857142857142857,0.7142857142857143,1.2364322389137952,1.2924009135451355,1.0096882137071588,0.3333333333333333,1.4135634991899992,1.4135634991899992,0.5,6.21967939643618,5.9369666965980885,0.6666666666666666,6.381229510629293,5.735029053856611,0.5833333333333334,False,True,0.28271269983797687,0.48465034257945455,False,True,0.28271269983797687,0.6462004567725678,False,True,0.28271269983797687,1.3731759706417497,True,False,0.8885256280622951,1.3731759706417497,False
GBPJPY,body60_filter,シグナル足の実体がローソク足全体の60%以上の時だけ入る,0,2017-01-26 10:00:00,2017-01-26 11:00:00,2017-01-30 12:00:00,long,3m,143.98,144.18,143.47892716320877,146.28321851037376,143.47892716320877,-0.9999999999999866,-1.028527706324368,47,SL,144.27,0.28042913471650005,1.0341293542598422,1.5690238478424001,1.3907256833149146,0.8863636363636745,1.0,0.0,1.0,0.9024082789346798,2.1039183414249583,2.3178761388581233,0.6666666666666666,2.603153202102141,3.352005493117864,0.8333333333333334,3.7442614550784135,4.279155948661175,0.75,5.919499062314529,4.6357522777162465,0.6666666666666666,False,False,1.3907256833149146,0.10697889871653189,True,False,1.6403431136534552,0.10697889871653189,True,False,2.3178761388581233,0.10697889871653189,True,True,2.7457917337242512,0.3922559619605494,True
GBPJPY,body60_filter,シグナル足の実体がローソク足全体の60%以上の時だけ入る,0,2017-03-22 14:00:00,2017-03-22 15:00:00,2017-03-22 19:00:00,short,3m,138.41,137.99,138.6432437552596,136.03026873422124,138.6432437552596,-0.9999999999999869,-1.0306164426968392,4,SL,138.04,0.2612975021038358,1.4160104747307227,1.9135276685550073,1.9135276685550073,1.0,1.0,0.0,1.0,1.1216464805505508,0.9184932809064383,2.066609882039486,0.6666666666666666,3.1764559298013597,3.750514230367884,0.6666666666666666,3.788784783738949,4.592466404532082,0.5833333333333334,6.81215850005583,8.075086761302183,0.5833333333333334,False,False,0.6505994073087634,0.8802227275352642,True,False,2.028339328668312,0.8802227275352642,True,False,2.257962648894922,0.8802227275352642,True,False,2.870291502832511,0.8802227275352642,True
GBPJPY,body60_filter,シグナル足の実体がローソク足全体の60%以上の時だけ入る,0,2017-04-19 11:00:00,2017-04-19 12:00:00,2017-04-19 16:00:00,long,3m,140.06,140.1,139.32556397893367,142.423308063199,139.32556397893367,-0.9999999999999887,-1.0258252450246759,4,SL,140.1,0.3097744084265322,0.12912622512352778,1.3558253637972713,1.2266991386737434,0.9047619047619209,0.9047619047619209,0.09523809523807912,0.9047619047619209,1.4451573985281385,1.2589806949546942,1.7432040391679464,0.6666666666666666,2.0014564894150935,2.356553608504818,0.6666666666666666,2.6148060587519653,2.421116721066628,0.5,7.392476388323411,7.198787050638074,0.5416666666666666,True,False,1.388106920078222,0.12912622512352778,True,False,1.388106920078222,0.12912622512352778,True,False,1.5495147014826087,0.12912622512352778,True,False,3.389563409493224,0.12912622512352778,True
GBPJPY,body60_filter,シグナル足の実体がローソク足全体の60%以上の時だけ入る,0,2017-09-15 06:00:00,2017-09-15 07:00:00,2017-09-15 10:00:00,long,long,148.41,148.68,147.83192860393623,151.2242141881913,151.2242141881913,2.999999999999987,2.976417079867544,3,TP,148.67,0.3392285584255068,0.7664449043050892,2.4762066139088463,1.7981976601004208,0.7261904761904556,0.7738095238094936,0.2261904761905064,0.7738095238094936,1.4289355131055794,2.122462811921856,2.5056852640744007,1.0,2.7415144653990047,3.596395320200925,0.8333333333333334,3.6848312706976727,1.8276763102659754,0.5833333333333334,7.988714194872578,8.224543396197182,0.5,False,True,0.5895730033115941,0.4127011023181829,False,True,0.5895730033115941,3.065779617220524,False,True,0.5895730033115941,7.163311990236296,False,True,0.5895730033115941,8.371936647025123,False
GBPJPY,body60_filter,シグナル足の実体がローソク足全体の60%以上の時だけ入る,0,2017-11-29 15:00:00,2017-11-29 16:00:00,2017-12-04 12:00:00,long,3m,150.09,150.24,149.5058720258636,152.44238392240922,152.44238392240922,3.000000000000016,2.9727567934957158,66,TP,150.22,0.29365118965455994,0.4427021056952723,1.0556742520426172,0.9194582195210173,0.8709677419355105,0.9677419354839005,0.03225806451609946,0.9677419354839005,1.3519245383126477,2.4178345772589065,2.247564536606834,0.6666666666666666,2.724320650432579,2.7583746585629547,0.5,4.01837295938802,4.324859032561693,0.5833333333333334,10.556742520426171,8.683772073253762,0.5,True,False,1.804862430911562,0.27243206504329665,True,False,1.804862430911562,0.5108101219561206,True,False,1.804862430911562,0.5108101219561206,True,False,1.804862430911562,0.5108101219561206,True
GBPJPY,body60_filter,シグナル足の実体がローソク足全体の60%以上の時だけ入る,0,2018-01-17 18:00:00,2018-01-17 19:00:00,2018-01-19 14:00:00,long,3m,153.63,153.98,153.27003660808026,156.10989017575918,153.27003660808026,-0.999999999999994,-1.0281704665727873,43,SL,153.99,0.2839853567678932,1.2676709957769008,3.0283251565780853,2.3240634922575514,0.7674418604651001,0.7790697674418666,0.22093023255813338,0.7790697674418666,1.2516218514747228,2.4649158251217185,4.57770081808312,0.6666666666666666,2.746620490849852,4.718553150947186,0.6666666666666666,3.4508821551702855,4.57770081808312,0.5833333333333334,4.57770081808312,5.387601732051628,0.625,False,True,0.5634093314563671,0.6690485811044421,False,False,0.5634093314563671,0.8803270804005923,False,False,0.5986224146724588,0.8803270804005923,False,False,1.126818662912834,0.8803270804005923,False
GBPJPY,body60_filter,シグナル足の実体がローソク足全体の60%以上の時だけ入る,0,2018-02-28 12:00:00,2018-02-28 13:00:00,2018-03-02 06:00:00,short,3m,147.99,147.78,148.44474409224892,145.7857677232532,145.7857677232532,2.9999999999999947,2.969913233929884,41,TP,147.74,0.2658976368995738,0.940211439691816,2.3317243704357207,1.9932482521466541,0.8548387096774149,0.8548387096774149,0.14516129032258507,0.8548387096774149,1.1421297126537049,2.8958512342507245,3.7232373011795183,1.0,2.8958512342507245,4.136930334643969,0.6666666666666666,4.738665656046718,5.528443265387874,0.8333333333333334,5.152358689511169,5.490834807800128,0.625,False,False,1.2786875579808825,-0.07521691517527687,False,False,1.2786875579808825,0.0,False,True,1.2786875579808825,2.93345969183847,False,True,1.2786875579808825,3.0838935221892374,False
GBPJPY,body60_filter,シグナル足の実体がローソク足全体の60%以上の時だけ入る,0,2018-08-29 13:00:00,2018-08-29 14:00:00,2018-08-31 07:00:00,long,3m,143.7,144.45,143.9509475877786,145.94715723666417,143.9509475877786,-1.0000000000000178,-1.0400759509626778,41,SL,143.97,0.19962096488855752,1.3525633449910597,3.4064558318292404,3.256171015719123,0.9558823529411753,1.0,0.0,1.0,1.2799778886895699,1.2022785288809419,3.356360893125773,0.6666666666666666,2.504746935168534,4.759019176820158,0.8333333333333334,3.206076077015655,4.60873436071004,0.6666666666666666,4.057690034973037,2.9556013834988875,0.4583333333333333,False,True,-1.45275322239771,5.911202766997775,False,True,-1.45275322239771,7.3639559893954845,False,True,-1.45275322239771,7.3639559893954845,False,True,-1.45275322239771,7.564335744208927,False
GBPJPY,body60_filter,シグナル足の実体がローソク足全体の60%以上の時だけ入る,0,2018-12-20 15:00:00,2018-12-20 16:00:00,2019-01-02 03:00:00,short,3m,141.18,141.15,141.74962179910057,139.35113460269832,139.35113460269832,3.000000000000008,2.9666456422532046,173,TP,141.15,0.2398487196402237,0.1250788415506305,1.417560204240321,1.042323679588548,0.7352941176471129,0.8823529411764853,0.11764705882351466,0.8823529411764853,1.1334985620195888,2.376497989461861,2.4598838838289874,1.0,2.376497989461861,1.9178755704429615,0.5,2.418190936645365,3.2520498803162745,0.6666666666666666,3.4188216690504087,4.044215876803562,0.5416666666666666,False,True,0.500315366202522,0.750473049303783,False,True,0.500315366202522,1.4175602042404394,False,True,0.500315366202522,1.834489676075835,False,True,0.500315366202522,2.5015768310124913,False
GBPJPY,body60_filter,シグナル足の実体がローソク足全体の60%以上の時だけ入る,0,2019-01-17 17:00:00,2019-01-17 18:00:00,2019-01-23 15:00:00,long,3m,140.88,141.23,140.5272479280902,143.33825621572936,143.33825621572936,2.9999999999999885,2.9715404609969513,92,TP,140.98,0.281100828763917,0.35574423753826595,1.6008490689222474,1.0672327126147978,0.6666666666666456,0.7999999999999874,0.20000000000001264,0.7999999999999874,0.9159007245713634,1.7075723401837373,1.9565933064605132,0.6666666666666666,2.5969329340294527,3.0238260190754125,0.6666666666666666,4.233356426705598,2.490209662767963,0.5833333333333334,4.233356426705598,3.6641656466443515,0.5,False,True,-0.8537861700919191,1.7075723401838383,False,True,-0.8537861700919191,4.268930850459495,False,True,-0.8537861700919191,4.268930850459495,False,True,-0.8537861700919191,4.268930850459495,False
GBPJPY,body60_filter,シグナル足の実体がローソク足全体の60%以上の時だけ入る,0,2019-05-08 03:00:00,2019-05-08 04:00:00,2019-05-09 08:00:00,short,3m,143.68,143.66,144.12209585032647,142.27371244902054,142.27371244902054,3.0000000000000075,2.9567189361561077,28,TP,143.65,0.18483834013059428,0.16230398941477814,1.4066345749279747,1.0820265960984186,0.7692307692307524,0.8846153846153763,0.11538461538462379,0.8846153846153763,0.9459482895444458,1.6230398941477815,1.4066345749279747,1.0,2.1640531921969908,2.542762500831422,0.8333333333333334,2.4345598412216725,1.731242553757531,0.5833333333333334,8.493908779373186,7.898794151518947,0.625,True,False,0.5951146278540841,-0.054101329804874795,True,False,1.0820265960984186,-0.054101329804874795,True,False,1.4607359047328496,-0.054101329804874795,True,True,1.4607359047328496,2.0558505325870873,True
GBPJPY,body60_filter,シグナル足の実体がローソク足全体の60%以上の時だけ入る,0,2019-07-03 06:00:00,2019-07-03 07:00:00,2019-07-04 05:00:00,short,3m,135.35,135.24,135.67123097413264,133.9463070776021,135.67123097413264,-0.9999999999999897,-1.0463788577344304,22,SL,135.23,0.17249238965305444,0.6956828660172697,2.14502217021986,1.6232600207069077,0.7567567567567506,0.7837837837838295,0.21621621621617054,0.7837837837838295,0.9532862053620033,0.6956828660172697,1.4493393042025902,0.3333333333333333,2.4348900310604438,1.8551543093794407,0.6666666666666666,3.652335046590666,3.536387902254399,0.6666666666666666,9.623612979905344,9.623612979905179,0.625,True,False,1.2174450155302219,0.5217621495129523,True,False,1.4493393042025902,0.5217621495129523,True,False,1.4493393042025902,0.5217621495129523,True,False,1.7392071650431742,0.5217621495129523,True
GBPJPY,body60_filter,シグナル足の実体がローソク足全体の60%以上の時だけ入る,0,2019-07-30 03:00:00,2019-07-30 04:00:00,2019-07-31 13:00:00,short,long,132.24,132.2,132.7227485396765,130.63175438097045,132.7227485396765,-1.0000000000000084,-1.0382593130004012,33,SL,132.19,0.20909941587060354,0.23912070625272688,1.0521311075117536,0.6695379775075537,0.6363636363637069,1.0,0.0,1.0,1.2634852022373868,3.538986452539597,3.252041605036379,1.0,3.538986452539597,3.538986452539597,0.6666666666666666,4.256348571297641,4.4954692775502325,0.5833333333333334,10.138717945113337,9.5648282501069,0.625,False,True,0.04782414125049101,2.869448475032043,False,True,0.04782414125049101,2.869448475032043,False,True,0.04782414125049101,2.869448475032043,True,False,0.6695379775075537,2.869448475032043,False
GBPJPY,body60_filter,シグナル足の実体がローソク足全体の60%以上の時だけ入る,0,2019-10-01 14:00:00,2019-10-01 15:00:00,2019-10-01 16:00:00,short,3m,131.99,131.8,132.4214309842031,129.9357070473907,132.4214309842031,-0.9999999999999952,-1.03218378308836,1,SL,131.81,0.24857239368124176,0.7241351194888956,2.252864816187599,2.212635087327143,0.9821428571428734,0.9821428571428734,0.017857142857126543,0.9821428571428734,1.1762665051479266,3.66090532630482,4.385040445793716,1.0,3.9827431571886978,5.109175565282611,0.6666666666666666,3.9827431571886978,4.224121530351777,0.4166666666666667,3.9827431571886978,5.310324209585007,0.4583333333333333,False,True,0.7643648483493518,0.20114864430250914,True,False,4.183891801491207,0.20114864430250914,True,False,4.183891801491207,0.20114864430250914,True,False,4.183891801491207,0.20114864430250914,True
GBPJPY,body60_filter,シグナル足の実体がローソク足全体の60%以上の時だけ入る,0,2019-10-11 10:00:00,2019-10-11 11:00:00,2019-10-15 15:00:00,long,3m,135.65,135.94,134.8906052943302,139.08818411700946,139.08818411700946,3.0000000000000107,2.9809413942228677,51,TP,135.95,0.41975788226792704,0.7146977166434628,2.8587908665740542,1.9296838349374648,0.6749999999999923,0.7333333333333191,0.2666666666666809,0.7333333333333191,1.700887428723361,3.311432753781601,3.5020188115531643,0.6666666666666666,3.311432753781601,3.7402513837676516,0.8333333333333334,3.359079268224458,4.454949100411115,0.5833333333333334,9.672242431908751,10.625172720766702,0.5833333333333334,False,True,0.07146977166435305,3.4543722971103072,False,True,0.07146977166435305,3.4543722971103072,False,True,0.07146977166435305,3.7164281265462233,False,True,0.07146977166435305,4.526418872075535,False
GBPJPY,body60_filter,シグナル足の実体がローソク足全体の60%以上の時だけ入る,0,2019-11-18 07:00:00,2019-11-18 08:00:00,2019-11-18 15:00:00,long,3m,140.72,140.96,140.6037101941711,142.02886941748673,140.6037101941711,-0.9999999999999988,-1.0561340786988036,7,SL,140.95,0.14251592233156335,1.613854762592033,3.017206730063548,1.8945251560862562,0.6279069767441338,0.6744186046511336,0.32558139534886643,0.6744186046511336,0.9005830685385648,0.8420111804826698,2.526033541448408,0.6666666666666666,1.4735195658448215,2.596201139821914,0.8333333333333334,2.806703934942631,4.139888304040441,0.5833333333333334,7.367597829224706,7.578100624345423,0.6666666666666666,False,True,0.0,1.6840223609657383,False,True,0.0,2.105027951207173,False,True,0.0,4.069720705667135,False,False,1.052513975603387,4.069720705667135,False
GBPJPY,body60_filter,シグナル足の実体がローソク足全体の60%以上の時だけ入る,0,2020-01-17 06:00:00,2020-01-17 07:00:00,2020-01-17 09:00:00,long,3m,144.15,144.24,143.84785693739022,145.4164291878294,143.84785693739022,-0.9999999999999823,-1.0510017947706904,2,SL,144.25,0.15685722504391883,0.637522434634395,1.4663015996591264,1.2112926258054046,0.826086956521766,0.9565217391304723,0.04347826086952761,0.9565217391304723,0.8593547728603763,0.6375224346345761,1.1475403823420196,0.6666666666666666,1.657558330049463,0.7650269215613463,0.6666666666666666,1.9125673039031847,2.550089738537761,0.6666666666666666,5.928958642100072,5.737701911709917,0.625,True,False,1.0200358954150681,0.12750448692695146,True,False,1.0837881388784532,0.637522434634395,True,False,3.7613823643431656,1.5300538431226927,True,False,5.036427233611955,1.5300538431226927,True
GBPJPY,body60_filter,シグナル足の実体がローソク足全体の60%以上の時だけ入る,0,2020-02-27 21:00:00,2020-02-27 22:00:00,2020-02-28 15:00:00,short,3m,141.25,141.17,141.9027836080771,138.97164917576868,138.97164917576868,2.9999999999999893,2.9727068130624925,17,TP,141.16,0.29311344323084265,0.30704835304712913,1.5352417652355486,1.364659346876097,0.8888888888889239,0.9777777777777974,0.022222222222202572,0.9777777777777974,1.1867087067003856,1.4670087978918067,1.8422901182826776,0.6666666666666666,2.2516879223455164,1.1940769285165485,0.5,3.5481143018777748,3.3775318835183232,0.6666666666666666,4.093978040628291,4.1963274916439035,0.625,False,False,0.1705824183595485,1.1599604448446776,False,False,0.2729318693752582,1.1599604448446776,False,True,0.5458637387504194,1.1599604448446776,False,True,0.5458637387504194,3.3092989161744844,False
GBPJPY,body60_filter,シグナル足の実体がローソク足全体の60%以上の時だけ入る,0,2020-03-18 16:00:00,2020-03-18 17:00:00,2020-03-19 12:00:00,short,long,126.52,124.99,127.03940891063121,118.84177326810637,127.03940891063121,-1.0000000000000018,-1.00975891140917,19,SL,125.0,0.8197635642524844,1.8541931677410355,4.428106051907874,3.3546257968999087,0.7575757575757586,0.7658402203856762,0.2341597796143238,0.7658402203856762,1.1919182897501346,1.1100761727923465,2.8788788657031934,0.6666666666666666,2.537316966382474,4.537893805260966,0.8333333333333334,3.5742013036060754,5.855346845498036,0.75,4.330516937816242,5.501586306915839,0.625,False,False,1.4760353506359523,0.5245414882425394,False,False,1.5858231039890442,0.5245414882425394,False,True,1.5858231039890442,0.5245414882425394,False,False,1.5858231039890442,1.0002884194392372,False
GBPJPY,body60_filter,シグナル足の実体がローソク足全体の60%以上の時だけ入る,0,2020-04-21 09:00:00,2020-04-21 10:00:00,2020-04-22 09:00:00,short,3m,132.46,132.41,133.06642281982496,130.44073154052512,133.06642281982496,-1.000000000000016,-1.03046816685216,22,SL,132.4,0.262569127929983,0.22851125139129816,2.551708973869352,2.3993681396085225,0.9402985074626974,1.0,0.0,1.0,1.0522357440351016,1.8661752196955657,3.6561800222606626,0.6666666666666666,2.0566012625215753,3.6561800222606626,0.6666666666666666,4.03703210791279,5.217673573434461,0.6666666666666666,5.598525659086588,6.6268262903473225,0.6666666666666666,True,False,0.761704171304255,0.22851125139129816,True,True,0.761704171304255,1.5234083426086185,True,True,0.761704171304255,1.7138343854347362,True,True,1.5614935511737986,1.7900048025650968,True
GBPJPY,body60_filter,シグナル足の実体がローソク足全体の60%以上の時だけ入る,0,2020-05-06 08:00:00,2020-05-06 09:00:00,2020-05-08 14:00:00,short,3m,131.88,131.58,132.0884348809851,130.0546953570448,132.0884348809851,-1.0000000000000275,-1.0393364042239723,51,SL,131.57,0.20337395239402564,1.5242856636792632,3.1960828431984596,2.6552072851187978,0.830769230769255,0.830769230769255,0.169230769230745,0.830769230769255,0.8172206472846504,0.8850690950394595,3.1469123379185286,0.3333333333333333,0.8850690950394595,3.097741832638458,0.3333333333333333,2.901059811518454,4.425345475197856,0.5,5.359585075517248,6.736359223356717,0.5416666666666666,False,True,0.19668202112000413,0.7867280844795972,False,True,0.3933640422398685,0.7867280844795972,False,True,0.3933640422398685,1.4259446531192612,False,True,0.3933640422398685,3.097741832638458,False
GBPJPY,body60_filter,シグナル足の実体がローソク足全体の60%以上の時だけ入る,0,2020-05-29 14:00:00,2020-05-29 15:00:00,2020-06-02 09:00:00,long,3m,133.16,133.17,132.44738395881456,135.3378481235563,135.3378481235563,3.0000000000000147,2.9723227843556286,41,TP,133.19,0.28904641647417534,0.1037895586665454,2.2833702906639006,1.487650340887118,0.6515151515151653,0.6515151515151653,0.3484848484848348,0.6515151515151653,1.402833363200062,2.733125044885663,2.5947389666635368,0.6666666666666666,3.8402136706620817,4.670530139994346,0.5,3.8402136706620817,2.83691460355211,0.5,3.8402136706620817,2.110387692886292,0.5,True,False,1.7644224973311735,-0.06919303911106305,True,False,2.5601424471080545,-0.06919303911106305,True,False,2.5601424471080545,-0.06919303911106305,True,False,2.5601424471080545,0.3113686759996362,True
GBPJPY,body60_filter,シグナル足の実体がローソク足全体の60%以上の時だけ入る,0,2020-11-09 11:00:00,2020-11-09 12:00:00,2020-11-19 02:00:00,long,3m,137.62,138.1,137.28456773718003,140.54629678845993,137.28456773718003,-0.9999999999999932,-1.0245268686460984,181,SL,138.09,0.3261729051279894,1.4409535329599865,3.280468681419531,2.881907065919973,0.8785046728971997,1.0,0.0,1.0,1.179163879466436,3.587054539496107,6.101058575724241,0.6666666666666666,3.587054539496107,5.211959587302144,0.3333333333333333,3.587054539496107,6.039741404108891,0.5833333333333334,5.273276758917407,7.848597966760804,0.625,False,True,0.0,0.8584404026144656,False,True,0.0,1.931490905882526,False,True,0.0,1.931490905882526,False,True,0.0,2.054125249113139,False
GBPJPY,body60_filter,シグナル足の実体がローソク足全体の60%以上の時だけ入る,0,2020-12-11 07:00:00,2020-12-11 08:00:00,2020-12-13 22:00:00,short,3m,137.58,137.51,138.22914783384977,135.3525564984507,138.22914783384977,-1.0000000000000164,-1.0278106935161428,13,SL,137.5,0.2876591335399051,0.2781069351615586,3.337283221938209,2.190092114396916,0.6562499999999898,0.7708333333333364,0.22916666666666358,0.7708333333333364,1.0577612409719388,1.772931711654726,3.337283221938209,0.3333333333333333,1.8424584454450417,3.232993121252637,0.3333333333333333,2.190092114396916,3.615390157099669,0.4166666666666667,4.2411307612131015,5.666428803915855,0.5,False,False,1.0081376399604647,0.06952673379041435,False,True,1.0081376399604647,0.834320805484577,False,True,1.0081376399604647,1.321007942017181,False,True,1.0081376399604647,2.5724891502440466,False
GBPJPY,body60_filter,シグナル足の実体がローソク足全体の60%以上の時だけ入る,0,2020-12-24 07:00:00,2020-12-24 08:00:00,2020-12-28 00:00:00,long,3m,140.67,140.85,140.14895544135797,142.95313367592607,140.14895544135797,-0.9999999999999986,-1.0285288570511442,37,SL,140.84,0.28041782345681027,0.6062382123374521,1.7473924943842898,1.3194596386167003,0.7551020408163218,0.8775510204081609,0.1224489795918391,0.8775510204081609,0.9229635366556826,1.3194596386167003,1.6760703517563245,0.6666666666666666,1.6404092804423924,1.8187146370121539,0.6666666666666666,3.7800735592802384,3.708751416652273,0.75,6.989569977537058,7.381841761990614,0.625,False,True,0.5349160697094868,0.6062382123373508,False,True,0.5349160697094868,1.212476424674803,False,False,0.5349160697094868,1.212476424674803,False,False,1.3551207099306324,1.212476424674803,False
GBPJPY,body60_filter,シグナル足の実体がローソク足全体の60%以上の時だけ入る,0,2021-01-27 14:00:00,2021-01-27 15:00:00,2021-01-28 08:00:00,long,long,142.67,142.61,142.20162866170415,143.8351140148876,142.20162866170415,-0.9999999999999974,-1.0489750335648942,17,SL,142.68,0.1633485353183464,0.06121879195629484,2.0814389265100224,2.0814389265100224,1.0,1.0,0.0,1.0,1.1402864407364075,1.530469798904413,2.3263140943346796,0.6666666666666666,2.4487516782470955,1.0407194632550982,0.6666666666666666,2.693626846071927,1.8365637586853651,0.5,3.060939597808826,1.7141261747729495,0.5416666666666666,True,False,1.2855946310797557,-0.367312751737073,True,False,1.469251006948292,0.0,True,True,1.469251006948292,0.367312751737073,True,False,1.7753449667292442,0.6121879195617304,True
GBPJPY,body60_filter,シグナル足の実体がローソク足全体の60%以上の時だけ入る,0,2021-03-31 11:00:00,2021-03-31 12:00:00,2021-04-06 10:00:00,long,3m,152.51,152.58,152.0973423711277,154.027972886617,152.0973423711277,-0.9999999999999766,-1.0414372399887226,93,SL,152.61,0.1930630515489315,0.5179654998599145,1.3467102996354243,1.1913206496776265,0.8846153846154855,0.8846153846154855,0.11538461538451449,0.8846153846154855,0.9711631892500786,1.2431171996635593,1.6056930495653816,0.3333333333333333,2.0718619994392165,2.434437849341186,0.5,3.3149791991027753,3.4185722990747878,0.5,6.888941148135361,6.370975648275594,0.5416666666666666,True,False,1.139524099691694,0.6733551498177122,True,False,2.0718619994392165,0.6733551498177122,True,False,2.0718619994392165,0.6733551498177122,True,False,2.0718619994392165,0.6733551498177122,True
GBPJPY,body60_filter,シグナル足の実体がローソク足全体の60%以上の時だけ入る,0,2021-06-17 10:00:00,2021-06-17 11:00:00,2021-06-18 12:00:00,short,3m,154.07,153.85,154.35700658463938,152.32898024608187,152.32898024608187,2.999999999999999,2.960552780563574,25,TP,153.79,0.2028026338557501,1.3806526802761356,3.2050865792124728,2.909232433439005,0.907692307692305,0.9846153846153988,0.015384615384601258,0.9846153846153988,1.5581020017563467,2.021669996118602,4.092649016532876,0.3333333333333333,3.10646853062127,5.02952047814881,0.5,3.3530136520992064,4.684357308079811,0.4166666666666667,4.3885031623063435,6.065009988355946,0.5,False,False,1.5778887774585408,0.24654512147779628,False,True,1.5778887774585408,0.29585414577346764,False,True,1.5778887774585408,2.0709790204141334,False,True,1.5778887774585408,3.303704627803535,False
GBPJPY,body60_filter,シグナル足の実体がローソク足全体の60%以上の時だけ入る,0,2021-07-08 05:00:00,2021-07-08 06:00:00,2021-07-09 08:00:00,short,3m,151.29,151.24,151.8244598815851,149.48662035524472,151.8244598815851,-1.0000000000000164,-1.0342196284640617,26,SL,151.18,0.23378395263403787,0.47051989138098665,2.480923063645589,2.224275850164885,0.8965517241378803,0.9655172413792934,0.03448275862070655,0.9655172413792934,1.4431362529823597,3.1653156329271015,4.961846127291056,1.0,3.3791883108276273,4.961846127291056,0.6666666666666666,4.833522520550887,5.902885910053151,0.6666666666666666,6.416180337014316,6.287856730274025,0.5833333333333334,True,False,1.026588853922208,0.0,True,False,2.224275850164885,0.0,True,True,2.224275850164885,0.7699416404417471,True,True,2.224275850164885,2.2670503857450632,True
GBPJPY,body60_filter,シグナル足の実体がローソク足全体の60%以上の時だけ入る,0,2021-08-16 11:00:00,2021-08-16 12:00:00,2021-08-19 21:00:00,short,3m,151.16,150.98,151.44940683824623,149.5717794852613,149.5717794852613,3.000000000000024,2.957393036550781,81,TP,150.96,0.18776273529849202,1.0651740862319814,3.302039667319354,3.0890048500728366,0.9354838709677094,0.9354838709677094,0.06451612903229059,0.9354838709677094,1.5991427457793592,1.9705720595293017,2.8759700328264706,0.3333333333333333,2.2368655810873728,3.0890048500728366,0.5,2.5564178069569974,3.78136800612364,0.6666666666666666,6.071492291522717,7.509477307935877,0.6666666666666666,True,False,1.4379850164131598,-0.10651740862310731,True,False,1.9705720595293017,-0.10651740862310731,True,False,1.9705720595293017,-0.10651740862310731,True,False,1.9705720595293017,-0.10651740862310731,True
GBPJPY,body60_filter,シグナル足の実体がローソク足全体の60%以上の時だけ入る,0,2021-10-08 12:00:00,2021-10-08 13:00:00,2021-10-11 10:00:00,long,3m,152.53,152.76,152.28370340568742,154.1888897829377,154.1888897829377,2.999999999999976,2.9580093575330757,20,TP,152.75,0.19051863772503036,1.1547426678408128,2.0470438202631978,1.8370906079285454,0.8974358974359142,0.8974358974359142,0.10256410256408574,0.8974358974359142,1.0173497322252734,2.1520204264305987,2.939344972685732,0.6666666666666666,2.3094853356816256,2.7818800634347056,0.6666666666666666,2.5194385480162778,2.8343683665183312,0.5,4.776435580614278,4.618970671363251,0.5833333333333334,False,True,0.10497660616740086,0.7873245462551335,False,False,0.4723947277530801,0.7873245462551335,False,False,0.4723947277530801,0.7873245462551335,False,True,0.4723947277530801,0.7873245462551335,False
GBPJPY,body60_filter,シグナル足の実体がローソク足全体の60%以上の時だけ入る,0,2021-10-15 03:00:00,2021-10-15 04:00:00,2021-10-15 09:00:00,long,long,156.04,156.09,155.7300187918068,157.1699436245796,157.1699436245796,2.999999999999999,2.9444415443229235,5,TP,156.08,0.14399248327727798,0.27779227838577364,1.1806171831388472,0.9028249047534683,0.7647058823531379,0.8823529411765689,0.11764705882343107,0.8823529411765689,0.7464383349499079,1.9445459486994288,1.3195133223319315,1.0,3.4724034798203944,3.4029554102240493,0.8333333333333334,4.5141245237663545,4.097436106188089,0.75,6.667014681255015,6.805910820448099,0.5833333333333334,False,True,1.0417210439461577,0.6944806959640394,False,True,1.0417210439461577,3.958539966995202,False,True,1.0417210439461577,5.139157150134049,False,True,1.0417210439461577,8.19487221237598,False
GBPJPY,body60_filter,シグナル足の実体がローソク足全体の60%以上の時だけ入る,0,2022-02-24 02:00:00,2022-02-24 03:00:00,2022-03-01 15:00:00,short,3m,155.01,154.94,155.54804242114986,153.11587273655044,153.11587273655044,2.9999999999999964,2.9671075581171418,83,TP,154.95,0.24321696845994087,0.2466933141216444,2.9192042171060475,2.343586484155622,0.8028169014084722,0.9436619718309978,0.05633802816900224,0.9436619718309978,1.1339541142699054,1.7679687512050792,2.2202398270947996,0.6666666666666666,1.7679687512050792,3.4125908453493365,0.6666666666666666,3.618168607117412,4.111555235360584,0.6666666666666666,5.42725291067606,5.591715120090451,0.5833333333333334,False,True,0.2878088664753297,2.055777617680292,False,True,0.2878088664753297,2.055777617680292,False,True,0.2878088664753297,2.343586484155505,False,True,0.2878088664753297,3.5770530547636104,False
GBPJPY,body60_filter,シグナル足の実体がローソク足全体の60%以上の時だけ入る,0,2022-03-16 19:00:00,2022-03-16 20:00:00,2022-03-22 06:00:00,long,3m,156.05,156.12,155.42339344731275,158.20981965806175,158.20981965806175,2.9999999999999996,2.9712893886472505,81,TP,156.11,0.278642621074899,0.21532958514582126,0.7895418122014126,0.5742122270555914,0.7272727272727507,1.0,0.0,1.0,1.1446874011945185,3.0505024562323317,3.1581672488053445,0.6666666666666666,5.1320217793084675,3.804156004242706,0.8333333333333334,6.352222761801421,5.81389879893697,0.75,6.60344061113828,6.711105403711191,0.5416666666666666,False,False,0.21532958514582126,0.10766479257280863,True,False,0.32299437771873185,0.5383239628644512,True,True,0.32299437771873185,0.5383239628644512,True,True,0.5742122270555914,1.4355305676386723,True
GBPJPY,body60_filter,シグナル足の実体がローソク足全体の60%以上の時だけ入る,0,2022-04-13 16:00:00,2022-04-13 17:00:00,2022-04-19 02:00:00,long,3m,164.57,164.63,163.99869116295986,166.5239265111204,166.5239265111204,3.0000000000000036,2.968319784507138,80,TP,164.64,0.25252353481605466,0.27720188556279785,1.0296070035191403,0.9108061954206697,0.8846153846152796,0.9615384615383901,0.038461538461609934,0.9615384615383901,1.1651242647597808,2.455216700699211,2.3364158926008534,1.0,4.316429360906858,4.1184280140762235,1.0,4.316429360906858,3.564024242950515,0.8333333333333334,6.534044445409353,6.969647408436703,0.7916666666666666,False,True,0.19800134683052165,0.4356029630273502,False,True,0.19800134683052165,0.712804848590148,False,True,0.23760161619660347,0.8316056566885061,True,False,1.1088075422511914,0.8316056566885061,False
GBPJPY,body60_filter,シグナル足の実体がローソク足全体の60%以上の時だけ入る,0,2022-05-11 14:00:00,2022-05-11 15:00:00,2022-05-12 06:00:00,short,3m,159.71,159.68,160.6756066492711,156.69318005218673,156.69318005218673,3.00000000000001,2.979911745251386,15,TP,159.69,0.39824265970843514,0.050220636871631995,2.033935793300061,1.632170698327219,0.8024691358024739,0.9135802469135889,0.08641975308641109,0.9135802469135889,1.0503881124773014,2.3854802514013422,3.8669890391136654,0.6666666666666666,3.2894517150902187,1.2052952849185257,0.5,3.2894517150902187,2.6365834357593596,0.6666666666666666,3.2894517150902187,1.607060379891439,0.5833333333333334,False,True,-0.025110318435780314,2.1845977039148856,False,True,-0.025110318435780314,2.1845977039148856,False,True,-0.025110318435780314,2.1845977039148856,False,True,-0.025110318435780314,2.1845977039148856,False
GBPJPY,body60_filter,シグナル足の実体がローソク足全体の60%以上の時だけ入る,0,2022-09-06 04:00:00,2022-09-06 05:00:00,2022-09-07 08:00:00,long,3m,163.53,163.69,162.9480217957965,165.91593461261044,165.91593461261044,3.0000000000000147,2.973045030316704,27,TP,163.7,0.2967912816813912,0.5727931057708239,2.089010150458468,1.4151359083750388,0.6774193548386845,0.90322580645161,0.09677419354839005,0.90322580645161,1.1580564243744897,2.7965781046459393,3.8410831798751732,0.6666666666666666,3.6052271951460164,3.7736957556668016,0.8333333333333334,5.1888316640419365,6.300724163479446,0.8333333333333334,8.895139995500463,9.063608556021343,0.75,False,True,0.5054056815624522,1.9205415899376825,False,True,0.5054056815624522,1.9205415899376825,False,True,0.5054056815624522,2.6954969683335257,False,True,0.5054056815624522,2.830271816750173,False
GBPJPY,body60_filter,シグナル足の実体がローソク足全体の60%以上の時だけ入る,0,2022-12-20 02:00:00,2022-12-20 03:00:00,2023-01-03 00:00:00,short,3m,164.01,161.98,163.56420209097138,157.2273937270858,157.2273937270858,3.0000000000000036,2.987375348060731,239,TP,161.99,0.6336808363885582,3.187724614669214,8.127119685914167,7.4801062740258155,0.9203883495145584,0.9378640776698988,0.06213592233010121,0.9378640776698988,1.9817389652215849,0.7259174865088499,7.4801062740258155,0.3333333333333333,1.2466843790042952,6.722627157668784,0.3333333333333333,1.5465198625623344,6.517476563655424,0.5,2.256656534147049,6.249202709945611,0.5,False,True,0.031561629848181616,0.7101366715847591,False,True,0.031561629848181616,1.7674512714997852,False,True,0.2840546686338588,1.8936977908926462,False,True,0.2840546686338588,2.714300166946086,False
GBPJPY,body60_filter,シグナル足の実体がローソク足全体の60%以上の時だけ入る,0,2023-03-13 08:00:00,2023-03-13 09:00:00,2023-03-13 17:00:00,short,3m,161.15,160.86,162.2326897605183,156.74193071844513,162.2326897605183,-0.9999999999999916,-1.0145699345731396,8,SL,160.85,0.5490759042073183,0.5463725464935688,2.5133137138703128,1.8758790762945172,0.7463768115942062,0.8333333333333403,0.1666666666666598,0.8333333333333403,1.8159497339182424,2.167277767757737,3.7335457343725995,0.6666666666666666,2.167277767757737,3.0961110967968035,0.5,2.167277767757737,2.312977113489372,0.4166666666666667,4.316343117298986,4.116006516918097,0.5,True,False,0.7649215650909963,0.14569934573158383,True,True,1.0745326747706507,0.7102843104415877,True,True,1.0745326747706507,1.5298431301819408,True,False,2.003366003809666,1.5298431301819408,True
GBPJPY,body60_filter,シグナル足の実体がローソク足全体の60%以上の時だけ入る,0,2023-03-30 10:00:00,2023-03-30 11:00:00,2023-04-02 23:00:00,long,3m,164.2,164.23,163.4197975468374,166.66060735948773,163.4197975468374,-1.0000000000000093,-1.0246851881550352,35,SL,164.22,0.32408098126503243,0.061712970387652256,2.314236389535776,2.036528022791472,0.8799999999999955,0.9066666666666757,0.09333333333332423,0.9066666666666757,0.9668996224782848,2.4993753006986448,1.2034029225585612,0.3333333333333333,3.209074460156251,2.962222578605817,0.6666666666666666,3.3016439157376856,3.363356886125338,0.5833333333333334,3.579352282481989,2.4685188155048623,0.5416666666666666,False,True,0.30856485193808586,0.5554167334886072,False,True,0.30856485193808586,0.6171297038761717,True,False,0.6479861890700417,0.6171297038761717,True,False,1.4193983189153003,0.6171297038761717,True
GBPJPY,body60_filter,シグナル足の実体がローソク足全体の60%以上の時だけ入る,0,2023-07-27 15:00:00,2023-07-27 16:00:00,2023-07-28 01:00:00,short,3m,179.45,179.03,180.28476474730948,175.26570575807156,180.28476474730948,-0.999999999999997,-1.0159392428284766,9,SL,179.02,0.5019058989237934,0.8567343020315192,5.040785544511287,4.243823403086567,0.8418972332015788,0.8418972332015788,0.15810276679842114,0.8418972332015788,1.7704474897497704,1.434531854564474,4.861469062690721,0.3333333333333333,1.7931648182056066,5.220102026331797,0.6666666666666666,2.131873728311083,4.921241223297576,0.5833333333333334,2.1916458889179387,4.642304473798898,0.5,False,True,0.09962026767805465,1.3747596939576185,False,True,0.09962026767805465,3.247620726305737,False,True,0.09962026767805465,3.247620726305737,False,True,0.09962026767805465,3.247620726305737,False
GBPJPY,body60_filter,シグナル足の実体がローソク足全体の60%以上の時だけ入る,0,2023-11-14 12:00:00,2023-11-14 13:00:00,2023-11-17 01:00:00,long,long,186.73,187.22,186.65992188872985,188.90023433381046,186.65992188872985,-0.9999999999999831,-1.0357093048228863,60,SL,187.18,0.22403124450806142,2.008648396290208,3.8833868994941487,3.213837434064206,0.8275862068965731,0.942528735632202,0.05747126436779807,0.942528735632202,1.3479705286351946,1.6961919790894244,3.303110696121591,0.3333333333333333,2.008648396290081,3.5262938512649895,0.5,2.5889245996627657,4.419026471838331,0.5,6.02594518887037,5.802762033727099,0.5833333333333334,False,True,-0.17854652411464286,3.3031106961214642,False,True,-0.17854652411464286,3.9726601615515333,False,True,-0.17854652411464286,4.820756151096246,False,True,-0.17854652411464286,4.820756151096246,False
GBPJPY,body60_filter,シグナル足の実体がローソク足全体の60%以上の時だけ入る,0,2023-11-24 13:00:00,2023-11-24 14:00:00,2023-11-27 01:00:00,long,3m,188.26,188.33,187.8444422872836,189.7866731381492,187.8444422872836,-1.000000000000004,-1.041189748357813,10,SL,188.34,0.1942230850865591,0.41189748357853045,1.5446155634193064,1.1842052652880373,0.7666666666666035,0.8,0.2,0.8,0.8342108203086886,1.6475899343138292,2.162461788787029,1.0,4.736821061152442,2.9862567559439435,0.8333333333333334,5.3546672865200176,5.560616028309356,0.5833333333333334,5.3546672865200176,4.736821061152442,0.5416666666666666,False,True,0.1029743708946692,1.0297437089461066,False,True,0.1029743708946692,1.3901540070773757,False,True,0.1029743708946692,1.3901540070773757,False,True,0.1029743708946692,1.3901540070773757,False
GBPJPY,body60_filter,シグナル足の実体がローソク足全体の60%以上の時だけ入る,0,2023-12-07 00:00:00,2023-12-07 01:00:00,2023-12-07 07:00:00,short,3m,184.45,184.45,184.94330419332135,182.97008742003587,182.97008742003587,3.000000000000021,2.959457064685963,6,TP,184.42,0.1973216773285482,0.15203600742786097,1.6217174125637543,1.5203600742786096,0.9375000000000555,0.9687500000000278,0.031249999999972244,0.9687500000000278,0.8557049255789365,2.077825434847337,2.2805401114179142,1.0,3.0407201485570754,3.294113494270225,1.0,4.459722884550396,4.30768687712268,0.75,6.030761627971578,5.878725620543861,0.6666666666666666,False,True,0.20271467657057732,0.9122160445670218,False,True,0.20271467657057732,1.26696672856546,False,True,0.20271467657057732,1.8751107582767599,False,True,0.20271467657057732,6.740262995968167,False
GBPJPY,body60_filter,シグナル足の実体がローソク足全体の60%以上の時だけ入る,0,2024-01-19 04:00:00,2024-01-19 05:00:00,2024-01-19 06:00:00,long,long,188.61,188.71,188.16665398533107,190.34003804400686,188.16665398533107,-0.9999999999999812,-1.0368089568341772,1,SL,188.72,0.21733840586758058,0.506123156470586,1.426347077326399,1.0582575089840478,0.7419354838709293,0.7741935483871204,0.22580645161287957,0.7741935483871204,1.0023937172177728,1.4723582733692748,1.3803358812836544,0.3333333333333333,2.5306157823533226,2.254548606096592,0.5,3.58887329133737,3.6348844873801154,0.5833333333333334,5.889433093476707,5.061231564706515,0.625,True,False,0.506123156470586,0.7821903327273169,True,False,3.2667949190378947,0.7821903327273169,True,False,4.647130800321418,0.7821903327273169,True,False,6.119489073690693,0.7821903327273169,True
GBPJPY,body60_filter,シグナル足の実体がローソク足全体の60%以上の時だけ入る,0,2024-06-12 08:00:00,2024-06-12 09:00:00,2024-06-12 11:00:00,long,3m,200.7,200.73,200.31272562077862,201.9818231376641,200.31272562077862,-0.9999999999999908,-1.047930093473023,2,SL,200.74,0.16690975168854874,0.23965046736550122,0.9586018694614941,0.5991261684135828,0.6250000000001554,1.0,0.0,1.0,0.6849982741146161,2.096941589447029,1.4379028041923263,1.0,2.9956308420672326,2.755980374701902,0.8333333333333334,3.774494861004686,3.534844393639355,0.5833333333333334,6.051174300975756,3.1753686925912734,0.5833333333333334,True,False,0.5991261684135828,0.7189514020961632,True,False,0.8387766357789137,0.7189514020961632,True,False,4.67318411362489,0.7189514020961632,True,False,4.912834580990391,0.7189514020961632,True
CHFJPY,body60_filter,シグナル足の実体がローソク足全体の60%以上の時だけ入る,0,2015-06-28 21:00:00,2015-06-28 22:00:00,2015-06-29 06:00:00,short,3m,130.893,130.491,131.36540298295662,127.86779105113015,131.36540298295662,-0.9999999999999883,-1.0228727490525542,8,SL,130.258,0.4372014914783102,1.4524195648392328,1.8366817489227034,1.1276265282925115,0.6139476961394729,0.7310087173100761,0.26899128268992395,0.7310087173100761,1.7257529389525093,1.2717248473238454,4.533378862222677,0.3333333333333333,1.2717248473238454,5.139506712116193,0.5,1.7657762268597363,4.668328081632932,0.4166666666666667,3.0397883490887865,4.073636606265635,0.4166666666666667,False,False,0.8897499381455795,1.4066740667341011,False,False,1.0704446556610319,1.4066740667341011,True,False,2.2461039569640096,1.4066740667341011,True,False,2.3444567778900818,1.4066740667341011,True
CHFJPY,body60_filter,シグナル足の実体がローソク足全体の60%以上の時だけ入る,0,2015-08-04 18:00:00,2015-08-04 19:00:00,2015-08-05 15:00:00,short,3m,127.163,127.016,127.45117765224188,125.71046704327439,127.45117765224188,-1.000000000000009,-1.0459582423338647,20,SL,127.015,0.217588826120936,0.6801819865406951,1.8291380448864938,1.3603639730814556,0.7437185929648477,0.8793969849246174,0.12060301507538262,0.8793969849246174,1.0655199935037198,1.0754228706117084,1.7372215602188483,0.3333333333333333,3.010264872865998,3.7410009259738883,0.6666666666666666,4.453353682148354,5.0094484143876326,0.5833333333333334,4.453353682148354,3.6307011443727526,0.5416666666666666,False,False,0.5101364899055539,0.13787472700150108,False,False,0.7353318773412956,0.13787472700150108,True,False,0.8548233074092414,0.13787472700150108,True,False,0.8869940770429467,0.13787472700150108,True
CHFJPY,body60_filter,シグナル足の実体がローソク足全体の60%以上の時だけ入る,0,2016-02-11 08:00:00,2016-02-11 09:00:00,2016-02-11 12:00:00,short,3m,115.34,115.061,115.79674268331891,112.85377195004331,115.79674268331891,-1.000000000000007,-1.0271834167752731,3,SL,115.064,0.3678713416594493,0.7502623029969886,2.9820208202451486,2.261660275701003,0.7584320875114059,0.769371011850513,0.230628988149487,0.769371011850513,1.239034021003508,1.166168579658324,2.364957259446952,0.3333333333333333,1.6717801316779952,2.8488220780464335,0.6666666666666666,3.4332655387143647,4.042174074480023,0.6666666666666666,7.249817253959761,7.8043589561749265,0.5833333333333334,False,False,0.4702731102118677,0.8644326534530135,False,False,0.7122055195116084,0.8644326534530135,False,True,0.7122055195116084,1.087336671010064,True,False,2.392140676222218,1.6255683231600775,False
CHFJPY,body60_filter,シグナル足の実体がローソク足全体の60%以上の時だけ入る,0,2016-03-09 10:00:00,2016-03-09 11:00:00,2016-03-09 12:00:00,short,3m,112.273,112.103,112.59069523295317,110.63991430114046,112.59069523295317,-0.9999999999999885,-1.0410092177421895,1,SL,112.103,0.24384761647658873,0.6971567016170651,3.1084987048572175,2.1611857750128842,0.6952506596306123,0.7282321899736279,0.2717678100263721,0.7282321899736279,1.052745972743597,1.652671475009815,2.833736945984641,0.6666666666666666,1.8946258596887244,2.8296360242104615,0.6666666666666666,3.112599626631455,4.244454036315663,0.5,6.11447436535902,6.270309392779349,0.5,True,False,1.2179737669427888,0.3116700548405401,True,False,2.1242774790449213,0.3116700548405401,True,False,2.2883143500136662,0.3116700548405401,True,False,5.921731041970787,0.3116700548405401,True
CHFJPY,body60_filter,シグナル足の実体がローソク足全体の60%以上の時だけ入る,0,2016-06-02 13:00:00,2016-06-02 14:00:00,2016-06-06 12:00:00,short,3m,109.834,109.75,110.20552389913227,108.38342830260319,110.20552389913227,-1.000000000000014,-1.0439054900041795,46,SL,109.749,0.22776194956613374,0.3731966650352502,2.2128366962088273,1.4005851311321722,0.632936507936507,0.7837301587301714,0.21626984126982857,0.7837301587301714,1.220191321372098,2.221617794209635,2.928496183276343,1.0,2.458707440232016,2.8670284972705615,0.6666666666666666,3.2709590053086712,3.371941632318183,0.75,4.096382217386507,4.039305080381161,0.625,False,True,0.6234579580588746,0.4961320370468135,False,False,0.6234579580588746,0.4961320370468135,False,False,0.6234579580588746,0.4961320370468135,True,False,0.8781098000828719,0.4961320370468135,False
CHFJPY,body60_filter,シグナル足の実体がローソク足全体の60%以上の時だけ入る,0,2016-10-05 14:00:00,2016-10-05 15:00:00,2016-10-07 01:00:00,long,3m,105.813,105.976,105.56918400735414,107.19644797793758,105.56918400735414,-1.0000000000000049,-1.0491622757255332,34,SL,105.974,0.20340799632292927,0.791512639180609,2.1828050422123573,1.932077436012281,0.8851351351351314,0.9864864864864861,0.013513513513513946,0.9864864864864861,0.937947124466907,1.361795037596445,2.3892866002594784,0.6666666666666666,2.256548455800545,3.4020294802048605,0.8333333333333334,2.6744277994673618,3.775662775718653,0.75,5.722488894448586,5.496342426111308,0.75,False,False,0.25072760620007606,0.3293872473608377,False,True,0.25072760620007606,0.8062613218982605,False,True,0.25072760620007606,1.6862660573847088,False,True,0.25072760620007606,2.3253756418162985,False
CHFJPY,body60_filter,シグナル足の実体がローソク足全体の60%以上の時だけ入る,0,2017-02-22 07:00:00,2017-02-22 08:00:00,2017-02-24 19:00:00,short,3m,112.161,112.037,112.30742007297044,111.22573978108868,111.22573978108868,2.999999999999975,2.9260409932579123,59,TP,112.039,0.13521003648522262,0.9022998822527019,1.9894972813604026,1.4939719361888877,0.7509293680297574,0.8475836431226834,0.15241635687731656,0.8475836431226834,0.9541484893874291,1.8563710692247528,2.788254554174301,0.6666666666666666,3.313363502042662,3.46867741620092,0.6666666666666666,3.313363502042662,4.208267483621231,0.5,5.332444386099911,5.901928738013593,0.5833333333333334,False,True,-0.014791801348370489,1.6197022476504046,False,True,-0.014791801348370489,2.573773434622456,False,True,-0.014791801348370489,3.8828478539563447,False,True,-0.014791801348370489,3.9715986620467776,False
CHFJPY,body60_filter,シグナル足の実体がローソク足全体の60%以上の時だけ入る,0,2017-05-16 08:00:00,2017-05-16 09:00:00,2017-05-17 05:00:00,long,3m,114.351,114.659,114.28974347351091,115.76676957946728,114.28974347351091,-1.0000000000000158,-1.0541628883047163,20,SL,114.659,0.18462826324454504,1.6682169597839565,2.25859244230486,2.182764398678341,0.9664268585131996,0.98800959232615,0.01199040767384996,0.98800959232615,1.0953233587697258,2.4373299737102867,3.3851805190420436,0.3333333333333333,2.4373299737102867,3.8184836254794927,0.5,2.4373299737102867,2.6702303934204137,0.5,3.937641979749726,5.378374808654049,0.5833333333333334,False,False,1.110339210245858,0.06499546596560969,False,True,1.110339210245858,0.6012080601818127,False,True,1.110339210245858,1.3107418969730262,False,False,1.110339210245858,1.641135515631568,False
CHFJPY,body60_filter,シグナル足の実体がローソク足全体の60%以上の時だけ入る,0,2017-05-25 07:00:00,2017-05-25 08:00:00,2017-05-25 11:00:00,long,3m,114.962,115.149,114.861787058212,116.01063882536401,114.861787058212,-0.9999999999999898,-1.0696347451319577,3,SL,115.152,0.14360647089400094,1.3230601575066965,1.859247695022562,1.6781973576795643,0.9026217228464545,1.0,0.0,1.0,0.7077708494389107,1.3160966829934702,2.339727436432913,1.0,1.9706632872336909,2.8828784484620047,0.8333333333333334,3.2797964957140335,3.9970343705728966,0.6666666666666666,4.0666691157048644,3.238015648634873,0.5833333333333334,False,False,1.2255715143220207,0.08356169415832185,False,False,1.2325349888352473,0.08356169415832185,False,False,1.685160832192791,0.08356169415832185,True,False,2.284019640327398,0.08356169415832185,False
CHFJPY,body60_filter,シグナル足の実体がローソク足全体の60%以上の時だけ入る,0,2017-06-27 09:00:00,2017-06-27 10:00:00,2017-06-27 15:00:00,long,long,115.526,115.59,115.23186469206496,116.66440592380515,116.66440592380515,3.0000000000000084,2.9441551850463332,5,TP,115.588,0.17906765396752364,0.34623785271259633,1.2732617809431142,1.088973891596073,0.8552631578947278,0.8903508771929548,0.10964912280704515,0.8903508771929548,1.2469382557122681,4.272128343953977,4.394986936851952,0.3333333333333333,4.272128343953977,2.619121821325998,0.3333333333333333,4.272128343953977,3.144063081890244,0.5,4.294466269935463,4.741224789564548,0.5416666666666666,False,True,0.3797447416847856,1.211832484494206,False,True,0.3797447416847856,1.915477152910102,False,True,0.3797447416847856,2.5911994138492793,False,True,0.3797447416847856,7.483205203788679,False
CHFJPY,body60_filter,シグナル足の実体がローソク足全体の60%以上の時だけ入る,0,2017-07-27 09:00:00,2017-07-27 10:00:00,2017-07-28 00:00:00,short,3m,116.425,116.14,116.59300048170678,114.78099855487966,114.78099855487966,2.999999999999997,2.955849936572568,14,TP,116.14,0.2265002408533905,1.2582768076810653,2.525383628047654,1.9911678605759964,0.7884615384615232,0.8636363636363591,0.13636363636364088,0.8636363636363591,1.322657401335647,1.858717670293835,2.9183191925515644,0.6666666666666666,1.858717670293835,2.4944785836484473,0.5,2.27814327285419,3.5584951122489383,0.5,3.417214909281254,3.103749458946678,0.4583333333333333,False,True,0.3487855010764814,0.463575665987784,False,True,0.3487855010764814,0.9845464144311565,False,True,0.3487855010764814,1.0596015222577293,False,True,0.3487855010764814,2.9094891798661036,False
CHFJPY,body60_filter,シグナル足の実体がローソク足全体の60%以上の時だけ入る,0,2017-11-17 15:00:00,2017-11-17 16:00:00,2017-11-21 22:00:00,short,3m,113.283,113.251,113.55233715566833,112.34698853299503,113.55233715566833,-0.9999999999999813,-1.0663708395191003,54,SL,113.253,0.15066857783416335,0.19911251855726209,1.825198086774871,1.6592709879771212,0.9090909090908903,0.9636363636363457,0.036363636363654216,0.9636363636363457,1.1371879881550964,1.3738763780451084,1.8384722546786572,0.3333333333333333,1.5066180570832517,1.446884301516073,0.5,1.7190047435442999,1.1814009434396922,0.5,3.6902186772611003,1.9446655979092282,0.5,True,False,0.5707892198641199,0.856183829796227,True,False,0.6637083951908107,0.856183829796227,True,False,0.8760950816519532,0.856183829796227,True,False,1.3672392940931681,0.856183829796227,True
CHFJPY,body60_filter,シグナル足の実体がローソク足全体の60%以上の時だけ入る,0,2017-12-01 17:00:00,2017-12-01 18:00:00,2017-12-04 15:00:00,long,3m,114.704,114.923,114.46848961481223,116.28653115556332,114.46848961481223,-0.9999999999999983,-1.0440033949757754,21,SL,114.923,0.22725519259388743,0.9636743499690613,1.7073317250592996,1.6149245956102116,0.9458762886597925,0.9690721649484528,0.030927835051547146,0.9690721649484528,1.4455033614013453,2.552196908593819,3.1286413827761423,0.3333333333333333,2.552196908593819,2.3585819707004503,0.3333333333333333,2.552196908593819,2.1429653353192237,0.3333333333333333,2.8822223709119283,2.7106091305064792,0.4166666666666667,False,False,0.9108702759981538,0.004400339497596466,False,False,0.9108702759981538,0.004400339497596466,False,False,0.9108702759981538,0.004400339497596466,False,False,0.9108702759981538,1.0824835164035405,False
CHFJPY,body60_filter,シグナル足の実体がローソク足全体の60%以上の時だけ入る,0,2018-01-25 14:00:00,2018-01-25 15:00:00,2018-01-26 17:00:00,long,3m,116.157,116.278,115.83654507730338,117.60236476808986,115.83654507730338,-1.000000000000006,-1.0453047388798913,26,SL,116.28,0.22072746134830945,0.5572482882223242,1.8982685590662054,1.6762753385549158,0.8830548926014493,0.8830548926014493,0.1169451073985507,0.8830548926014493,1.3259523201521148,2.097609410137649,2.500821586168415,0.3333333333333333,2.097609410137649,2.586900590040113,0.5,2.740936702231671,3.5020563154133177,0.6666666666666666,3.8509028047883116,2.6457967505839575,0.5833333333333334,False,True,0.2537065377272156,3.3525506771097673,False,False,0.5617787621102677,3.3525506771097673,False,False,0.9060947775972537,3.3525506771097673,True,False,1.114496576444584,3.3525506771097673,False
CHFJPY,body60_filter,シグナル足の実体がローソク足全体の60%以上の時だけ入る,0,2018-03-01 18:00:00,2018-03-01 19:00:00,2018-03-01 20:00:00,short,long,112.495,112.458,112.88049208425272,111.19052374724181,112.88049208425272,-0.9999999999999931,-1.0473381650105513,1,SL,112.453,0.21124604212636344,0.19882029304425014,2.0260734624509076,1.9740014809392734,0.9742990654205383,0.9742990654205383,0.02570093457946167,0.9742990654205383,1.319026651225684,2.196490856488769,2.0402749119540013,0.3333333333333333,2.5515270940677874,1.5479579958444518,0.5,2.5515270940677874,2.6035990755793543,0.75,2.5515270940677874,2.972836762661533,0.625,True,False,1.4627492988254873,0.37870532008426355,True,False,2.0402749119540013,0.37870532008426355,True,False,2.0402749119540013,0.37870532008426355,True,False,2.0402749119540013,0.37870532008426355,True
CHFJPY,body60_filter,シグナル足の実体がローソク足全体の60%以上の時だけ入る,0,2018-03-16 01:00:00,2018-03-16 02:00:00,2018-03-20 01:00:00,short,3m,111.507,111.402,111.73631715189939,110.39904854430185,111.73631715189939,-0.9999999999999963,-1.0598234337854975,47,SL,111.399,0.1671585759496927,0.646093084883107,1.6810384893717594,1.2263803926021373,0.7295373665480213,0.7330960854092482,0.26690391459075186,0.7330960854092482,1.0713565785566388,1.166556958816721,1.7528266099142418,0.6666666666666666,1.2503097661163547,1.4058506939585558,0.5,2.710001550481836,2.4587431285828503,0.5,4.552563311074287,4.576492684588505,0.5833333333333334,False,True,0.41876403649825344,0.3230465424415535,False,True,0.41876403649825344,0.3230465424415535,False,True,0.41876403649825344,0.3230465424415535,True,True,1.2981685131447047,1.0169983743530104,False
CHFJPY,body60_filter,シグナル足の実体がローソク足全体の60%以上の時だけ入る,0,2018-05-22 07:00:00,2018-05-22 08:00:00,2018-05-22 08:00:00,long,3m,111.557,111.646,111.39781311302762,112.39056066091712,111.39781311302762,-1.0000000000000242,-1.0805844347539713,0,SL,111.646,0.12409344348618544,0.7172014693097502,3.1427929554023284,2.925214981566775,0.9307692307692282,1.0,0.0,1.0,0.983887608439629,0.9831301039976491,2.9171565380913456,0.3333333333333333,1.1120651996039415,3.3281371553362806,0.5,1.4424613820949292,2.5545265816988705,0.5,2.369182381764804,1.7970328950120897,0.5,True,False,2.25636417310937,0.01611688695074359,True,False,2.25636417310937,0.01611688695074359,True,False,2.25636417310937,0.01611688695074359,True,False,2.7318123381573938,0.01611688695074359,True
CHFJPY,body60_filter,シグナル足の実体がローソク足全体の60%以上の時だけ入る,0,2018-08-24 08:00:00,2018-08-24 09:00:00,2018-08-27 02:00:00,long,3m,113.174,113.176,112.9538147544233,113.8425557367301,112.9538147544233,-0.99999999999998,-1.0900149780337307,17,SL,113.176,0.11109262278835041,0.018002995606698973,1.332221674898794,1.2332051990617579,0.925675675675703,0.9391891891891853,0.06081081081081471,0.9391891891891853,0.866219064490373,1.161193216634834,1.2872141858819828,0.3333333333333333,1.9893310145449057,1.8633100452977571,0.5,3.231537711409949,3.1595257289830254,0.5833333333333334,4.869810311623393,3.5375886367245992,0.5833333333333334,False,True,0.32405392092134905,0.5220868725954215,False,True,0.32405392092134905,0.8191363001066582,True,False,0.3330554187247625,0.8191363001066582,True,True,1.2512081946684568,1.1161857276178948,True
CHFJPY,body60_filter,シグナル足の実体がローソク足全体の60%以上の時だけ入る,0,2018-09-13 12:00:00,2018-09-13 13:00:00,2018-09-17 10:00:00,long,3m,115.292,115.338,115.06598091911115,116.15405724266652,116.15405724266652,2.9999999999999876,2.9264757459856785,45,TP,115.337,0.13600954044442243,0.3308591430642327,2.154260642618087,1.9557451567796518,0.9078498293515784,0.9931740614334629,0.006825938566537175,0.9931740614334629,0.9661465876519636,2.213080045829576,3.330648706846505,0.6666666666666666,2.213080045829576,2.8086265033451947,0.5,4.279111583630638,3.6468029991079174,0.5833333333333334,6.205447038804546,7.30831084901855,0.5833333333333334,False,True,0.6690707115299277,1.1984453404325954,False,True,0.6690707115299277,2.970379862176528,False,True,0.6690707115299277,2.970379862176528,False,True,0.6690707115299277,3.8232612087420708,False
CHFJPY,body60_filter,シグナル足の実体がローソク足全体の60%以上の時だけ入る,0,2019-02-20 00:00:00,2019-02-20 01:00:00,2019-02-27 06:00:00,long,3m,110.617,110.658,110.40210942147829,111.42567173556513,110.40210942147829,-1.000000000000024,-1.07815840706429,125,SL,110.658,0.12794528926085438,0.32044946896330173,1.9695918580184588,1.8445384067157664,0.9365079365079705,0.9642857142857123,0.03571428571428773,0.9642857142857123,1.208718743202931,1.125481061724786,1.3208770793853954,0.0,1.6960374332936945,1.3365087607983153,0.3333333333333333,3.900104512504951,4.064237167339721,0.5,5.533615220147189,5.103743981294003,0.4583333333333333,False,True,0.2891861061376842,1.3443246015046642,False,True,0.2891861061376842,1.3443246015046642,True,False,0.7737682299358667,1.3443246015046642,True,False,0.7737682299358667,1.3443246015046642,True
CHFJPY,body60_filter,シグナル足の実体がローソク足全体の60%以上の時だけ入る,0,2019-08-01 12:00:00,2019-08-01 13:00:00,2019-08-02 01:00:00,short,3m,109.065,109.059,109.34554973827532,108.19935078517402,108.19935078517402,2.9999999999999805,2.930204089103724,12,TP,109.06,0.14327486913766402,0.03489795544807833,2.9453874398204696,2.5754691120705218,0.8744075829383942,0.8933649289099478,0.10663507109005219,0.8933649289099478,1.457046638242135,1.7169794080469816,3.957428147815634,0.6666666666666666,1.7169794080469816,3.433958816094062,0.6666666666666666,1.9054283674667831,3.6642853220514984,0.5833333333333334,3.4618771804524853,4.445999524089227,0.5416666666666666,False,True,0.2722040524952689,0.6770203356933941,False,True,0.2722040524952689,1.9612650961838274,False,True,0.2722040524952689,1.9612650961838274,False,True,0.2722040524952689,4.920611718183508,False
CHFJPY,body60_filter,シグナル足の実体がローソク足全体の60%以上の時だけ入る,0,2019-12-03 08:00:00,2019-12-03 09:00:00,2019-12-03 10:00:00,long,3m,110.174,110.198,110.01862798444019,110.7361160466794,110.01862798444019,-1.000000000000016,-1.1115001129780189,1,SL,110.198,0.08968600777990189,0.267600271146922,1.6279016494778613,1.5052515252021688,0.924657534246598,0.9589041095890357,0.04109589041096424,0.9589041095890357,1.1115545627931798,1.5275515477978645,2.0516020787941773,0.3333333333333333,1.795151818944945,2.631402666279413,0.3333333333333333,2.988203027808959,3.0997031407868034,0.4166666666666667,6.210556292871614,5.742255818364064,0.5416666666666666,False,True,1.2265012427573991,0.10035010168015515,True,False,3.0774031181912664,0.3679503728272356,True,False,3.0774031181912664,0.3679503728272356,True,False,3.0774031181912664,0.3679503728272356,True
CHFJPY,body60_filter,シグナル足の実体がローソク足全体の60%以上の時だけ入る,0,2019-12-27 07:00:00,2019-12-27 08:00:00,2019-12-27 15:00:00,long,3m,111.849,111.919,111.7485019246411,112.43049422607668,112.43049422607668,3.000000000000021,2.882696623067988,7,TP,111.917,0.08524903767944576,0.7976629631373915,2.0176180832299018,1.43110119857007,0.7093023255814068,0.8779069767441793,0.12209302325582068,0.8779069767441793,0.9445189109906338,0.7507416123647116,1.4193708608768167,0.6666666666666666,1.853393355525189,2.052809096309495,0.5,2.5689439548103072,1.3724495101041367,0.5,3.1554608394701393,2.2170338240143748,0.5,False,True,0.023460675386339933,2.2170338240142082,False,True,0.023460675386339933,4.093887854925904,False,True,0.023460675386339933,4.1408092056985835,False,True,0.023460675386339933,5.161348585006788,False
CHFJPY,body60_filter,シグナル足の実体がローソク足全体の60%以上の時だけ入る,0,2020-02-28 15:00:00,2020-02-28 16:00:00,2020-02-28 16:00:00,short,3m,111.624,111.452,111.97558434797156,109.88124695608532,111.97558434797156,-1.0000000000000133,-1.0381982388845277,0,SL,111.452,0.26179217398577853,0.6570097088132997,3.158994355747715,2.5478225335958107,0.8065296251511525,0.8415961305925024,0.1584038694074976,0.8415961305925024,1.6393191214144778,2.322452924177301,3.835103184003299,1.0,3.5982741029194405,5.038347708864877,0.8333333333333334,3.5982741029194405,4.39661729560534,0.75,5.385951682713757,7.360800633042178,0.75,True,False,2.200218559746931,0.48511763383306644,True,False,2.200218559746931,0.48511763383306644,True,False,2.200218559746931,0.48511763383306644,True,False,2.200218559746931,0.48511763383306644,True
CHFJPY,body60_filter,シグナル足の実体がローソク足全体の60%以上の時だけ入る,0,2020-03-09 01:00:00,2020-03-09 02:00:00,2020-03-10 04:00:00,short,3m,111.321,110.569,111.41172531713514,108.04082404859459,111.41172531713514,-0.9999999999999941,-1.0237325254069685,26,SL,110.57,0.42136265856756944,1.782312658062876,4.388143947747328,3.1184538384748564,0.7106544077879959,0.7295835586803683,0.27041644131963166,0.7295835586803683,1.8775187046504387,1.526001383667674,2.6983881387716084,0.6666666666666666,2.0291309222952814,4.257615058009053,0.5,2.9262203826784545,5.204542821746849,0.5,2.9262203826784545,3.659555417753582,0.5,False,True,1.4880293430165554,1.14865422969696,False,False,1.4880293430165554,1.14865422969696,False,False,1.4880293430165554,1.14865422969696,False,True,1.4880293430165554,1.14865422969696,False
CHFJPY,body60_filter,シグナル足の実体がローソク足全体の60%以上の時だけ入る,0,2020-04-23 09:00:00,2020-04-23 10:00:00,2020-04-23 13:00:00,short,3m,110.298,110.275,110.6119506038098,109.26414818857063,110.6119506038098,-1.0000000000000122,-1.0593558811703578,3,SL,110.275,0.1684753019048963,0.13651852669170197,2.029971136024772,1.5491884985452007,0.7631578947368323,0.871345029239733,0.12865497076026697,0.871345029239733,1.1073304921810556,3.715678161261759,3.596966398921068,0.6666666666666666,3.715678161261759,3.139926113909652,0.3333333333333333,3.715678161261759,3.2111531713140327,0.4166666666666667,5.609130770594829,5.134283721232233,0.375,False,True,0.4689114612454515,1.0446635085975589,False,True,0.5460741067668923,1.0446635085975589,False,True,0.5460741067668923,1.0446635085975589,True,False,4.10742697698577,1.0446635085975589,False
CHFJPY,body60_filter,シグナル足の実体がローソク足全体の60%以上の時だけ入る,0,2020-05-20 22:00:00,2020-05-20 23:00:00,2020-05-21 12:00:00,long,3m,111.516,111.529,111.2657362099763,112.3187913700711,111.2657362099763,-1.0000000000000062,-1.0759694297427365,13,SL,111.528,0.1316318950118492,0.09116331569123307,0.774888183375481,0.5013982363017818,0.6470588235294118,0.8039215686274974,0.19607843137250258,0.8039215686274974,0.848837641242894,1.040781187474875,0.36465326276493226,0.6666666666666666,1.2003169899345327,1.0027964726035636,0.8333333333333334,1.815669370850356,1.0559750734234856,0.6666666666666666,5.0291762489662135,4.094752263131075,0.6666666666666666,True,False,0.5469798941473984,0.05317860081981398,True,True,0.5469798941473984,0.34186243384201603,True,False,1.0179903585520667,0.34186243384201603,True,False,1.405434450239807,0.34186243384201603,True
CHFJPY,body60_filter,シグナル足の実体がローソク足全体の60%以上の時だけ入る,0,2020-05-28 15:00:00,2020-05-28 16:00:00,2020-05-29 04:00:00,long,3m,111.655,111.664,111.30160287792091,112.75119136623725,111.30160287792091,-1.000000000000011,-1.0551880762332595,12,SL,111.664,0.18119856103954188,0.04966926860989986,1.589416595516717,1.1313555627810001,0.7118055555555578,0.9895833333333328,0.010416666666667181,0.9895833333333328,1.3013201458279324,2.770441426907617,2.7759602345309653,1.0,3.6424130313924996,2.814591887894247,0.6666666666666666,3.6424130313924996,2.0254023977591977,0.5833333333333334,3.6424130313924996,2.742847388791032,0.625,False,True,0.3973541488791989,0.3918353412558505,True,False,0.3973541488791989,0.5794748004488317,True,True,0.3973541488791989,0.5794748004488317,True,False,0.7064073757852163,0.5794748004488317,True
CHFJPY,body60_filter,シグナル足の実体がローソク足全体の60%以上の時だけ入る,0,2020-07-22 04:00:00,2020-07-22 05:00:00,2020-07-22 14:00:00,long,3m,114.625,114.639,114.4311390487716,115.2625828536852,115.2625828536852,3.0000000000000053,2.9037818316436326,9,TP,114.642,0.10393047561420095,0.16357088620571122,0.7697453468505746,0.596552643809185,0.7749999999999867,0.8749999999999334,0.1250000000000666,0.8749999999999334,0.8875052024343582,1.0583998519195572,1.0391562182482006,0.6666666666666666,1.491381609523031,0.6927708121655581,0.5,2.5401596446069097,1.972472451304623,0.6666666666666666,6.052122789612683,3.665912214375942,0.7083333333333334,True,False,0.596552643809185,0.038487267342576584,True,False,0.8082326141930145,0.12508361886327135,True,False,1.0680216687550987,0.41373812393225395,True,True,1.5972215947149457,1.4047852580023363,True
CHFJPY,body60_filter,シグナル足の実体がローソク足全体の60%以上の時だけ入る,0,2020-07-31 13:00:00,2020-07-31 14:00:00,2020-08-03 05:00:00,long,3m,115.674,115.94,115.52504706980191,117.18485879059423,115.52504706980191,-1.0000000000000062,-1.0481982377867909,15,SL,115.947,0.20747646509904044,1.3158118915785342,2.1689207004042217,1.6580193798645901,0.764444444444458,0.8599999999999955,0.14000000000000443,0.8599999999999955,1.356867964978235,2.111082815060107,3.393155940187954,0.6666666666666666,3.2003629890408827,4.68004888909443,0.5,3.5281110059908416,4.925859901806917,0.5833333333333334,3.5281110059908416,3.489552415761455,0.5416666666666666,False,True,0.9495052843991886,1.5953616707417766,False,True,0.9495052843991886,1.6917581463152778,False,False,0.9495052843991886,1.6917581463152778,False,False,1.3254515391359323,1.6917581463152778,False
CHFJPY,body60_filter,シグナル足の実体がローソク足全体の60%以上の時だけ入る,0,2020-08-28 03:00:00,2020-08-28 04:00:00,2020-08-28 05:00:00,long,3m,117.638,117.868,117.51654402286165,118.92236793141504,117.51654402286165,-0.9999999999999853,-1.0569061313534929,1,SL,117.869,0.17572798856917418,1.314531634265323,1.718565166875009,1.6787308749276264,0.9768211920530101,0.9834437086092862,0.01655629139071383,0.9834437086092862,1.1541791238445893,2.0827644075373124,3.351771136719878,0.6666666666666666,2.6745881736134844,3.852545092630535,0.6666666666666666,3.4940364651036067,3.6761360854347176,0.6666666666666666,6.874260667500198,6.470227134890512,0.625,False,False,0.9332605541970563,0.0625967444888018,True,False,3.6704454722993427,0.0625967444888018,True,False,3.8753075451718733,0.0625967444888018,True,False,6.162934025581716,0.0625967444888018,True
CHFJPY,body60_filter,シグナル足の実体がローソク足全体の60%以上の時だけ入る,0,2020-10-20 09:00:00,2020-10-20 10:00:00,2020-10-21 08:00:00,long,3m,116.177,116.245,115.98409708872434,117.02770873382698,115.98409708872434,-1.0000000000000164,-1.0766568678832535,22,SL,116.245,0.1304514556378301,0.5212667016057295,1.7477765877368707,1.479477550145704,0.8464912280701866,0.8728070175438725,0.1271929824561275,0.8728070175438725,1.0917564980166092,2.3993599647441144,2.6063335080287566,0.6666666666666666,2.3993599647441144,1.977747191386582,0.6666666666666666,3.365236500072445,3.6948610319701363,0.5833333333333334,6.117218057079211,5.649611162991758,0.625,False,True,0.1303166754015141,1.057864776788063,False,True,0.1303166754015141,1.1191902710946962,False,True,0.1303166754015141,1.8857589499266323,False,True,0.1303166754015141,2.6216648816053603,False
CHFJPY,body60_filter,シグナル足の実体がローソク足全体の60%以上の時だけ入る,0,2020-12-02 01:00:00,2020-12-02 02:00:00,2020-12-04 12:00:00,long,3m,116.102,116.123,115.85122135891545,116.93833592325366,116.93833592325366,2.9999999999999756,2.9264106998246615,58,TP,116.121,0.1358893205422771,0.13981967033296097,1.2951716830848812,1.000814482383729,0.7727272727272397,0.8977272727272699,0.10227272727273003,0.8977272727272699,1.060741140919925,1.111198432646648,1.560093163715782,0.6666666666666666,1.2142234528921088,1.5453753036807611,0.6666666666666666,5.754683273706599,5.085020642111522,0.75,8.558435610384636,8.433333800086697,0.7083333333333334,False,False,0.21340897050827515,0.64022691152493,False,True,0.21340897050827515,0.64022691152493,True,False,0.5004072411918645,0.64022691152493,True,True,0.9198662521909566,0.8536358820332052,True
CHFJPY,body60_filter,シグナル足の実体がローソク足全体の60%以上の時だけ入る,0,2021-01-29 09:00:00,2021-01-29 10:00:00,2021-01-29 16:00:00,long,long,117.88,117.906,117.627836428332,118.74049071500401,117.627836428332,-0.9999999999999996,-1.0719001409137814,6,SL,117.905,0.1390817858340015,0.17975035228440317,2.192954297869167,1.3301526069042975,0.6065573770492024,0.8491803278688741,0.15081967213112585,0.8491803278688741,1.2847754496976722,2.444604791067352,2.660305213808595,1.0,2.8472455801843046,3.65252715841821,0.6666666666666666,4.047977933443857,4.961109723048383,0.6666666666666666,5.334990455799906,4.874829553951886,0.5416666666666666,True,False,0.7190014091374084,0.3379306622945799,True,False,0.733381437320226,0.3379306622945799,True,False,1.3301526069042975,0.3379306622945799,True,False,1.862213649665996,0.7261914232288172,True
CHFJPY,body60_filter,シグナル足の実体がローソク足全体の60%以上の時だけ入る,0,2021-04-27 14:00:00,2021-04-27 15:00:00,2021-04-29 09:00:00,long,3m,118.736,118.83,118.51400124096897,119.77799627709311,119.77799627709311,3.000000000000002,2.9367086122067803,42,TP,118.831,0.15799937951551837,0.6012681840352934,1.8544376623404037,1.5253224458158656,0.8225255972696455,0.8225255972696455,0.17747440273035456,0.8225255972696455,1.2034336163934907,1.6202595275056535,1.5696264172711298,0.6666666666666666,3.3227978591424865,4.132927622895314,0.6666666666666666,3.6519130756671143,3.563305132756586,0.4166666666666667,4.987361358103405,3.886091210501865,0.5416666666666666,False,True,0.4240522982144159,0.1075953592483963,False,True,0.4240522982144159,0.46202713089024117,False,True,0.4240522982144159,1.075953592484233,False,True,0.4240522982144159,1.1519032578360633,False
CHFJPY,body60_filter,シグナル足の実体がローソク足全体の60%以上の時だけ入る,0,2021-06-17 12:00:00,2021-06-17 13:00:00,2021-06-18 06:00:00,short,3m,120.884,120.742,121.05265151541562,119.81004545375315,119.81004545375315,2.999999999999982,2.9356191777359983,17,TP,120.74,0.1553257577078104,0.9270838406009241,1.5837682276932454,1.3326830208638285,0.8414634146341463,0.8780487804878049,0.12195121951219512,0.8780487804878049,1.376845456698874,1.8219772700698107,1.8348534345226624,1.0,5.691264688133237,5.298541672323185,1.0,6.457396473074248,6.998195380091454,0.8333333333333334,9.084134021443441,8.981124705821177,0.75,False,True,1.0107789095440936,1.010778909544002,False,True,1.0107789095440936,2.1889479569742516,False,True,1.0107789095440936,3.734087691309125,False,True,1.0107789095440936,5.208408521153589,False
CHFJPY,body60_filter,シグナル足の実体がローソク足全体の60%以上の時だけ入る,0,2021-09-13 10:00:00,2021-09-13 11:00:00,2021-09-14 06:00:00,short,3m,119.28,119.21,119.4618701810611,118.45438945681668,119.4618701810611,-1.0000000000000144,-1.0794059857175464,19,SL,119.208,0.12593509053055205,0.5717230971659596,2.1995458043745195,1.5484167214911406,0.7039711191335981,0.9458483754512617,0.054151624548738314,0.9458483754512617,1.1674293496368067,1.9613278472220363,3.3350514001346516,0.6666666666666666,2.6680411201076986,3.4144573858521836,0.6666666666666666,2.6680411201076986,3.6288535472894186,0.5,4.907289917341041,4.716715551619054,0.5416666666666666,False,True,0.1985149642937736,0.5955448928812079,False,False,0.7067132728856624,0.5955448928812079,True,False,1.4372483414865733,0.5955448928812079,True,False,1.6040009114933116,0.5955448928812079,True
CHFJPY,body60_filter,シグナル足の実体がローソク足全体の60%以上の時だけ入る,0,2022-03-14 06:00:00,2022-03-14 07:00:00,2022-03-15 07:00:00,long,3m,125.912,125.983,125.66208795564471,126.94573613306588,125.66208795564471,-1.000000000000016,-1.0623223725996171,24,SL,125.984,0.16045602217764554,0.44872108271682826,0.959764538033435,0.772797420234631,0.8051948051947189,0.9480519480518881,0.05194805194811187,0.9480519480518881,0.9165122437905412,0.9348355889935768,0.8288875555742456,0.3333333333333333,2.1314251429052664,2.4617337176829674,0.5,3.084957443678715,2.9166870376597824,0.6666666666666666,3.6707877461146303,3.3903370694165575,0.5833333333333334,True,False,1.6203816875887482,-0.006232237259898135,True,False,1.6203816875887482,-0.006232237259898135,True,True,1.6203816875887482,2.922919274919858,True,True,1.6203816875887482,2.922919274919858,True
CHFJPY,body60_filter,シグナル足の実体がローソク足全体の60%以上の時だけ入る,0,2022-03-18 08:00:00,2022-03-18 09:00:00,2022-03-21 08:00:00,long,long,127.072,127.08,126.78043213841738,127.97870358474783,127.97870358474783,2.999999999999997,2.933237164045731,23,TP,127.082,0.14978393079130603,0.06676283595417125,1.3486092862754737,1.0081188229088778,0.7475247524752356,0.8762376237623469,0.12376237623765302,0.8762376237623469,0.8431811586133183,1.301875301107478,1.6089843464969884,1.0,1.7959202871687816,2.2766127060392702,0.6666666666666666,3.2580263945665173,3.6586034102918297,0.6666666666666666,5.8951584147586535,6.068741788239632,0.6666666666666666,False,True,0.06676283595417125,1.4954875253748212,False,True,0.06676283595417125,2.7639814085052135,False,True,0.06676283595417125,2.7639814085052135,False,True,0.06676283595417125,3.091119304680994,False
CHFJPY,body60_filter,シグナル足の実体がローソク足全体の60%以上の時だけ入る,0,2022-05-31 12:00:00,2022-05-31 13:00:00,2022-06-02 06:00:00,long,3m,133.628,133.831,133.32783697149884,135.34048908550344,135.34048908550344,2.9999999999999902,2.9602514515830705,41,TP,133.826,0.25158151425057523,0.7870212586557511,1.4547968720606308,1.0016634201072065,0.6885245901638568,0.975409836065535,0.024590163934465056,0.975409836065535,1.131335593537194,2.047050243473273,2.2139941468243802,1.0,3.179883873356495,2.031150824106415,0.8333333333333334,3.179883873356495,1.7926595336046722,0.75,3.4819728413253315,3.9788296965372765,0.7083333333333334,False,True,0.0953965162006971,1.7409864206627221,False,True,0.0953965162006971,2.4087620340674887,False,True,0.0953965162006971,2.4087620340674887,False,True,0.0953965162006971,2.4087620340674887,False
CHFJPY,body60_filter,シグナル足の実体がローソク足全体の60%以上の時だけ入る,0,2022-08-19 07:00:00,2022-08-19 08:00:00,2022-08-22 14:00:00,long,3m,142.56,142.836,142.39060134995503,144.17219595013492,142.39060134995503,-1.000000000000026,-1.0449035936637305,30,SL,142.838,0.22269932502248357,1.248319903852088,2.20476644888984,1.9218738088082965,0.8716904276985946,0.9898167006110069,0.010183299388993077,0.9898167006110069,1.0518836450595572,1.8859509338772562,3.363279165414519,0.3333333333333333,1.8859509338772562,2.83790711954874,0.3333333333333333,2.510110885803364,3.2779623374533777,0.4166666666666667,4.337687147917728,4.333196788551459,0.5416666666666666,False,False,1.724297996687766,0.07184574986208066,False,True,1.724297996687766,0.4580166553702218,False,True,1.724297996687766,1.1270802009600343,False,True,1.724297996687766,2.1014881834633705,False
CHFJPY,body60_filter,シグナル足の実体がローソク足全体の60%以上の時だけ入る,0,2022-09-22 06:00:00,2022-09-22 07:00:00,2022-09-22 07:00:00,long,3m,150.706,151.043,150.15384101378874,153.7104769586338,150.15384101378874,-1.0000000000000107,-1.022493165238325,0,SL,151.044,0.4445794931056307,0.7602689850557603,2.467500226645327,2.3347905517391583,0.9462169553327283,0.9899726526891562,0.010027347310843752,0.9899726526891562,1.8597372070049667,1.6240065302077786,2.5732181032654933,1.0,3.6978763651822244,4.442400134571139,1.0,3.7541092782780736,4.332183624903284,0.75,4.550367327715086,4.979986783767282,0.625,True,False,4.53237279552446,0.9222197747717119,True,False,15.158144054113713,0.9222197747717119,True,False,15.158144054113713,0.9222197747717119,True,False,16.94635069056135,0.9222197747717119,True
CHFJPY,body60_filter,シグナル足の実体がローソク足全体の60%以上の時だけ入る,0,2023-04-11 14:00:00,2023-04-11 15:00:00,2023-04-13 08:00:00,long,3m,147.561,147.676,147.18113421218285,149.1605973634514,149.1605973634514,2.99999999999998,2.9595850016461793,41,TP,147.676,0.24743289390856824,0.46477248106905156,1.8995049226303515,1.661056432342721,0.874468085106388,0.8829787234042406,0.11702127659575948,0.8829787234042406,1.0145822004309386,1.661056432342721,1.657014932507318,0.6666666666666666,1.661056432342721,1.9035464224656395,0.5,2.3359869048518114,3.3948598617222374,0.5,3.471648358594665,3.281697866331527,0.5,False,True,0.008082999670691201,0.8770054642783232,False,True,0.008082999670691201,0.8770054642783232,False,True,0.008082999670691201,1.21649145045057,False,True,0.008082999670691201,1.7540109285566463,False
CHFJPY,body60_filter,シグナル足の実体がローソク足全体の60%以上の時だけ入る,0,2023-05-22 09:00:00,2023-05-22 10:00:00,2023-05-23 09:00:00,long,3m,153.958,154.08,153.62779356533022,155.43661930400938,153.62779356533022,-0.9999999999999979,-1.0442275882575294,23,SL,154.082,0.2261032173348956,0.5484220943938674,1.0879986711361782,0.8580152121968387,0.7886178861788758,0.9065040650406588,0.09349593495934114,0.9065040650406588,1.0549281827252333,2.923443583825492,3.042858072120877,0.6666666666666666,3.0472808309466557,3.2595732545830076,0.8333333333333334,3.533784301780004,2.7421104719694624,0.75,4.643896767044948,4.696969872954036,0.6666666666666666,False,True,0.12383724712116341,0.7739827945075541,False,True,0.12383724712116341,1.2295269535605804,False,True,0.12383724712116341,1.5612338654923175,False,True,0.7960965886363199,1.5612338654923175,False
CHFJPY,body60_filter,シグナル足の実体がローソク足全体の60%以上の時だけ入る,0,2023-06-15 00:00:00,2023-06-15 01:00:00,2023-06-15 15:00:00,long,3m,155.546,155.817,155.34813628243086,157.22359115270748,157.22359115270748,2.9999999999999996,2.957343681648747,14,TP,155.819,0.23443185878457962,1.1645174909902367,1.612408833678873,1.4887055104600226,0.9232804232803606,0.9576719576719075,0.04232804232809245,0.9576719576719075,1.0842818063609154,0.8915170535420023,1.6166744655139014,0.6666666666666666,2.3674256684966974,2.252253608948146,0.6666666666666666,2.3674256684966974,1.8214247936001076,0.5833333333333334,3.9585063429998235,4.918273505903854,0.5833333333333334,False,True,0.17489090524028086,1.5313618288113964,False,True,0.17489090524028086,1.5313618288113964,False,True,0.17489090524028086,1.6550651520301258,False,True,0.17489090524028086,2.546582205572128,False
CHFJPY,body60_filter,シグナル足の実体がローソク足全体の60%以上の時だけ入る,0,2023-09-21 07:00:00,2023-09-21 08:00:00,2023-10-03 14:00:00,short,3m,163.827,163.755,164.33910179998247,162.0026946000526,162.0026946000526,2.9999999999999774,2.9657593933102158,198,TP,163.755,0.292050899991236,0.24653236816651938,4.988856394702827,3.913701344643349,0.7844886753603333,0.8634179821551238,0.13658201784487628,0.8634179821551238,1.6581375144427728,0.7738377111893201,3.6808652191528126,0.0,1.537403240371653,3.697985522497693,0.16666666666666666,1.9037777319524365,3.561023095738451,0.4166666666666667,2.3180890728989647,4.4101901416453835,0.4583333333333333,False,True,0.3252857635530302,1.6058844537512744,False,True,0.3252857635530302,1.7394228198414237,False,True,0.3252857635530302,2.489292106347969,False,True,0.3252857635530302,2.667343261134867,False
CHFJPY,body60_filter,シグナル足の実体がローソク足全体の60%以上の時だけ入る,0,2024-03-06 07:00:00,2024-03-06 08:00:00,2024-03-07 07:00:00,short,3m,169.197,169.113,169.4927402825307,167.97377915240796,167.97377915240796,3.000000000000023,2.947332424501587,23,TP,169.113,0.189870141265339,0.4424076341872795,2.8914498948666383,1.795964324498336,0.6211293260473985,0.6466302367941783,0.3533697632058217,0.6466302367941783,0.9129698999877736,1.0006839344711775,2.1751708680874327,1.0,1.0533515099696134,2.2173049284861217,0.8333333333333334,2.5227768663772885,3.023118833613027,0.5833333333333334,3.318057256404447,3.623529194295614,0.625,True,False,1.2956223572627472,0.27913815014194904,True,False,1.4536250837582043,0.27913815014194904,True,False,1.4536250837582043,0.27913815014194904,True,True,1.4536250837582043,0.6214773908820809,True
CHFJPY,body60_filter,シグナル足の実体がローソク足全体の60%以上の時だけ入る,0,2024-04-26 03:00:00,2024-04-26 04:00:00,2024-04-26 08:00:00,long,3m,170.702,170.779,170.34517246091107,172.08048261726674,170.34517246091107,-1.0000000000000182,-1.0461012688175395,4,SL,170.778,0.2169137695444579,0.3503696430134497,3.2639698322834647,2.0192355742092123,0.6186440677965949,0.7019774011299248,0.29802259887007515,0.7019774011299248,1.1712795701178855,0.9589063914053065,1.2677848924830133,0.0,1.304665907536978,1.1479215935573008,0.0,1.9961849398004516,2.369605217222662,0.4166666666666667,3.978539498955699,3.7526432817496094,0.4166666666666667,False,True,0.02305063440876062,1.3830380645269473,False,True,0.02305063440876062,1.3830380645269473,False,True,0.02305063440876062,3.180987548411848,False,True,2.1068279849626075,5.444559847354263,False
CHFJPY,body60_filter,シグナル足の実体がローソク足全体の60%以上の時だけ入る,0,2024-05-30 08:00:00,2024-05-30 09:00:00,2024-06-03 00:00:00,long,3m,172.713,173.019,172.55847257929386,174.40058226211843,174.40058226211843,3.0000000000000298,2.956571532767144,36,TP,173.016,0.23026371035306908,1.3158825571576165,2.436337011767001,2.2582802961120225,0.926916221033871,0.9572192513368951,0.042780748663104856,0.9572192513368951,1.462446876528585,3.0095927792416335,4.242961248656792,0.6666666666666666,3.0095927792416335,3.422163217954416,0.5,3.6393055541190904,1.7675386163799716,0.5,3.6393055541190904,3.9215905911330933,0.625,False,True,0.7773695634693669,0.4473132124991653,False,True,0.7773695634693669,1.2594255497549147,False,False,1.4418251121330832,1.2594255497549147,False,True,1.4418251121330832,1.6459389081279414,False
CHFJPY,body60_filter,シグナル足の実体がローソク足全体の60%以上の時だけ入る,0,2024-07-23 03:00:00,2024-07-23 04:00:00,2024-07-24 01:00:00,short,3m,175.854,175.778,176.2602205395452,174.33133838136436,174.33133838136436,3.0000000000000004,2.9585252008990657,21,TP,175.775,0.24111026977260505,0.3276509128977123,1.9368731180153367,1.3520784506916657,0.6980728051391953,0.781584582441098,0.218415417558902,0.781584582441098,0.934864678666806,1.5718948859269248,1.5055352073652883,0.6666666666666666,2.268671510823284,2.455308106777489,0.5,2.687566981743099,2.948858216079057,0.4166666666666667,5.470526001418301,6.142417746853957,0.5416666666666666,False,False,0.4811076695712169,0.2447013146957255,False,False,0.5391723883126195,0.2447013146957255,True,False,0.8917081806709161,0.5184349887621522,True,True,1.1156720958161743,3.1852645709546663,True
CHFJPY,body60_filter,シグナル足の実体がローソク足全体の60%以上の時だけ入る,0,2024-12-19 09:00:00,2024-12-19 10:00:00,2024-12-23 22:00:00,long,3m,175.016,175.216,174.305816841446,177.94654947566204,174.305816841446,-1.0000000000000095,-1.0219735992827688,60,SL,175.216,0.45509157927700544,0.43947198565561885,1.3689552353171774,1.120653563421775,0.8186195826645327,0.8186195826645327,0.18138041733546728,0.8186195826645327,1.659445351645265,5.5109787001210115,3.662999000439274,1.0,5.869148368430334,6.0581213222622,1.0,7.780851506032061,7.543536633778101,0.8333333333333334,7.780851506032061,7.319405921093745,0.625,False,False,0.7097472568337804,0.10767063648556947,True,False,0.8437862124587482,0.23511751232573452,True,False,0.9272858897332702,0.23511751232573452,True,True,1.3601657956040238,0.9492594890160292,True
AUDJPY,body60_filter,シグナル足の実体がローソク足全体の60%以上の時だけ入る,0,2015-03-06 12:00:00,2015-03-06 13:00:00,2015-03-06 13:00:00,long,3m,93.959,93.998,93.71623409786797,94.8432977063961,93.71623409786797,-1.0000000000000202,-1.0443630684387673,0,SL,93.998,0.1408829510660155,0.2768255470580447,2.1081330122111623,1.8029151013523599,0.8552188552188802,0.9360269360269649,0.06397306397303514,0.9360269360269649,0.9330269497841363,1.3273430076886068,2.3139776497672115,0.6666666666666666,1.6893456461491267,2.8747268348334396,0.6666666666666666,2.7966478343812042,3.832969113111287,0.6666666666666666,4.9757617560943626,1.9448769203564515,0.5,True,False,2.299781467866732,1.4054220081407411,True,False,4.237560297273045,1.4054220081407411,True,False,4.237560297273045,1.4054220081407411,True,False,5.92690594342207,1.4054220081407411,True
AUDJPY,body60_filter,シグナル足の実体がローソク足全体の60%以上の時だけ入る,0,2015-11-19 00:00:00,2015-11-19 01:00:00,2015-11-24 22:00:00,long,3m,88.098,88.144,87.83310377695291,89.07668866914129,89.07668866914129,3.0,2.9597936575829835,93,TP,88.142,0.15544811152354754,0.28305265061603363,1.9620695099521406,1.5760886227484168,0.803278688524578,0.9311475409836023,0.06885245901639772,0.9311475409836023,1.0538927417488964,1.5246245044547089,1.5117584748811905,0.6666666666666666,4.03993328606549,4.49024432113644,0.8333333333333334,4.03993328606549,3.0942801124163664,0.5833333333333334,4.03993328606549,2.4702776781037405,0.5416666666666666,False,True,0.28305265061603363,2.058564731753163,False,True,0.28305265061603363,2.058564731753163,False,True,0.28305265061603363,2.058564731753163,False,True,0.28305265061603363,2.058564731753163,False
AUDJPY,body60_filter,シグナル足の実体がローソク足全体の60%以上の時だけ入る,0,2016-02-11 08:00:00,2016-02-11 09:00:00,2016-02-11 12:00:00,short,3m,79.21,78.322,79.34319032270673,75.25842903187983,79.34319032270673,-1.0000000000000042,-1.0122406173678389,3,SL,78.324,0.5105951613533627,1.7352299180658122,4.759152032618433,3.307904437486663,0.6950617283950667,0.6954732510288077,0.30452674897119225,0.6954732510288077,1.3892239301602822,1.0145023674470612,3.1198885547165442,0.0,1.476708079256927,3.924831552826087,0.3333333333333333,2.4872934491462586,4.32828230127029,0.5,4.4712527121267165,6.455211975107174,0.5416666666666666,False,False,0.22326886078951586,1.1418047880726532,False,False,1.045838347908757,1.1418047880726532,False,False,1.045838347908757,1.1418047880726532,True,False,3.1551415327359416,1.1418047880726532,False
AUDJPY,body60_filter,シグナル足の実体がローソク足全体の60%以上の時だけ入る,0,2016-04-05 09:00:00,2016-04-05 10:00:00,2016-04-07 00:00:00,short,3m,83.345,83.126,83.70612201460138,81.3856339561959,83.70612201460138,-1.0000000000000064,-1.0215471912552427,38,SL,83.126,0.29006100730068407,0.7550135815841442,1.9926842472860702,1.5203698149708116,0.7629757785466886,0.8581314878892605,0.1418685121107395,0.8581314878892605,1.3221284133478677,2.7752782336769757,2.492579084407992,1.0,4.061214607790611,2.899390055307205,0.6666666666666666,4.216354384828459,5.254067115681587,0.75,6.053898855076682,6.664115311425501,0.7083333333333334,False,False,0.3654403636891202,0.24822364326055668,True,False,1.1721672042858804,0.24822364326055668,True,False,1.1721672042858804,0.24822364326055668,True,True,1.1721672042858804,1.1101112934707902,True
AUDJPY,body60_filter,シグナル足の実体がローソク足全体の60%以上の時だけ入る,0,2016-06-03 14:00:00,2016-06-03 15:00:00,2016-06-06 07:00:00,short,3m,78.308,78.191,78.63008079192335,76.87375762422998,78.63008079192335,-1.0000000000000133,-1.0284685648516751,16,SL,78.193,0.2195403959616697,0.5238215932710959,2.309369980768868,1.812878209755458,0.7850098619329455,0.8205128205128291,0.17948717948717086,0.8205128205128291,1.2059493258821032,2.186385780609637,3.029055300219605,0.6666666666666666,2.482458855067179,3.170259381883938,0.5,2.5507834107112326,2.7557570776433917,0.4166666666666667,2.7921968406535322,1.2161770904640818,0.375,True,False,1.279946675731908,0.150314022416917,True,False,1.279946675731908,0.150314022416917,True,False,1.279946675731908,0.150314022416917,True,False,1.9130875580334243,0.150314022416917,True
AUDJPY,body60_filter,シグナル足の実体がローソク足全体の60%以上の時だけ入る,0,2016-06-14 07:00:00,2016-06-14 08:00:00,2016-06-14 13:00:00,short,3m,78.034,77.893,78.32493149566804,76.59720551299588,78.32493149566804,-1.0000000000000029,-1.0289397743053144,5,SL,77.893,0.2159657478340187,0.6528813083284458,1.838254463875018,1.4817164444332644,0.8060453400503782,0.9722921914357785,0.027707808564221458,0.9722921914357785,1.0513397291724198,1.4215217138781375,2.329073036093588,0.6666666666666666,1.4770860805443884,2.440201769426089,0.5,1.879927738874706,2.5698519583139636,0.5,3.310710180530596,2.8615648833117797,0.5,False,True,0.4954489361073802,1.7271257305425822,False,True,0.4954489361073802,1.7873204610976434,False,True,0.4954489361073802,1.7873204610976434,True,False,2.0929244777620224,1.7873204610976434,False
AUDJPY,body60_filter,シグナル足の実体がローソク足全体の60%以上の時だけ入る,0,2017-02-10 15:00:00,2017-02-10 16:00:00,2017-02-10 18:00:00,long,3m,87.089,87.124,86.81466272718721,88.05201181843834,86.81466272718721,-0.9999999999999925,-1.0404089681347628,2,SL,87.122,0.15466863640639278,0.21335935175178988,1.9460959053723252,1.603427855589178,0.8239202657807411,0.9269102990033042,0.07308970099669578,0.9269102990033042,1.0405990184830654,1.7715291630299517,2.1982478665335314,0.6666666666666666,1.8620452516518924,1.9008378610613088,0.5,2.2305750410413476,0.9956769748416249,0.5,6.161559461195415,6.025785328262457,0.625,True,False,1.4482574179515129,0.07758521881883268,True,False,1.4482574179515129,0.07758521881883268,True,False,2.2887639551554724,0.36852978938945524,True,False,2.2887639551554724,0.36852978938945524,True
AUDJPY,body60_filter,シグナル足の実体がローソク足全体の60%以上の時だけ入る,0,2017-05-02 00:00:00,2017-05-02 01:00:00,2017-05-03 03:00:00,long,3m,84.412,84.418,84.14249385671542,85.24451842985378,84.14249385671542,-0.999999999999976,-1.045371039102637,26,SL,84.418,0.1377530716422972,0.043556197538595735,2.199587975698982,1.5389856463636817,0.6996699669967168,0.7326732673267671,0.267326732673233,0.7326732673267671,0.8505033362170541,1.4518732512864903,2.0979568481089594,0.6666666666666666,1.4518732512864903,1.2195735310806808,0.5,2.177809876929684,2.744040444931428,0.6666666666666666,7.22306942515022,7.353738017766006,0.75,True,False,0.7840115556947233,0.5081556379502148,True,False,0.7840115556947233,0.5081556379502148,True,False,0.7840115556947233,0.5081556379502148,True,False,0.9219395145669775,0.8420864857461499,True
AUDJPY,body60_filter,シグナル足の実体がローソク足全体の60%以上の時だけ入る,0,2017-05-18 09:00:00,2017-05-18 10:00:00,2017-05-18 11:00:00,short,3m,81.913,81.865,82.45514325572694,80.09457023281917,82.45514325572694,-1.0,-1.02118129772506,1,SL,81.866,0.2950716278634715,0.15928335889258644,2.8128763378905273,2.4807535895612873,0.8819277108433745,0.8831325301204886,0.11686746987951133,0.8831325301204886,1.7088297296906045,2.39263939102497,3.514400918545181,0.6666666666666666,2.39263939102497,3.2602253458442196,0.5,3.2703923687522582,1.626723665286105,0.3333333333333333,4.090532216667296,4.375208858092373,0.5,True,False,0.782860763918913,0.020334045816076913,True,False,2.0977957266918548,0.020334045816076913,True,False,2.0977957266918548,0.020334045816076913,True,False,2.900990536426845,0.020334045816076913,True
AUDJPY,body60_filter,シグナル足の実体がローソク足全体の60%以上の時だけ入る,0,2017-08-09 00:00:00,2017-08-09 01:00:00,2017-08-09 23:00:00,short,3m,86.64,86.534,86.86151852511034,85.55144442466899,86.86151852511034,-0.9999999999999816,-1.0381657800754058,22,SL,86.534,0.16375926255517062,0.6472916300797523,3.5234648165663693,2.3387990030241044,0.6637781629116062,0.7573656845753882,0.2426343154246118,0.7573656845753882,1.2777565764074452,2.595273045131199,4.555467509806764,1.0,3.383014745888704,5.129480842141632,1.0,4.097478148901325,5.709600699288603,0.8333333333333334,5.654641975980026,7.016397009072399,0.625,False,True,0.3663914887243341,1.514418153394244,False,True,0.3663914887243341,1.5205246782063466,False,True,0.3663914887243341,1.5205246782063466,True,False,1.5571638270787018,1.5205246782063466,False
AUDJPY,body60_filter,シグナル足の実体がローソク足全体の60%以上の時だけ入る,0,2017-09-12 06:00:00,2017-09-12 07:00:00,2017-09-14 22:00:00,long,3m,87.938,88.038,87.73994541540061,88.93216375379816,87.73994541540061,-0.9999999999999825,-1.041938626835029,63,SL,88.039,0.14902729229969486,0.6777282096549633,2.5901295933348045,2.31501220129667,0.8937823834196962,0.9041450777202271,0.09585492227977291,0.9041450777202271,0.9270352893721396,1.3084851572545981,3.0397116730069618,1.0,2.200939136305267,1.7513570566331096,0.8333333333333334,2.764594280968827,1.6037330901736695,0.6666666666666666,4.91185197492512,5.435246037826998,0.7083333333333334,False,True,0.2751173920381345,0.9260048805187061,False,True,0.2751173920381345,1.3822971404844135,False,True,0.2751173920381345,1.3822971404844135,False,True,0.2751173920381345,1.3822971404844135,False
AUDJPY,body60_filter,シグナル足の実体がローソク足全体の60%以上の時だけ入る,0,2017-11-13 09:00:00,2017-11-13 10:00:00,2017-11-15 01:00:00,short,3m,86.69,86.667,86.89629757330448,85.97910728008658,85.97910728008658,3.0000000000000155,2.945485685609996,39,TP,86.665,0.11464878665223624,0.21805725756020328,1.212398352035107,0.8460621593338267,0.6978417266186845,0.7553956834531866,0.24460431654681333,0.7553956834531866,0.9472135217851894,2.041015930764152,2.041015930764152,1.0,2.9306895416101186,3.6284727658029925,0.8333333333333334,2.9306895416101186,2.2503508980220266,0.5833333333333334,3.017912444634274,3.192358250682462,0.6666666666666666,False,True,0.23550183816498482,0.340169321794046,True,False,0.6541717726807338,0.340169321794046,True,True,0.6541717726807338,0.7501169660074661,True,False,1.0205079653820142,1.3083435453617154,True
AUDJPY,body60_filter,シグナル足の実体がローソク足全体の60%以上の時だけ入る,0,2017-11-27 16:00:00,2017-11-27 17:00:00,2017-11-28 06:00:00,short,3m,84.502,84.406,84.67125944925435,83.61022165223699,84.67125944925435,-1.0000000000000184,-1.04712367470841,13,SL,84.405,0.1326297246271697,0.7313594314748609,2.442891296885234,1.6285941979234535,0.6666666666666521,0.8271604938271675,0.17283950617283247,0.8271604938271675,1.2004139424643812,1.7492308051770864,2.0659018992177787,0.6666666666666666,3.739734824861331,4.531412559963062,0.6666666666666666,3.739734824861331,1.8321684726638987,0.4166666666666667,3.739734824861331,4.380616800896101,0.5,False,False,0.6182626121746136,0.11309681930024727,True,False,0.9198541303086422,0.11309681930024727,True,False,0.9198541303086422,0.11309681930024727,True,False,1.4400994990897795,0.11309681930024727,True
AUDJPY,body60_filter,シグナル足の実体がローソク足全体の60%以上の時だけ入る,0,2017-12-14 00:00:00,2017-12-14 01:00:00,2017-12-14 18:00:00,long,3m,86.2,86.467,86.17500835024741,87.34297494925777,86.17500835024741,-1.0000000000000047,-1.042809443388472,17,SL,86.468,0.1459958248762938,1.8356689324991609,3.3562603616588698,2.9658382379557735,0.8836734693877785,0.9714285714285797,0.028571428571420285,0.9714285714285797,1.4502802686252734,1.630183604234322,3.6850368868826116,1.0,1.794571866846193,3.787779551015031,0.6666666666666666,2.8699450847654506,4.88370130176087,0.75,3.0891294349145793,4.239847273197676,0.6666666666666666,False,False,1.0822227288614514,0.0,False,False,1.0822227288614514,0.0,False,False,1.157567349225193,0.0,False,False,1.4589458306803547,0.0,False
AUDJPY,body60_filter,シグナル足の実体がローソク足全体の60%以上の時だけ入る,0,2018-03-19 01:00:00,2018-03-19 02:00:00,2018-03-19 10:00:00,short,3m,81.487,81.47,81.78895211847683,80.51314364456952,81.78895211847683,-1.000000000000013,-1.0391908354761439,8,SL,81.472,0.1594760592384127,0.09405800514280294,1.7620199630084787,1.4547638128752927,0.825622775800692,0.8825622775800692,0.1174377224199308,0.8825622775800692,0.9982874447051548,1.022096989218399,1.6177976884562104,0.6666666666666666,1.022096989218399,1.9501359732940846,0.6666666666666666,3.248136444264676,4.332938770244973,0.6666666666666666,6.283074743538969,6.577789826319811,0.625,True,False,0.7524640411424235,0.050164269409465195,True,False,0.7524640411424235,0.050164269409465195,True,True,0.7524640411424235,1.235295134208693,True,False,0.8151693779043219,1.3607058077324898,True
AUDJPY,body60_filter,シグナル足の実体がローソク足全体の60%以上の時だけ入る,0,2018-05-03 14:00:00,2018-05-03 15:00:00,2018-05-03 16:00:00,short,3m,81.9,81.821,82.1222615301197,80.9172154096409,82.1222615301197,-1.000000000000015,-1.0414921878509567,1,SL,81.821,0.15063076505984924,0.5244612544364302,3.3459300283030067,2.8878562744281773,0.8630952380952343,0.8888888888888952,0.11111111111110485,0.8888888888888952,1.39943693188333,1.998263766903178,3.292820027853688,0.6666666666666666,2.914411274652742,4.461240037737279,0.6666666666666666,2.914411274652742,4.016443783974827,0.5,3.166683776786769,4.102747534704804,0.5416666666666666,True,False,1.0422837588165776,0.47135125398711175,True,False,2.3567562699356532,0.47135125398711175,True,False,2.8015525236981054,0.47135125398711175,True,False,3.6313962807176923,0.47135125398711175,True
AUDJPY,body60_filter,シグナル足の実体がローソク足全体の60%以上の時だけ入る,0,2018-06-19 05:00:00,2018-06-19 06:00:00,2018-06-19 15:00:00,short,3m,81.026,80.889,81.25321036124976,79.79636891625073,81.25321036124976,-1.000000000000012,-1.0343208248032822,9,SL,80.89,0.18210518062487815,0.7468211477198148,1.6419082585899754,1.4826596315025986,0.9030100334447828,0.9799331103678927,0.02006688963210734,0.9799331103678927,1.264314888905457,2.1306368037889016,2.8939319474143796,0.6666666666666666,5.216765370101829,3.5419091197006827,0.6666666666666666,5.326592009472371,6.3205230957759655,0.5,7.061852911527304,7.737286743656301,0.625,False,True,0.13728329921323681,0.774277807562509,False,False,0.5875725206325163,1.4387289757543973,False,False,0.6754338321289972,1.4387289757543973,False,True,1.0049137502406251,1.4387289757543973,False
AUDJPY,body60_filter,シグナル足の実体がローソク足全体の60%以上の時だけ入る,0,2018-08-10 00:00:00,2018-08-10 01:00:00,2018-08-10 06:00:00,short,3m,81.809,81.72,81.9735395490584,80.9593813528248,80.9593813528248,2.999999999999994,2.9506980270083583,5,TP,81.718,0.12676977452919902,0.7178367267588209,1.7038761865925436,1.4120085064817465,0.8287037037036817,0.925925925925904,0.07407407407409601,0.925925925925904,1.168017219059146,0.962374512797603,1.9957438667032286,0.6666666666666666,1.3567902967310248,2.2402816527418987,0.8333333333333334,4.788207616952008,4.938085614846647,0.8333333333333334,6.152886229361739,4.732989407201286,0.7083333333333334,False,False,1.0806992479776407,0.1893195762880604,False,False,1.0806992479776407,0.1893195762880604,False,True,1.0806992479776407,0.1893195762880604,False,True,1.0806992479776407,7.501788210414169,False
AUDJPY,body60_filter,シグナル足の実体がローソク足全体の60%以上の時だけ入る,0,2018-10-10 19:00:00,2018-10-10 20:00:00,2018-10-11 12:00:00,short,3m,79.703,79.514,79.89004606472292,78.38586180583123,79.89004606472292,-1.0000000000000113,-1.0332406084589745,16,SL,79.516,0.18802303236146187,0.9945590050930699,1.4679052695491288,1.3030318515924901,0.8876811594202669,0.8876811594202669,0.11231884057973308,0.8876811594202669,1.224299223109463,2.175265417556485,2.7071151529004247,0.3333333333333333,4.127153946268601,3.0794099676411144,0.6666666666666666,4.472856274242121,4.621774200138442,0.5833333333333334,4.632411194845295,3.6378521897522247,0.375,False,True,0.27124336502532087,2.281635364625318,False,True,0.27124336502532087,2.5156492481766155,False,True,0.27124336502532087,2.5156492481766155,False,True,0.27124336502532087,2.5156492481766155,False
AUDJPY,body60_filter,シグナル足の実体がローソク足全体の60%以上の時だけ入る,0,2019-01-30 19:00:00,2019-01-30 20:00:00,2019-01-30 20:00:00,long,3m,79.102,79.193,78.92179445936408,80.00661662190775,78.92179445936408,-0.9999999999999983,-1.0460905037953072,0,SL,79.193,0.13560277031795942,0.6710777352602642,3.8863512800239923,3.06778393261853,0.7893738140417381,0.8254269449715397,0.1745730550284603,0.8254269449715397,0.9424439265087936,0.6858266964748468,2.617940615575958,0.3333333333333333,1.393776834771463,3.281643870228931,0.5,2.1607228179260956,3.8052319933441017,0.5833333333333334,5.6857245481944885,7.964439055836617,0.625,True,False,2.1091014536752657,0.0,True,False,2.1091014536752657,0.0,True,False,2.1091014536752657,0.0,True,False,2.219718662784112,0.0,True
AUDJPY,body60_filter,シグナル足の実体がローソク足全体の60%以上の時だけ入る,0,2019-03-25 00:00:00,2019-03-25 01:00:00,2019-03-25 07:00:00,short,3m,77.728,77.627,77.96080118557015,76.62559644328954,77.96080118557015,-1.0000000000000064,-1.0374474403937186,6,SL,77.625,0.1669005927850751,0.6171338176889033,2.294779147328823,1.959250081400788,0.8537859007832632,0.9347258485639555,0.06527415143604451,0.9347258485639555,1.326461722754604,1.0365451500988194,1.5997546536208114,0.3333333333333333,1.4619480729718486,1.983216443252815,0.5,3.277399983260646,3.5230551922436018,0.5,6.351085890779362,6.051506367629409,0.5416666666666666,False,False,0.43139451333597206,0.5032935988919675,False,False,0.6051506367629325,0.5032935988919675,True,False,0.9826208359319081,0.5032935988919675,True,False,1.8573930435298232,0.5032935988919675,True
AUDJPY,body60_filter,シグナル足の実体がローソク足全体の60%以上の時だけ入る,0,2019-06-13 01:00:00,2019-06-13 02:00:00,2019-06-17 16:00:00,short,3m,74.967,74.955,75.13380034011024,74.41859897966928,74.41859897966928,3.0000000000000187,2.930089618441002,62,TP,74.956,0.08940017005511854,0.12304227154393298,3.8031247568140056,2.5055880750774793,0.6588235294117691,0.9588235294117357,0.041176470588264305,0.9588235294117357,1.0293100800502644,0.9843381723517817,2.449659769830107,0.6666666666666666,1.1744944101925932,2.326617498286174,0.3333333333333333,2.8411579065610773,4.228179876693177,0.5,4.496635741880055,5.4138599479351175,0.5416666666666666,False,True,0.3243841704340918,2.069347294148802,False,True,0.3243841704340918,2.069347294148802,False,True,0.3243841704340918,2.069347294148802,False,True,0.3243841704340918,2.069347294148802,False
AUDJPY,body60_filter,シグナル足の実体がローソク足全体の60%以上の時だけ入る,0,2019-07-26 14:00:00,2019-07-26 15:00:00,2019-07-30 13:00:00,short,3m,75.132,75.084,75.2365994230905,74.62620173072851,74.62620173072851,2.999999999999999,2.918086190977434,46,TP,75.082,0.07629971154524878,0.6553104721812659,1.4941078765730034,1.0091781271590825,0.6754385964913112,0.9298245614035503,0.07017543859644967,0.9298245614035503,0.9567010165527179,2.372223909295609,2.870259868153401,0.6666666666666666,2.5032860037317133,2.8833660775970857,0.6666666666666666,4.272624278620796,4.377473954169903,0.75,5.937112877960772,6.435148836818564,0.6666666666666666,False,True,0.18348693221084386,0.7732663571736852,False,True,0.19659314165434252,0.7732663571736852,False,False,0.19659314165434252,0.7732663571736852,False,True,0.4718235399704221,0.7732663571736852,False
AUDJPY,body60_filter,シグナル足の実体がローソク足全体の60%以上の時だけ入る,0,2019-10-02 08:00:00,2019-10-02 09:00:00,2019-10-04 12:00:00,short,3m,71.993,71.937,72.19998346716622,71.14804959850133,72.19998346716622,-1.0000000000000007,-1.0475315050587877,51,SL,71.938,0.1314917335831111,0.41827724451764975,2.1370164674449437,1.8328148350684907,0.8576512455516255,0.8647686832740291,0.1352313167259709,0.8647686832740291,1.1212707692955697,2.9963860789086985,3.3005877112851514,1.0,3.2929826704758103,3.399453241807558,0.6666666666666666,3.2929826704758103,2.121806385826153,0.3333333333333333,5.110587423925403,5.125797505544193,0.4166666666666667,False,True,0.06084032647526896,0.9962603460330831,False,True,0.06084032647526896,0.9962603460330831,False,True,0.06084032647526896,0.9962603460330831,False,True,0.494327652611817,1.0266805092707716,False
AUDJPY,body60_filter,シグナル足の実体がローソク足全体の60%以上の時だけ入る,0,2019-12-12 11:00:00,2019-12-12 12:00:00,2019-12-12 15:00:00,long,3m,74.844,74.865,74.7134994085861,75.31950177424169,75.31950177424169,3.0000000000000093,2.917492071263026,3,TP,74.865,0.07575029570694838,0.2772266405565268,1.3993344713804388,0.9108875332569719,0.6509433962263392,0.6886792452829911,0.31132075471700893,0.6886792452829911,0.9252262305947138,1.0957052936281149,1.0032964134425435,0.6666666666666666,1.9009826781018981,1.8745801409059133,0.8333333333333334,3.8943742363891802,3.815166624801601,0.6666666666666666,7.260697728861103,7.141886311479735,0.7083333333333334,True,False,0.8580824588653776,0.03960380579378955,True,False,1.3597306655866492,0.25082410336072963,True,True,1.3597306655866492,3.48513490985348,True,True,1.3597306655866492,7.5775281752114205,True
AUDJPY,body60_filter,シグナル足の実体がローソク足全体の60%以上の時だけ入る,0,2020-11-09 11:00:00,2020-11-09 12:00:00,2020-11-13 01:00:00,long,3m,76.112,76.271,75.85229141545858,77.52712575362425,75.85229141545858,-1.0000000000000107,-1.0298536988767104,85,SL,76.272,0.2093542922707079,0.7642546912442617,4.074432822695669,3.7687309461980183,0.9249706916764439,0.9777256740914521,0.022274325908547915,0.9777256740914521,0.9636805861430752,1.0460736086405522,4.3944644746542165,0.6666666666666666,1.1559352205068891,3.4439227024192394,0.5,2.3214236246543085,4.977208676727926,0.6666666666666666,3.19076333594454,5.865654755299355,0.4583333333333333,False,True,0.8645631194700681,3.5299013551841485,False,True,0.8645631194700681,3.6588693343316137,False,True,0.8645631194700681,3.6588693343316137,False,True,0.8645631194700681,3.6588693343316137,False
AUDJPY,body60_filter,シグナル足の実体がローソク足全体の60%以上の時だけ入る,0,2021-04-20 06:00:00,2021-04-20 07:00:00,2021-04-20 09:00:00,long,3m,84.484,84.651,84.3773381667813,85.47198549965607,84.3773381667813,-1.0000000000000229,-1.0456768116071409,2,SL,84.652,0.13683091660934507,1.2277926960004926,2.0755543194292656,1.775914435286323,0.8556338028169085,0.9718309859155078,0.028169014084492242,0.9718309859155078,1.1551816396480323,1.4397331018576858,2.287494725286563,1.0,4.026867711287191,4.509214841858814,1.0,4.61153089985882,5.678541219002071,0.8333333333333334,4.7284635375730835,4.52383142157307,0.7083333333333334,False,False,0.3873393624286922,0.4677305508572613,False,False,1.0670103191432505,0.4677305508572613,True,False,2.367885913715132,0.4677305508572613,True,False,3.719919537287068,0.4677305508572613,True
AUDJPY,body60_filter,シグナル足の実体がローソク足全体の60%以上の時だけ入る,0,2021-06-17 10:00:00,2021-06-17 11:00:00,2021-06-18 05:00:00,short,3m,83.973,83.831,84.13010305733988,82.93369082798037,82.93369082798037,3.0000000000000004,2.9582083843904527,18,TP,83.83,0.14955152866993868,0.9561921651473234,1.8722643793094431,1.6582913073883885,0.8857142857142988,0.9392857142857292,0.06071428571427085,0.9392857142857292,1.5826341072249286,2.387137083619526,2.507496936575137,1.0,3.035742957880351,4.085548341993118,1.0,3.83814197758433,3.2497160298014056,0.6666666666666666,4.794334142731653,5.94443940430743,0.7083333333333334,False,True,0.6285458987682232,0.5416193383002501,False,True,0.6285458987682232,2.0260575247526926,False,True,0.6285458987682232,2.0461175002452943,False,True,0.6285458987682232,5.095233775120682,False
AUDJPY,body60_filter,シグナル足の実体がローソク足全体の60%以上の時だけ入る,0,2021-07-08 06:00:00,2021-07-08 07:00:00,2021-07-09 13:00:00,short,3m,82.133,81.954,82.30253999436964,80.90838001689106,82.30253999436964,-1.0000000000000024,-1.0358638899463934,30,SL,81.953,0.17426999718482206,1.0328800304569559,2.387100514833933,1.8706604996054146,0.7836538461538363,0.9110576923076769,0.08894230769232313,0.9110576923076769,1.3909545353518273,2.042807171348254,3.276524985505244,1.0,3.4027658781166865,3.477362769205196,0.8333333333333334,4.504504577270779,4.929133034236422,0.6666666666666666,6.501405969487635,6.6333850844904525,0.5416666666666666,False,True,0.4016755673999046,2.3469329580939915,False,True,0.4016755673999046,2.4903885178796368,False,True,0.4016755673999046,2.4903885178796368,False,True,0.4016755673999046,3.5060538811623903,False
AUDJPY,body60_filter,シグナル足の実体がローソク足全体の60%以上の時だけ入る,0,2021-07-18 22:00:00,2021-07-18 23:00:00,2021-07-19 11:00:00,short,3m,81.319,81.298,81.57346653211643,80.47160040365071,80.47160040365071,2.999999999999991,2.9546224366932976,12,TP,81.3,0.13773326605821545,0.13794779245251299,0.8639888053602263,0.6389160913588826,0.7394957983193969,1.0,0.0,1.0,1.0271780229306349,1.5246861271063423,0.6679577318751251,1.0,2.3305916514339806,2.4830602641445116,0.8333333333333334,4.065829672283442,3.8334965481529863,0.75,4.341725257188365,2.105518937432534,0.5416666666666666,False,True,0.21781230387233463,1.1181031598779156,False,True,0.21781230387233463,2.170862628594131,False,True,0.21781230387233463,2.170862628594131,False,True,0.21781230387233463,2.170862628594131,False
AUDJPY,body60_filter,シグナル足の実体がローソク足全体の60%以上の時だけ入る,0,2021-09-03 05:00:00,2021-09-03 06:00:00,2021-09-07 05:00:00,long,3m,81.581,81.647,81.42040123981778,82.3267962805467,81.42040123981778,-0.9999999999999826,-1.055163585140237,47,SL,81.645,0.1132993800911157,0.5648751118366575,1.6240159465305473,1.3327522169897275,0.8206521739130342,0.9293478260869271,0.07065217391307287,0.9293478260869271,0.9919286693723917,1.6240159465305473,1.147402570918297,0.6666666666666666,2.330109836326432,2.7625923438264786,0.5,2.330109836326432,1.9594105441835703,0.4166666666666667,4.333651248622331,4.315998901377349,0.5833333333333334,False,True,0.4413086811224122,0.5472227645918012,False,True,0.6354845008163338,0.9444005776020098,False,True,0.6354845008163338,1.226838133520464,False,True,0.6354845008163338,1.226838133520464,False
AUDJPY,body60_filter,シグナル足の実体がローソク足全体の60%以上の時だけ入る,0,2021-10-07 14:00:00,2021-10-07 15:00:00,2021-10-11 02:00:00,long,3m,81.427,81.513,81.21865879435958,82.39602361692128,82.39602361692128,3.0000000000000195,2.9575322796793415,35,TP,81.513,0.14717060282021208,0.5843558316130474,1.5356327667970981,1.3997360617708328,0.9115044247787784,0.9380530973451511,0.061946902654848895,0.9380530973451511,0.906225752129321,1.5084534257919031,1.2026858394827336,0.6666666666666666,2.167552445169382,2.086014422153603,0.6666666666666666,2.4121665142167177,2.2558853034365076,0.4166666666666667,5.259202484517523,5.136895449993855,0.5833333333333334,False,True,0.4756384675920737,0.8901234179222169,False,True,0.4756384675920737,0.9376872646813567,False,True,0.4756384675920737,1.0667891344563716,False,True,0.4756384675920737,1.0667891344563716,False
AUDJPY,body60_filter,シグナル足の実体がローソク足全体の60%以上の時だけ入る,0,2021-11-17 17:00:00,2021-11-17 18:00:00,2021-11-18 12:00:00,short,3m,82.993,82.925,83.25615163465896,81.9315450960231,83.25615163465896,-0.999999999999998,-1.0377470581199486,18,SL,82.923,0.16557581732948312,0.4227670509437895,2.0474004324279718,1.4132498560122018,0.6902654867256507,0.7905604719764063,0.2094395280235936,0.7905604719764063,1.386750525860518,2.6332347744501883,2.464127954072621,1.0,3.5572827572273673,4.541726032996554,0.8333333333333334,4.843702497956501,4.51756791579982,0.6666666666666666,4.843702497956501,4.8859792030508284,0.625,False,True,0.04227670509441328,0.5193995197309831,False,True,0.04227670509441328,0.6401901057149966,False,True,0.22346258407026176,0.6401901057149966,True,False,0.5254390490302095,0.6401901057149966,False
AUDJPY,body60_filter,シグナル足の実体がローソク足全体の60%以上の時だけ入る,0,2022-03-02 18:00:00,2022-03-02 19:00:00,2022-03-08 07:00:00,long,3m,83.988,84.386,83.95958819527404,85.66523541417789,83.95958819527404,-0.9999999999999917,-1.0293143854401927,81,SL,84.386,0.2132059023629811,1.8667400648336874,1.1585045125978015,0.900537920723765,0.7773279352226443,0.7854251012145859,0.21457489878541416,0.7854251012145859,0.997304702489892,1.5149674395509405,3.653745001269974,1.0,1.6509861879935803,4.061801246597961,0.5,3.0909088008175796,5.407917826013183,0.75,3.564629269531656,2.7813488905687622,0.5416666666666666,False,False,0.36584353029398997,0.18761206681748716,False,False,0.7269967589176545,0.18761206681748716,False,False,0.8020415856445959,0.18761206681748716,False,False,1.2476202443360531,0.18761206681748716,False
AUDJPY,body60_filter,シグナル足の実体がローソク足全体の60%以上の時だけ入る,0,2022-04-19 04:00:00,2022-04-19 05:00:00,2022-04-19 22:00:00,long,3m,94.312,94.483,94.13006789473303,95.54179631580091,95.54179631580091,3.0000000000000027,2.9645824230398867,17,TP,94.484,0.17646605263348394,0.9746917179432647,1.8700480634958212,1.49037163848299,0.7969696969696739,0.9121212121211796,0.08787878787882038,0.9121212121211796,1.1010231324851916,3.8137646870687805,3.7400961269916424,1.0,4.981128023675286,5.3948053225697805,1.0,5.978486990873074,6.516834160667241,0.8333333333333334,6.737839840898655,7.655863435705654,0.75,False,False,0.5666812313623407,0.6063489175577352,False,True,0.5666812313623407,1.0596939026477044,False,True,1.173030148920076,1.2296982720563423,False,True,1.173030148920076,2.6520681627759255,False
AUDJPY,body60_filter,シグナル足の実体がローソク足全体の60%以上の時だけ入る,0,2022-04-26 20:00:00,2022-04-26 21:00:00,2022-04-27 01:00:00,short,3m,90.759,90.572,91.20277408586328,88.67967774241016,91.20277408586328,-1.0000000000000029,-1.0198169206378904,4,SL,90.579,0.31538704293163894,0.5707273143717015,1.3665748471899586,1.173161701764023,0.8584686774942153,0.9976798143851727,0.0023201856148273086,0.9976798143851727,1.1361522143161968,1.1382839214412779,1.9721799418843602,1.0,1.3665748471899586,1.2556000916176984,0.6666666666666666,4.169480102215321,4.756060953097332,0.6666666666666666,5.336300389375229,4.331186174620636,0.5833333333333334,False,True,0.19975456003009553,0.1268282920825703,False,False,0.41219194926846614,0.4438990222890862,True,False,1.128771799535128,0.4438990222890862,True,False,2.9741234493368727,0.4438990222890862,True
AUDJPY,body60_filter,シグナル足の実体がローソク足全体の60%以上の時だけ入る,0,2022-05-10 00:00:00,2022-05-10 01:00:00,2022-05-10 02:00:00,short,3m,90.439,89.999,90.61778182585965,88.14265452242104,90.61778182585965,-1.0000000000000093,-1.020200981149743,1,SL,89.998,0.30939091292982535,1.4253812299264714,2.550171860344712,2.1332236094138124,0.8365019011406786,0.8681875792141964,0.13181242078580355,0.8681875792141964,1.211343999152342,0.9243968974126613,1.8164722249857026,0.3333333333333333,1.2637733807284637,2.139687923381718,0.5,4.547644876432185,5.753239431449407,0.5833333333333334,5.449416674957107,5.711221390657905,0.625,False,False,1.0989333745464802,0.817735716941966,True,False,2.6826902966870754,0.817735716941966,True,False,2.7344048084304124,0.817735716941966,True,False,3.7396056304421004,0.817735716941966,True
AUDJPY,body60_filter,シグナル足の実体がローソク足全体の60%以上の時だけ入る,0,2022-08-25 06:00:00,2022-08-25 07:00:00,2022-08-26 15:00:00,long,3m,95.147,95.225,94.90097458755181,96.19707623734455,94.90097458755181,-0.9999999999999877,-1.0385772211677489,32,SL,95.228,0.1620127062240917,0.4999607863345718,1.6665359544487772,1.0863345480850692,0.6518518518518159,0.6962962962962628,0.3037037037037372,0.6962962962962628,0.8727580597049769,1.39495231742751,1.1665751681141179,0.6666666666666666,2.9380411641393636,2.6294233947969228,0.8333333333333334,3.561449058210947,3.592310835145156,0.5833333333333334,5.49956864968108,5.079848483375381,0.5416666666666666,False,True,0.3888583893713141,0.4012031001451556,False,True,0.3888583893713141,1.28384992046434,False,False,0.3888583893713141,1.28384992046434,True,False,0.9320256634139364,1.28384992046434,False
AUDJPY,body60_filter,シグナル足の実体がローソク足全体の60%以上の時だけ入る,0,2022-11-28 01:00:00,2022-11-28 02:00:00,2022-11-29 08:00:00,short,3m,92.595,92.53,92.99348355587279,91.13954933238163,92.99348355587279,-0.9999999999999927,-1.026969673123454,30,SL,92.528,0.23174177793639386,0.28911489588373895,3.8447966004841736,3.641984658595511,0.9472502805836016,0.957351290684612,0.04264870931538797,0.957351290684612,1.4533928897482191,1.7519499661016085,4.40576580145266,0.6666666666666666,2.6969673123485904,5.3723588861983504,0.3333333333333333,2.96450646973356,5.450031544793992,0.5,3.283827399515625,5.592431418886004,0.5,True,False,0.8846052784503302,0.30637548668285236,True,False,0.9363870508474251,0.30637548668285236,True,False,1.367901820823175,0.30637548668285236,True,True,1.367901820823175,1.6613318644067536,True
AUDJPY,body60_filter,シグナル足の実体がローソク足全体の60%以上の時だけ入る,0,2022-12-20 03:00:00,2022-12-20 04:00:00,2022-12-27 01:00:00,short,3m,91.018,88.99,89.74511964570131,86.72464106289605,89.74511964570131,-0.9999999999999999,-1.0165536681122622,116,SL,88.99,0.37755982285065676,5.371334229071768,8.250348187159053,7.511392442626964,0.9104333868378781,0.9540930979133225,0.04590690208667745,0.9540930979133225,1.9247711061688888,0.7707387873076248,7.959003628382973,0.6666666666666666,1.1759725826961895,7.222696470748861,0.6666666666666666,1.1759725826961895,7.35777440254505,0.5833333333333334,2.5320490744539508,6.5446582248699805,0.5833333333333334,False,True,0.029134455877634323,1.2633759503289796,False,True,0.029134455877634323,1.9255226748200733,False,True,0.2569129291025667,2.248650276371727,False,True,0.2569129291025667,2.5876693993111672,False
AUDJPY,body60_filter,シグナル足の実体がローソク足全体の60%以上の時だけ入る,0,2023-01-18 04:00:00,2023-01-18 05:00:00,2023-01-18 08:00:00,long,3m,91.817,91.848,91.24179672731889,93.66660981804336,91.24179672731889,-0.999999999999995,-1.0206201460191737,3,SL,91.849,0.3031016363405585,0.1055751476183262,1.1085390499920968,0.8149081706786828,0.7351190476190195,0.8214285714285714,0.17857142857142858,0.8214285714285714,1.4137966158279216,6.021082637605665,6.449981674804957,0.6666666666666666,7.380362663191181,7.443047907089512,0.8333333333333334,7.380362663191181,7.634402862147687,0.6666666666666666,7.881844614378066,7.030644986705563,0.5,True,False,1.3790753657639465,0.22104796532577378,True,False,1.5572334273698192,0.22104796532577378,True,False,1.590225661000505,0.22104796532577378,True,False,3.988761045953565,0.22104796532577378,True
AUDJPY,body60_filter,シグナル足の実体がローソク足全体の60%以上の時だけ入る,0,2023-05-01 03:00:00,2023-05-01 04:00:00,2023-05-02 04:00:00,long,3m,90.778,90.836,90.42339040473675,92.07382878578973,92.07382878578973,2.9999999999999964,2.9697050186338614,24,TP,90.835,0.206304797631622,0.2762902300593474,1.177868875516459,0.9112730394941233,0.7736625514402512,0.7818930041151874,0.21810699588481264,0.7818930041151874,1.0071780203334053,2.5399312377391037,1.8419348670626834,1.0,3.3348715487872256,3.8147440536271957,1.0,3.8632160238130813,4.139506253872497,0.9166666666666666,10.877110109707134,10.353612831699818,0.75,False,False,0.28598462409656583,0.252054244966508,False,True,0.28598462409656583,0.5671220511745914,False,True,0.28598462409656583,0.5671220511745914,True,False,0.4750253078214296,0.5671220511745914,False
AUDJPY,body60_filter,シグナル足の実体がローソク足全体の60%以上の時だけ入る,0,2023-08-30 12:00:00,2023-08-30 13:00:00,2023-08-30 18:00:00,long,3m,94.935,94.944,94.61591018332683,95.92826945001953,94.61591018332683,-0.9999999999999832,-1.0380993233094915,5,SL,94.947,0.16404490833658789,0.07315070075432524,2.68219236099181,1.816575735399019,0.6772727272727349,0.7363636363636358,0.2636363636363642,0.7363636363636358,1.0720408508854393,1.1886988872577853,2.0969867549572947,0.6666666666666666,1.4813016902750862,1.8531510857761817,0.5,3.6392473625275943,2.621233443696597,0.5833333333333334,3.6392473625275943,3.9928090828401084,0.5833333333333334,True,False,1.2008906707168105,0.04267124210663197,True,False,1.9872607038258068,0.29260280301730096,True,False,1.9872607038258068,0.29260280301730096,True,False,2.2554799399249705,0.29260280301730096,True
AUDJPY,body60_filter,シグナル足の実体がローソク足全体の60%以上の時だけ入る,0,2023-09-29 01:00:00,2023-09-29 02:00:00,2023-10-02 05:00:00,long,3m,96.064,96.201,95.88180558752109,97.15858323743673,95.88180558752109,-0.9999999999999843,-1.0391610865080836,27,SL,96.2,0.15959720623945622,0.8521452424170785,1.8734663785492172,1.604038103373209,0.8561872909698816,0.909698996655517,0.09030100334448303,0.909698996655517,1.0455977512609493,0.6892351225431715,1.7042904848340679,0.6666666666666666,2.2682101305511435,2.1679577490903736,0.8333333333333334,3.6842750186852977,4.335915498180747,0.75,6.209381876729875,6.152989912158159,0.7083333333333334,False,True,0.03132886920656851,1.9110610215969392,False,True,0.03132886920656851,1.9549214384860816,False,True,0.03132886920656851,1.9549214384860816,False,True,0.03132886920656851,1.9549214384860816,False
AUDJPY,body60_filter,シグナル足の実体がローソク足全体の60%以上の時だけ入る,0,2023-11-14 14:00:00,2023-11-14 15:00:00,2023-11-16 16:00:00,long,3m,97.592,97.618,97.26051205688539,98.69046382934383,97.26051205688539,-0.9999999999999821,-1.0349662142199147,49,SL,97.617,0.17874397155730612,0.13986485687988964,2.5399458009382614,1.9581079963180574,0.7709251101321642,0.8105726872246761,0.1894273127753239,0.8105726872246761,1.405983751120416,4.296648403349237,5.510675361066395,0.3333333333333333,4.6882700026128,6.0309726286594865,0.3333333333333333,4.6882700026128,4.9791889049229425,0.25,5.057513224775639,5.3148645614346135,0.4583333333333333,False,True,0.29651349658536286,1.0517837237365444,False,True,0.29651349658536286,1.8014593566125048,False,True,0.29651349658536286,1.8014593566125048,False,True,0.29651349658536286,1.8014593566125048,False
AUDJPY,body60_filter,シグナル足の実体がローソク足全体の60%以上の時だけ入る,0,2023-12-07 02:00:00,2023-12-07 03:00:00,2023-12-07 10:00:00,short,3m,96.032,95.957,96.28190344062162,94.98228967813512,94.98228967813512,2.9999999999999925,2.9615270309970394,7,TP,95.956,0.1624517203108131,0.4678313030762944,1.939037637750585,1.6066311855647553,0.8285714285714209,0.8730158730158523,0.12698412698414774,0.8730158730158523,1.0748973032329159,2.1113965388840072,2.8623888938223336,0.6666666666666666,2.659251617486549,3.5272017981939054,0.8333333333333334,5.27541350968972,5.878669663656567,0.75,6.297255566409064,6.771242544525866,0.5833333333333334,False,True,0.43089725283342445,1.0156863816789237,False,True,0.43089725283342445,1.1141771823265185,False,True,0.43089725283342445,1.3234701337028107,False,True,0.43089725283342445,5.244635134487358,False
AUDJPY,body60_filter,シグナル足の実体がローソク足全体の60%以上の時だけ入る,0,2024-01-10 19:00:00,2024-01-10 20:00:00,2024-01-11 13:00:00,long,3m,97.591,97.617,97.34430273489568,98.43509179531299,97.34430273489568,-0.9999999999999988,-1.0458383768359616,17,SL,97.617,0.13634863255216362,0.19068764763785587,0.6967433279072617,0.4180459967443778,0.60000000000003,0.9789473684211014,0.021052631578898556,0.9789473684211014,0.8767935782821383,0.9681065187763497,1.0781186231828692,0.6666666666666666,2.3395907537095897,2.1709055269532254,0.6666666666666666,3.989772319805818,3.667070146880368,0.75,8.155564006661901,7.334140293760736,0.75,False,True,0.4620508385069439,0.24202662969411348,False,True,0.4620508385069439,0.4620508385069439,True,False,1.444825637870885,0.4620508385069439,True,True,1.444825637870885,0.8360919934886514,True
AUDJPY,body60_filter,シグナル足の実体がローソク足全体の60%以上の時だけ入る,0,2024-02-16 02:00:00,2024-02-16 03:00:00,2024-02-20 12:00:00,long,3m,97.88,97.886,97.6654554350083,98.54763369497509,98.54763369497509,2.999999999999984,2.943322112696531,57,TP,97.886,0.11027228249584967,0.05441077181136656,1.5144331487496596,1.242379289692827,0.8203592814371207,0.9161676646705996,0.08383233532940043,0.9161676646705996,1.0234564382955473,1.5235016107182637,0.2992592449625161,0.3333333333333333,1.5235016107182637,0.7073400335476364,0.3333333333333333,2.0857462527690087,1.450953914969689,0.4166666666666667,4.969517158771308,3.7362063310469558,0.5416666666666666,False,True,0.39901232661664515,0.38087540267956593,False,True,0.39901232661664515,0.4262177125224573,False,True,0.39901232661664515,0.7889561912648152,False,True,0.39901232661664515,1.5779123825296304,False
AUDJPY,body60_filter,シグナル足の実体がローソク足全体の60%以上の時だけ入る,0,2024-04-04 09:00:00,2024-04-04 10:00:00,2024-04-04 18:00:00,long,3m,100.168,100.206,99.9723046874791,100.90708593756274,99.9723046874791,-0.9999999999999715,-1.053488449832999,8,SL,100.207,0.11684765626045723,0.33376792695828655,1.3693043157267217,1.0697689966615243,0.7812500000000167,0.8624999999999623,0.13750000000003776,0.8624999999999623,1.0082712019751114,1.7886537624180956,2.344933640681947,1.0,2.8669809110528313,3.371911877477049,0.8333333333333334,5.656938454346151,5.956473773411349,0.8333333333333334,11.861598634982943,12.554808944819637,0.7916666666666666,False,True,0.14548858354593228,0.9499548690354694,False,False,0.29097716709186455,0.9499548690354694,False,True,0.736001069703116,0.9841874769286801,False,True,0.736001069703116,1.626048874925619,False
AUDJPY,body60_filter,シグナル足の実体がローソク足全体の60%以上の時だけ入る,0,2024-04-24 01:00:00,2024-04-24 02:00:00,2024-04-24 10:00:00,long,3m,100.806,100.94,100.62652284486055,101.88043146541837,100.62652284486055,-0.9999999999999792,-1.039875314022233,8,SL,100.94,0.15673857756972934,0.8549267326378974,3.1070844686168857,2.9603433130147927,0.9527720739219508,0.9917864476385938,0.00821355236140619,0.9917864476385938,0.9214624977324294,1.3653307521231972,3.7323293924862937,0.6666666666666666,1.7927941184421006,3.4388470812822898,0.6666666666666666,3.9939114524724952,4.606396275854891,0.75,5.040239692417392,7.069095669871578,0.625,False,False,0.41470326583180034,0.4848838185110937,False,False,1.090988591649802,0.4848838185110937,False,False,1.090988591649802,0.4848838185110937,True,False,1.9267751735569996,0.4848838185110937,False
AUDJPY,body60_filter,シグナル足の実体がローソク足全体の60%以上の時だけ入る,0,2024-09-01 22:00:00,2024-09-01 23:00:00,2024-09-02 02:00:00,long,3m,99.033,99.14,98.76784835370779,100.25645493887663,98.76784835370779,-0.9999999999999943,-1.0335884581581873,3,SL,99.143,0.18607582314610588,0.5911568635847331,1.832586277112726,1.768096437448934,0.9648093841642224,0.9648093841642224,0.035190615835777615,0.9648093841642224,0.9595061894837513,1.5746269184574824,1.1608171139481767,0.6666666666666666,1.7734705907541992,1.7465998242276448,0.6666666666666666,2.2410219283166137,1.9508176498296268,0.5,3.85326791991141,3.466328881928659,0.5,False,False,0.49979625739438677,0.6771433164698143,False,False,0.639524243332577,0.6771433164698143,True,False,1.0802048143685132,0.6771433164698143,True,False,3.2083695232734915,0.6771433164698143,True
AUDJPY,body60_filter,シグナル足の実体がローソク足全体の60%以上の時だけ入る,0,2024-10-23 02:00:00,2024-10-23 03:00:00,2024-10-23 18:00:00,long,3m,101.417,101.433,101.10580859950086,102.41457420149746,101.10580859950086,-0.999999999999991,-1.038203938064742,15,SL,101.433,0.1635957002495744,0.09780208144588426,1.3264407296093546,1.0635976357236765,0.8018433179723853,0.8248847926267423,0.1751152073732577,0.8248847926267423,0.9790947993911133,2.365587844971538,2.683444609670597,1.0,2.9890761141888658,3.129666606267254,0.8333333333333334,3.092990825725058,3.3497212895204282,0.8333333333333334,5.562493382232788,5.189622946720523,0.7083333333333334,True,False,0.40954621605454805,0.9291197737355096,True,True,0.5379114479522331,0.9291197737355096,True,True,0.5379114479522331,1.3570038800611555,True,True,0.5379114479522331,1.5648333031335402,True
AUDJPY,body60_filter,シグナル足の実体がローソク足全体の60%以上の時だけ入る,0,2024-11-06 18:00:00,2024-11-06 19:00:00,2024-11-08 08:00:00,long,3m,101.69,101.759,101.20142562981313,103.4317231105606,101.20142562981313,-1.0000000000000115,-1.0224185340438188,37,SL,101.76,0.2787871850934319,0.2510875812908968,0.8931543963060787,0.5775014369690067,0.646586345381544,0.8273092369478193,0.17269076305218065,0.8273092369478193,1.3431416100811062,1.9943527885389034,1.040219979633628,1.0,2.148592302760461,1.3128293536065494,0.6666666666666666,3.9994664734188445,3.7770746157041333,0.6666666666666666,5.025338591264406,4.358163018120119,0.6666666666666666,True,False,0.5918492987570739,0.04663055081112941,True,False,0.6958712967204215,0.04663055081112941,True,False,1.0689157032097116,0.04663055081112941,True,False,1.6822867946488609,0.04663055081112941,True
AUDJPY,body60_filter,シグナル足の実体がローソク足全体の60%以上の時だけ入る,0,2024-11-15 18:00:00,2024-11-15 19:00:00,2024-11-17 23:00:00,short,3m,99.533,99.484,99.95396304328703,98.07411087013888,99.95396304328703,-0.9999999999999968,-1.0265978361033645,4,SL,99.485,0.23498152164351968,0.20427138127405842,1.2979744018454988,0.9617777534986514,0.740983606557392,0.7704918032787054,0.22950819672129466,0.7704918032787054,1.3572473669735283,2.830009761400937,2.5874374961379925,1.0,4.523759964464924,4.808888767493257,1.0,6.498383316780742,6.119630130668445,0.8333333333333334,6.660098160289351,5.72810998322652,0.5833333333333334,True,False,0.7319724495653357,0.029789576435820343,True,False,0.7319724495653357,0.029789576435820343,True,False,1.3149970169516907,0.029789576435820343,True,False,2.255496501567648,0.029789576435820343,True
AUDJPY,body60_filter,シグナル足の実体がローソク足全体の60%以上の時だけ入る,0,2024-11-26 00:00:00,2024-11-26 01:00:00,2024-11-26 01:00:00,short,3m,99.415,99.21,99.70325655486813,97.73023033539558,99.70325655486813,-0.9999999999999956,-1.0253417818306094,0,SL,99.212,0.24662827743407087,0.8231010738590967,2.522014127784978,2.2990064476753465,0.9115755627009536,0.9614147909967831,0.0385852090032169,0.9614147909967831,1.1420457765233232,2.846388935217123,4.253364662454057,0.6666666666666666,2.846388935217123,4.026302297251561,0.5,3.6857087494477896,4.666942541930066,0.5,5.57924668783297,6.921347453583509,0.5,True,False,2.0435612868225173,0.6082027639353074,True,False,2.3841548346262895,0.6082027639353074,True,False,2.7166390122442765,0.6082027639353074,True,False,3.268076184878917,0.6082027639353074,True
SILVER,body60_filter,シグナル足の実体がローソク足全体の60%以上の時だけ入る,0,2015-03-20 15:00:00,2015-03-20 16:00:00,2015-03-31 02:00:00,long,3m,16.78,16.8,16.58441166554648,17.446765003360564,16.58441166554648,-0.9999999999999987,-1.1623464464750317,149,SL,16.799,0.10779416722676075,0.17626185617287699,1.7626185617289345,1.2431099330088222,0.7052631578947339,0.7157894736842016,0.28421052631579835,0.7157894736842016,1.4127876790170715,5.1023168892153095,5.82591819350402,1.0,5.399178962769654,6.196995785446942,0.6666666666666666,5.714594915921135,6.11350332725978,0.5833333333333334,7.486490417448622,7.263843862282887,0.5833333333333334,False,True,0.07421551838857804,0.7607090634830156,False,True,0.07421551838857804,0.9184170400587564,True,False,0.2133696153671825,0.9184170400587564,True,False,0.8070937624758727,0.9184170400587564,True
SILVER,body60_filter,シグナル足の実体がローソク足全体の60%以上の時だけ入る,0,2015-06-03 16:00:00,2015-06-03 17:00:00,2015-06-05 12:00:00,short,3m,16.484,16.475,16.64392793008535,15.968216209743959,15.968216209743959,2.9999999999999996,2.7928110527233883,41,TP,16.476,0.08446396504267374,0.09471494732648213,2.4981067357351145,1.5391178940548509,0.6161137440758458,0.6350710900473995,0.3649289099526006,0.6350710900473995,1.2280779994646984,1.1484187363332279,1.3023305257386877,0.3333333333333333,2.6638578935564374,1.3260092625703293,0.5,3.516292419494482,3.4570955774154624,0.6666666666666666,3.9661884192951247,3.6820435773157625,0.5416666666666666,True,False,0.43805663138486417,0.18942989465288015,True,False,0.8997919996012859,0.18942989465288015,True,False,0.9945069469277259,0.18942989465288015,True,False,0.9945069469277259,0.18942989465288015,True
SILVER,body60_filter,シグナル足の実体がローソク足全体の60%以上の時だけ入る,0,2015-07-20 01:00:00,2015-07-20 02:00:00,2015-07-20 06:00:00,short,3m,14.668,14.641,14.779036084505767,14.226891746482698,14.779036084505767,-0.9999999999999998,-1.253556887862447,4,SL,14.642,0.06901804225288367,0.3767130905384886,5.5058067078702715,3.3904178148464235,0.6157894736842092,0.6263157894736864,0.3736842105263136,0.6263157894736864,1.1824919942194856,0.6664923909527067,3.1151274794529087,0.3333333333333333,0.7968930761391125,3.4483736749292877,0.5,2.3472123333552024,3.897531590571318,0.5833333333333334,2.9412598992043675,5.129093617331783,0.5833333333333334,False,True,0.738937216056274,0.9852496214083568,False,False,0.738937216056274,0.9852496214083568,False,True,0.738937216056274,1.1011613415740338,True,False,3.37592884982572,1.5213413271746576,False
SILVER,body60_filter,シグナル足の実体がローソク足全体の60%以上の時だけ入る,0,2015-08-10 14:00:00,2015-08-10 15:00:00,2015-08-12 13:00:00,long,3m,15.018,15.09,14.952920053492322,15.501239839523034,15.501239839523034,2.999999999999996,2.744674542909599,44,TP,15.081,0.06853997325383915,0.9191716455254088,2.6845648059790106,1.8529333171702866,0.6902173913043446,0.7173913043478272,0.28260869565217284,0.7173913043478272,1.2857734899847368,1.4298225597062029,2.772104962695721,0.6666666666666666,1.4298225597062029,2.37817425747055,0.6666666666666666,2.159323865678773,3.4140661119515814,0.5833333333333334,5.529619899271999,2.9180052238902303,0.5416666666666666,False,True,0.05836010447779838,4.610448253746591,False,True,0.05836010447779838,4.610448253746591,False,True,0.05836010447779838,4.610448253746591,False,True,0.05836010447779838,4.610448253746591,False
SILVER,body60_filter,シグナル足の実体がローソク足全体の60%以上の時だけ入る,0,2015-08-26 06:00:00,2015-08-26 07:00:00,2015-08-28 14:00:00,short,3m,14.494,14.488,14.672780605588502,13.933658183234492,14.672780605588502,-0.9999999999999964,-1.1894138180169338,53,SL,14.485,0.09239030279425131,0.0974128206944283,1.2447193755398722,1.0174227939195588,0.8173913043478349,0.9652173913043517,0.03478260869564828,0.9652173913043517,0.9407310229419263,1.0823646743824917,1.5586051311107951,0.6666666666666666,2.1322584085335077,2.4786151043359257,0.6666666666666666,2.1322584085335077,1.7967253594749468,0.6666666666666666,4.199574936604082,3.2146230829160185,0.6666666666666666,True,False,0.9091863264813116,-0.021647293487657142,True,False,1.0390700874071968,-0.021647293487657142,True,False,1.0390700874071968,-0.021647293487657142,True,True,1.0390700874071968,3.9831020017275685,True
SILVER,body60_filter,シグナル足の実体がローソク足全体の60%以上の時だけ入る,0,2015-10-05 12:00:00,2015-10-05 13:00:00,2015-10-06 14:00:00,long,3m,15.42,15.483,15.294295705554728,16.04911288333582,16.04911288333582,2.999999999999999,2.814524623814797,24,TP,15.484,0.09435214722263655,0.6783099471915935,3.3385567713336353,2.098521399123995,0.6285714285714273,0.679365079365078,0.3206349206349221,0.679365079365078,1.3865044376852644,1.399014266082657,1.9713382840255664,0.0,2.1197185849737394,3.105387726986504,0.5,2.5648594878182203,2.7768313463155887,0.5,9.84609282720297,11.033135234788258,0.5833333333333334,False,True,0.5193310533185579,2.1939087354478164,False,True,0.5193310533185579,2.1939087354478164,False,True,0.5193310533185579,2.1939087354478164,False,True,0.5193310533185579,2.4482749656446545,False
SILVER,body60_filter,シグナル足の実体がローソク足全体の60%以上の時だけ入る,0,2015-10-28 13:00:00,2015-10-28 14:00:00,2015-10-28 18:00:00,long,3m,16.189,16.239,16.10622455486152,16.63732633541544,16.10622455486152,-1.0000000000000064,-1.2636029573351997,4,SL,16.241,0.0663877225692402,0.7832773589388508,3.9465128469611694,2.7414707562859775,0.6946564885496118,0.8282442748091541,0.1717557251908459,0.8282442748091541,1.14538271282529,1.762374057612441,3.961575873094601,1.0,2.5607144426847226,4.503844813898418,1.0,3.5850002197586064,5.528130590972302,0.75,4.443592709364667,6.492164263512434,0.625,False,True,0.6025210453375692,1.0845378816076354,False,True,0.6025210453375692,1.4309874826767404,False,True,0.6025210453375692,1.6719959008118002,True,False,7.9834038507229526,1.6719959008118002,False
SILVER,body60_filter,シグナル足の実体がローソク足全体の60%以上の時だけ入る,0,2016-04-12 08:00:00,2016-04-12 09:00:00,2016-04-12 15:00:00,long,3m,15.998,16.005,15.86651242446945,16.420462726591644,15.86651242446945,-1.0000000000000009,-1.2527302529913928,6,SL,16.005,0.06924378776527446,0.1010921011965517,1.5308232466907095,0.924270639511348,0.6037735849056449,0.6037735849056449,0.39622641509435513,0.6037735849056449,1.105422545662201,2.7150450035646667,2.5273025299138947,1.0,2.7150450035646667,2.8016953760188357,0.8333333333333334,2.7150450035646667,1.6030318904025211,0.4166666666666667,7.466373759802801,7.7407666059077425,0.5833333333333334,True,False,0.47657704849804405,0.49101877724045256,True,False,0.8087368095724392,0.49101877724045256,True,True,0.8087368095724392,2.4117686999750116,True,True,0.8087368095724392,2.4117686999750116,True
SILVER,body60_filter,シグナル足の実体がローソク足全体の60%以上の時だけ入る,0,2016-04-19 06:00:00,2016-04-19 07:00:00,2016-04-19 07:00:00,long,long,16.452,16.681,16.507733465359358,17.200799603921926,16.507733465359358,-1.0000000000000067,-1.2020009234477507,0,SL,16.672,0.08663326732032083,2.5394401804859013,5.771454955649806,5.021165811415357,0.8700000000000045,0.8759999999999977,0.12400000000000233,0.8759999999999977,1.1557845392413366,1.338977549710751,5.367453108754318,0.6666666666666666,1.4544066488237652,5.7137404060933195,0.6666666666666666,1.4659495587350788,5.298195649286518,0.5,2.4124681714616147,5.8753411448515065,0.4583333333333333,False,False,2.043095054300027,0.3578302072502742,False,False,2.043095054300027,0.3578302072502742,False,True,2.043095054300027,1.1658339010412502,False,True,2.043095054300027,2.839555838179689,False
SILVER,body60_filter,シグナル足の実体がローソク足全体の60%以上の時だけ入る,0,2016-10-04 12:00:00,2016-10-04 13:00:00,2016-10-04 16:00:00,short,3m,18.648,18.513,18.716376376824893,17.902870869525326,17.902870869525326,2.999999999999995,2.8279052830696445,3,TP,18.511,0.10168818841244603,1.3472557839690305,2.301152214954412,1.6422752987067846,0.7136752136752151,0.7735042735042716,0.2264957264957283,0.7735042735042716,1.0767548065692323,1.79961903990023,2.212646360533086,0.6666666666666666,2.0651366031642087,2.6650096164642854,0.5,2.301152214954377,2.9108592120790573,0.5,5.605370780017118,6.441259405107398,0.625,False,True,0.5998730133000767,2.596171729692131,False,True,0.5998730133000767,3.0682029532725026,False,True,0.5998730133000767,5.054667685839989,False,True,0.5998730133000767,7.93602494644527,False
SILVER,body60_filter,シグナル足の実体がローソク足全体の60%以上の時だけ入る,0,2016-11-11 18:00:00,2016-11-11 19:00:00,2016-12-20 06:00:00,short,3m,17.383,17.283,17.75697074160633,15.861087775181016,15.861087775181016,3.0000000000000013,2.926155779402371,599,TP,17.277,0.23698537080316415,0.447284993334208,1.7216252573618935,1.1857271993105112,0.6887254901960734,0.7622549019607818,0.23774509803921817,0.7622549019607818,1.7150536371199339,2.966427833150506,2.2406446364195114,1.0,5.650137793155799,5.569964067935522,1.0,6.000370382275995,6.228232548691533,0.75,6.000370382275995,6.143839153722815,0.625,False,False,0.6709274900013196,0.38820961685612176,False,False,0.6709274900013196,0.38820961685612176,False,False,0.6709274900013196,0.38820961685612176,True,True,0.9283273446559154,0.9874027211340316,False
SILVER,body60_filter,シグナル足の実体がローソク足全体の60%以上の時だけ入る,0,2017-11-17 18:00:00,2017-11-17 19:00:00,2017-11-20 02:00:00,long,3m,17.248,17.307,17.192794773950396,17.649615678148805,17.192794773950396,-1.0000000000000018,-1.3064658353270016,6,SL,17.306,0.05710261302480103,1.0157153399409067,3.0646583532699987,1.8913320123037725,0.6171428571428578,0.6342857142857155,0.36571428571428455,0.6342857142857155,1.2784691656062062,2.7494363512193596,3.7476393577130502,1.0,3.1872446874008236,4.062861359763627,0.6666666666666666,3.1872446874008236,4.0278366928691325,0.5833333333333334,3.1872446874008236,3.800176358054823,0.5416666666666666,False,False,0.9982030064936905,0.1751233344725358,False,False,0.9982030064936905,0.1751233344725358,False,False,0.9982030064936905,0.1751233344725358,True,False,1.9788936795400403,0.1751233344725358,False
SILVER,body60_filter,シグナル足の実体がローソク足全体の60%以上の時だけ入る,0,2018-03-20 14:00:00,2018-03-20 15:00:00,2018-03-21 01:00:00,short,3m,16.147,16.142,16.242287681183285,15.841136956450145,16.242287681183285,-1.0000000000000053,-1.3489960041656055,9,SL,16.141,0.05014384059164252,0.11965577285678129,1.6153529335664767,0.9771888116637375,0.6049382716049794,0.6666666666666959,0.3333333333333041,0.6666666666666959,1.1784517323621841,2.5526564876112396,2.2734596842787735,0.6666666666666666,3.5099026704654195,3.529845299274977,0.5,3.589673185703297,3.609615814512784,0.5,3.789099473797956,2.8916811773721673,0.4166666666666667,True,False,1.017074069282641,0.0598278864283198,True,False,1.017074069282641,0.0598278864283198,True,False,1.1766150997583258,0.0598278864283198,True,False,1.2563856149962036,0.0598278864283198,True
SILVER,body60_filter,シグナル足の実体がローソク足全体の60%以上の時だけ入る,0,2018-04-11 14:00:00,2018-04-11 15:00:00,2018-04-11 18:00:00,long,3m,16.797,16.834,16.70126898895061,17.232193033148175,16.70126898895061,-0.999999999999987,-1.2636912031580483,3,SL,16.831,0.06636550552469608,0.512314337564215,2.4862313440617507,2.154733831520159,0.8666666666666566,0.9575757575757495,0.04242424242425052,0.9575757575757495,1.2874083598145296,2.546503619069274,3.8574256004836265,0.6666666666666666,3.119090231641066,4.309467663040265,0.6666666666666666,3.119090231641066,4.279331525536503,0.6666666666666666,3.525928087942035,4.4450802818072725,0.5833333333333334,True,False,0.7684715063463224,0.512314337564215,True,False,1.5520110814445522,0.512314337564215,True,False,1.8232363189785674,0.512314337564215,True,False,3.450587744182604,0.512314337564215,True
SILVER,body60_filter,シグナル足の実体がローソク足全体の60%以上の時だけ入る,0,2018-06-19 11:00:00,2018-06-19 12:00:00,2018-06-22 06:00:00,short,3m,16.303,16.272,16.394853270073106,15.903440189780676,16.394853270073106,-1.0000000000000042,-1.2848927015062186,63,SL,16.272,0.061426635036553726,0.5046670712396161,1.7093562090372862,1.3837645501730496,0.8095238095238143,0.8095238095238143,0.19047619047618564,0.8095238095238143,0.9699104889301998,1.7093562090372862,2.0837866167311616,1.0,2.5558945220843134,3.109400342153568,0.8333333333333334,3.33731450335847,4.03733656991664,0.6666666666666666,4.248971148178367,4.802476968247622,0.6666666666666666,False,False,0.8628178959902592,0.6837424836148799,True,False,1.3837645501730496,0.6837424836148799,True,False,1.3837645501730496,0.6837424836148799,True,False,1.562839962548371,0.6837424836148799,True
SILVER,body60_filter,シグナル足の実体がローソク足全体の60%以上の時だけ入る,0,2018-07-17 13:00:00,2018-07-17 14:00:00,2018-07-19 08:00:00,short,long,15.606,15.578,15.673179643502833,15.292461069491502,15.292461069491502,3.000000000000002,2.6322743108513706,40,TP,15.578,0.04758982175141624,0.5883611026378179,3.4461150297357266,2.6266120653473575,0.7621951219512209,0.8292682926829344,0.17073170731706552,0.8292682926829344,1.114225716675406,2.941805513189052,3.7613084775774213,1.0,3.6352310984407437,5.463353095922499,0.6666666666666666,3.6352310984407437,4.2866308906469,0.5,3.6352310984407437,4.2866308906469,0.5416666666666666,False,True,1.84913489400456,0.5883611026377806,False,False,1.84913489400456,0.5883611026377806,False,False,1.84913489400456,0.5883611026377806,True,True,1.84913489400456,0.5883611026377806,False
SILVER,body60_filter,シグナル足の実体がローソク足全体の60%以上の時だけ入る,0,2019-05-16 15:00:00,2019-05-16 16:00:00,2019-05-23 15:00:00,short,3m,14.558,14.536,14.626078318277985,14.265765045166045,14.626078318277985,-1.0000000000000069,-1.3885507708080156,114,SL,14.536,0.045039159138992396,0.48846382615864303,2.420116229604159,1.9538553046345721,0.8073394495412933,0.9541284403669816,0.0458715596330184,0.9541284403669816,1.2564216609266448,4.5071889413728705,4.107536719970374,1.0,4.5071889413728705,5.439710791312124,0.8333333333333334,4.529391842561927,5.350899186555978,0.5833333333333334,4.529391842561927,5.262087581799872,0.6666666666666666,False,False,0.44405802378057024,0.08881160475610617,False,True,0.44405802378057024,0.333043517835408,False,True,0.44405802378057024,0.42185512259155356,False,False,0.6660870356708948,0.42185512259155356,False
SILVER,body60_filter,シグナル足の実体がローソク足全体の60%以上の時だけ入る,0,2019-07-16 13:00:00,2019-07-16 14:00:00,2019-07-17 18:00:00,long,3m,15.506,15.576,15.445969675849296,15.966090972452115,15.966090972452115,3.0000000000000013,2.7308320176189436,27,TP,15.575,0.06501516207535234,1.0612909019595815,4.5527841591310105,2.7685849616337244,0.6081081081081084,0.743243243243241,0.256756756756759,0.743243243243241,1.4313177953683998,1.6150078942863482,2.876252154586142,0.3333333333333333,1.6611509769802455,2.1379628314838137,0.3333333333333333,2.261011052000882,3.6299225052530937,0.4166666666666667,3.337682981525114,4.260544635403004,0.5,False,True,0.2307154134694588,1.722675087238766,False,False,0.2307154134694588,1.722675087238766,False,True,0.7690513782315749,1.722675087238766,False,False,0.9074806263132665,1.722675087238766,False
SILVER,body60_filter,シグナル足の実体がローソク足全体の60%以上の時だけ入る,0,2019-08-07 01:00:00,2019-08-07 02:00:00,2019-08-07 18:00:00,long,3m,16.64,16.745,16.592122203859848,17.203633388420464,17.203633388420464,3.000000000000001,2.7710589707356,16,TP,16.746,0.0764388980700771,1.3867285201157686,4.186350249406173,3.087433308937012,0.7374999999999903,0.8437499999999979,0.15625000000000208,0.8437499999999979,0.9996014431641015,1.4783049318215475,4.081691493170983,1.0,1.9231046458209853,4.31717369470009,0.6666666666666666,2.2239985699970495,4.735808719640707,0.5833333333333334,2.4333160824673348,4.042444459582799,0.5,False,False,0.7980230162930502,0.5363761257051702,False,False,0.7980230162930502,0.5363761257051702,False,False,0.7980230162930502,0.5363761257051702,False,False,1.4783049318215475,0.5363761257051702,False
SILVER,body60_filter,シグナル足の実体がローソク足全体の60%以上の時だけ入る,0,2019-10-25 06:00:00,2019-10-25 07:00:00,2019-10-25 17:00:00,long,3m,17.946,18.015,17.88832039860692,18.395038804179247,17.88832039860692,-1.000000000000004,-1.2762875760194181,10,SL,18.012,0.06333980069654085,1.041998858130341,2.320815638563045,1.4682711182745944,0.6326530612244962,0.6870748299319738,0.3129251700680262,0.6870748299319738,1.0538440899078818,2.210300608155313,2.6997243142468257,0.6666666666666666,2.6207850068127234,3.599632418995805,0.6666666666666666,2.904966513575559,3.599632418995805,0.5833333333333334,7.467658483267603,7.151901253531081,0.5833333333333334,False,True,0.28418150676283555,0.6473023209597735,False,True,0.28418150676283555,0.8683323817752935,False,True,0.28418150676283555,1.1840896115117587,False,True,0.28418150676283555,4.910024922402139,False
SILVER,body60_filter,シグナル足の実体がローソク足全体の60%以上の時だけ入る,0,2019-11-07 15:00:00,2019-11-07 16:00:00,2019-11-12 15:00:00,short,3m,17.304,17.207,17.397872454133374,16.63438263759988,16.63438263759988,3.0000000000000084,2.8166314769781176,68,TP,17.213,0.09543622706668638,0.9535163197138019,4.4427573577875,3.688326863068876,0.8301886792452847,0.8490566037735846,0.15094339622641542,0.8490566037735846,1.376928963471877,1.5193391907527982,3.656892259122265,0.3333333333333333,1.7079468144324637,3.939803694641726,0.5,2.0327710552140847,4.327497143316606,0.5,2.1899440749471393,3.5311538433358214,0.4166666666666667,False,True,0.31434603946607176,2.808157952563808,False,True,0.31434603946607176,2.808157952563808,False,True,0.31434603946607176,2.808157952563808,False,True,0.31434603946607176,2.808157952563808,False
SILVER,body60_filter,シグナル足の実体がローソク足全体の60%以上の時だけ入る,0,2019-12-06 14:00:00,2019-12-06 15:00:00,2019-12-11 15:00:00,short,3m,16.723,16.59,16.737165085875404,16.148504742373788,16.737165085875404,-0.9999999999999984,-1.2378281491958787,69,SL,16.593,0.07358254293770206,1.7667233940265186,4.756562983917557,4.009103086444846,0.8428571428571529,0.8857142857142875,0.11428571428571255,0.8857142857142875,1.4274724838439603,2.826757430442478,4.688612084147319,0.6666666666666666,2.826757430442478,4.294496865479863,0.3333333333333333,2.826757430442478,4.9468255032743,0.4166666666666667,2.921888690120801,3.5742173279152376,0.4583333333333333,False,False,0.6115580979322842,0.9241322368754357,False,True,0.6115580979322842,0.9241322368754357,False,True,0.6115580979322842,0.9241322368754357,False,True,0.6115580979322842,1.060034036415911,False
SILVER,body60_filter,シグナル足の実体がローソク足全体の60%以上の時だけ入る,0,2019-12-23 06:00:00,2019-12-23 07:00:00,2019-12-24 05:00:00,long,3m,17.29,17.314,17.222284638880225,17.589146083359328,17.589146083359328,3.000000000000018,2.6183845369775045,21,TP,17.314,0.04585768055988768,0.5233583492880367,1.504655254203028,1.2865892753330646,0.8550724637681428,0.9130434782608651,0.08695652173913491,0.9130434782608651,1.1018211548801078,1.046716698575996,1.8971740161690556,0.6666666666666666,2.289692778135083,2.638598344327056,0.8333333333333334,3.0311171062930837,3.5108622598071433,0.8333333333333334,5.51706926541118,5.320809884428167,0.7083333333333334,False,True,0.15264618520903653,1.8099476246210238,False,True,0.15264618520903653,1.8099476246210238,False,True,0.15264618520903653,1.8099476246210238,False,False,0.5451649471749866,1.8099476246210238,False
SILVER,body60_filter,シグナル足の実体がローソク足全体の60%以上の時だけ入る,0,2020-02-18 15:00:00,2020-02-18 16:00:00,2020-02-21 05:00:00,long,3m,18.113,18.114,17.989984489299076,18.486046532102776,18.486046532102776,3.000000000000003,2.7177772376843605,58,TP,18.114,0.06200775535046248,0.01612701498948492,3.096386877977323,2.9834977730511003,0.9635416666666776,0.9739583333333386,0.026041666666661464,0.9739583333333386,1.31360503417114,2.4029252334302735,4.112388822313612,0.3333333333333333,2.4029252334302735,3.8704835974716825,0.3333333333333333,2.886735683114248,3.7575944925454023,0.25,4.16076986728201,5.821852411196951,0.4583333333333333,False,True,0.06450805995788238,1.6127014989464865,False,True,0.06450805995788238,1.6127014989464865,False,True,0.06450805995788238,1.6127014989464865,False,True,0.06450805995788238,1.8223526938095613,False
SILVER,body60_filter,シグナル足の実体がローソク足全体の60%以上の時だけ入る,0,2020-03-12 12:00:00,2020-03-12 13:00:00,2020-03-13 14:00:00,short,3m,16.383,16.062,16.345384722740423,15.211845831778732,15.211845831778732,3.0000000000000027,2.8764929892425464,24,TP,16.062,0.1416923613702115,2.2654714544653145,3.796958387857793,3.126491758031576,0.8234200743494352,0.8382899628252766,0.1617100371747234,0.8382899628252766,1.0709703793750207,1.5879472811672966,4.199238365753483,1.0,1.7149830636606844,3.7757857574422156,0.6666666666666666,3.3311605187153837,5.829530907751909,0.5833333333333334,4.594460800177348,6.669378580902606,0.625,False,True,0.479912956086098,1.1786097597997307,False,True,0.479912956086098,1.757328324491801,False,True,0.479912956086098,3.8110734748014945,False,True,0.9174806513410919,3.9028215399356037,False
SILVER,body60_filter,シグナル足の実体がローソク足全体の60%以上の時だけ入る,0,2020-03-16 07:00:00,2020-03-16 08:00:00,2020-03-16 10:00:00,short,long,14.285,14.052,14.504293178462426,12.69512046461272,12.69512046461272,2.9999999999999982,2.922616564505829,2,TP,14.053,0.22614658923121353,1.0258832591226978,2.6487244492004223,2.352456439022745,0.8881469115191984,0.9398998330550896,0.06010016694491044,0.9398998330550896,1.4662785946875128,0.7826781761410243,2.8344446943864274,1.0,1.1806501301110368,2.4895356676124107,0.6666666666666666,3.192619452959437,1.724545133870052,0.5833333333333334,6.28353496212654,7.026415942870561,0.625,False,True,0.19014215578566973,1.1275872029150409,False,True,0.19014215578566973,5.938625935352531,False,True,0.19014215578566973,6.199518660732878,False,True,0.19014215578566973,10.241144948828344,False
SILVER,body60_filter,シグナル足の実体がローソク足全体の60%以上の時だけ入る,0,2020-09-21 13:00:00,2020-09-21 14:00:00,2020-09-21 14:00:00,short,3m,25.832,25.581,26.032954665098192,24.225136004705426,24.225136004705426,2.9999999999999982,2.9225586044290597,0,TP,25.576,0.22597733254909566,1.1328569866377278,2.6241570042037967,2.022326730052508,0.7706576728499169,0.9241146711635722,0.07588532883642783,0.9241146711635722,1.4038933644855804,1.9692240588038623,3.4826501893901947,0.6666666666666666,3.4383979633496518,4.575680172591438,0.8333333333333334,4.3367181519725495,5.544803922879186,0.8333333333333334,5.075730326849495,6.027153186721023,0.75,False,True,0.0221261130202637,8.368095944265404,False,True,0.0221261130202637,8.368095944265404,False,True,0.0221261130202637,8.368095944265404,False,True,0.0221261130202637,8.368095944265404,False
SILVER,body60_filter,シグナル足の実体がローソク足全体の60%以上の時だけ入る,0,2020-11-05 20:00:00,2020-11-05 21:00:00,2020-11-06 01:00:00,long,3m,25.276,25.371,24.97347814270867,26.563565571873983,24.97347814270867,-0.999999999999998,-1.0880454731180964,3,SL,25.368,0.19876092864566391,0.4628676301065661,1.036420997847323,0.6993326150523181,0.6747572815533964,0.7815533980582436,0.21844660194175636,0.7815533980582436,1.0462351127282252,1.5445691569860553,1.4288522494594138,0.6666666666666666,3.0187019354776354,2.4552109075218165,0.6666666666666666,4.885265965581325,4.356993126872735,0.75,7.239853475253889,7.35557038278053,0.7083333333333334,False,False,0.26665200430051167,0.462867630106584,True,False,1.4640704387066423,0.462867630106584,True,False,1.569725006448364,0.462867630106584,True,False,2.4602420774142675,0.462867630106584,True
SILVER,body60_filter,シグナル足の実体がローソク足全体の60%以上の時だけ入る,0,2020-11-24 10:00:00,2020-11-24 11:00:00,2020-11-25 08:00:00,short,3m,23.212,23.131,23.42954301899138,22.23537094302586,23.42954301899138,-1.0000000000000029,-1.1172360355912778,20,SL,23.132,0.14927150949569024,0.5359361627029574,2.2911270955551832,1.9494677918320278,0.8508771929824499,0.9035087719298206,0.09649122807017944,0.9035087719298206,1.0771885266018295,1.058473921338348,1.520718861669676,0.3333333333333333,1.2661491843857642,1.6881989125143444,0.3333333333333333,2.6595832074134726,3.0213401172379664,0.4166666666666667,6.0091842243070275,6.478128366672127,0.4166666666666667,False,False,0.48234254643266644,0.495740950500257,False,True,1.0517747193045766,0.495740950500257,False,False,1.0517747193045766,1.4537268413318183,True,False,1.0517747193045766,1.4537268413318183,False
SILVER,body60_filter,シグナル足の実体がローソク足全体の60%以上の時だけ入る,0,2021-01-29 11:00:00,2021-01-29 12:00:00,2021-01-29 17:00:00,long,3m,27.282,27.461,26.840561848939327,29.322314453182017,26.840561848939327,-0.9999999999999983,-1.0564117469890668,5,SL,27.451,0.3102190755303363,0.5447762994944326,1.4860465921120345,1.2958584165488867,0.872017353579174,1.0,0.0,1.0,1.72071402117523,2.9559755422271725,2.7464461962677835,1.0,3.4620695009291,3.8650105508510277,1.0,3.607128278900995,3.1364931325921943,0.5833333333333334,6.385809759162526,7.001503683443222,0.625,False,False,0.6027998106831908,0.2353175731544005,False,False,0.7414115318563276,0.37392929432753735,False,False,1.6311053700839184,0.622140981079432,True,False,2.5594815491040146,0.622140981079432,False
SILVER,body60_filter,シグナル足の実体がローソク足全体の60%以上の時だけ入る,0,2021-03-25 11:00:00,2021-03-25 12:00:00,2021-03-25 13:00:00,short,3m,24.814,24.673,24.909014783928193,23.96495564821542,24.909014783928193,-1.0000000000000029,-1.1482957949390553,1,SL,24.671,0.1180073919640968,1.2117884957876857,2.60153194550224,1.618542676191927,0.6221498371335427,0.915309446254073,0.0846905537459271,0.915309446254073,0.8722647305965705,1.3304251317389215,2.372732719024837,1.0,2.8303311719796125,3.287929624934418,1.0,2.8303311719796125,3.313351761209685,0.6666666666666666,4.414977666471204,4.914946346551444,0.7083333333333334,False,True,0.05084427255053395,1.728705266718094,True,False,3.457410533436188,2.3388365373244713,True,False,4.287866985094869,2.3388365373244713,True,False,4.287866985094869,2.3388365373244713,True
SILVER,body60_filter,シグナル足の実体がローソク足全体の60%以上の時だけ入る,0,2021-07-19 02:00:00,2021-07-19 03:00:00,2021-07-20 14:00:00,short,3m,25.509,25.471,25.688905816466658,24.817282550600027,24.817282550600027,3.0000000000000027,2.839380147957845,34,TP,25.477,0.10895290823332883,0.293704872305659,0.9453625577338206,0.6241228536495377,0.660194174757308,0.8640776699029163,0.13592233009708368,0.8640776699029163,1.1249337038566003,1.8815468382081106,1.9641513335440803,0.3333333333333333,1.8815468382081106,1.404276420711419,0.5,5.617105682845708,5.2866877015018625,0.6666666666666666,8.21455814729889,7.700574620763978,0.625,True,False,0.4956269720157853,0.578231467351755,True,False,0.5506966355730984,0.578231467351755,True,True,0.5506966355730984,0.578231467351755,True,True,0.5506966355730984,1.652089906719328,True
SILVER,body60_filter,シグナル足の実体がローソク足全体の60%以上の時だけ入る,0,2021-08-06 13:00:00,2021-08-06 14:00:00,2021-08-08 22:00:00,short,3m,24.481,24.252,24.51673037622226,23.45780887133322,23.45780887133322,3.000000000000002,2.8677900114846864,7,TP,24.252,0.1323651881111296,1.7300621354290044,2.810406613011274,2.6668643397660867,0.9489247311828001,0.9758064516129022,0.0241935483870977,0.9758064516129022,1.4365388953035811,3.8227573822142626,5.341283536018746,0.6666666666666666,4.502694466007312,6.701157703604844,0.8333333333333334,4.525359035467081,6.436737726574212,0.5833333333333334,6.746486842524356,8.84673694579624,0.625,False,True,0.7403759356857851,0.49862052811489566,False,False,0.7781502181187248,0.49862052811489566,False,True,0.7781502181187248,0.49862052811489566,False,False,0.9670216302834502,0.49862052811489566,False
SILVER,body60_filter,シグナル足の実体がローソク足全体の60%以上の時だけ入る,0,2021-09-29 13:00:00,2021-09-29 14:00:00,2021-09-30 14:00:00,short,long,21.881,21.682,21.96881737489448,20.821547875316554,21.96881737489448,-1.0000000000000033,-1.1220288694604967,23,SL,21.685,0.14340868744724086,1.3667233379575323,3.9607084487748443,3.116965979933755,0.7869718309859233,0.8697183098591579,0.13028169014084218,0.8697183098591579,1.31878527652324,1.6805118594273587,4.56736625694989,0.6666666666666666,1.6805118594273587,3.946762292265106,0.6666666666666666,2.9356659453067384,5.585435682163151,0.5833333333333334,3.2006429189923575,3.786381492402746,0.5,False,True,0.08367693905862696,1.9315426766032149,False,True,0.08367693905862696,1.9315426766032149,False,True,0.08367693905862696,1.9315426766032149,False,True,0.08367693905862696,1.9315426766032149,False
SILVER,body60_filter,シグナル足の実体がローソク足全体の60%以上の時だけ入る,0,2021-11-10 14:00:00,2021-11-10 15:00:00,2021-11-10 17:00:00,long,3m,24.817,25.072,24.77907861031266,25.950764169062015,24.77907861031266,-1.000000000000003,-1.1194859823564256,2,SL,25.066,0.14646069484366953,1.7001148346713673,3.3660908172409063,2.867663576554115,0.8519269776876255,0.8924949290060832,0.10750507099391679,0.8924949290060832,1.4989346865285298,4.547295099964405,6.445415276826413,0.6666666666666666,4.547295099964405,5.373455320828799,0.5,4.547295099964405,5.462216336293581,0.5,4.547295099964405,4.458534084499623,0.5,False,False,0.7920213687625662,0.22531642387211856,False,False,1.0514766447365127,0.2799385872350483,True,False,2.307786402084018,0.2799385872350483,True,False,3.8030681241443927,0.2799385872350483,True
SILVER,body60_filter,シグナル足の実体がローソク足全体の60%以上の時だけ入る,0,2022-01-18 13:00:00,2022-01-18 14:00:00,2022-01-20 06:00:00,long,3m,23.425,23.466,23.21079849073224,24.23160452780328,24.23160452780328,3.0000000000000053,2.8628534756693913,38,TP,23.461,0.12760075463387976,0.2821299929086729,5.227241813058215,3.7617332387825098,0.7196401799100424,0.9610194902548728,0.038980509745127255,0.9610194902548728,1.474480332788023,1.5438780167503254,5.0705029281089455,0.6666666666666666,1.6771060689572026,3.7774071272774563,0.3333333333333333,2.398104939723873,2.9545279812937735,0.5,2.460800493703575,2.8604846503242065,0.5416666666666666,False,False,1.6692691247097293,0.49372748759022633,False,True,1.6692691247097293,0.9090855327058043,False,True,1.6692691247097293,1.316606633573909,True,True,1.6692691247097293,1.316606633573909,False
SILVER,body60_filter,シグナル足の実体がローソク足全体の60%以上の時だけ入る,0,2022-08-31 09:00:00,2022-08-31 10:00:00,2022-08-31 13:00:00,short,long,18.131,17.994,18.196111989589234,17.3876640312323,18.196111989589234,-1.0000000000000069,-1.1731713198763452,3,SL,18.001,0.10105599479461633,1.2864155190813544,2.1770108784453743,1.9494142866079052,0.8954545454545463,0.8954545454545463,0.10454545454545366,0.8954545454545463,1.102052507807855,3.7009184933571433,4.472767804805956,1.0,3.7009184933571433,4.86858796452329,0.6666666666666666,3.7009184933571433,4.076947645088621,0.3333333333333333,6.728942715194825,7.411732490707232,0.5,False,True,0.3463426397526764,0.7817448154417582,False,False,0.3463426397526764,0.7817448154417582,False,False,0.8905953593640199,0.7817448154417582,False,False,2.26607041438178,0.7817448154417582,False
SILVER,body60_filter,シグナル足の実体がローソク足全体の60%以上の時だけ入る,0,2022-09-12 11:00:00,2022-09-12 12:00:00,2022-09-14 00:00:00,long,3m,19.423,19.459,19.23795845075236,20.12212464774293,19.23795845075236,-0.999999999999992,-1.158341271670994,34,SL,19.457,0.11052077462382126,0.3076344706751108,2.6420372187390093,2.3072585300631543,0.8732876712328685,0.9006849315068501,0.09931506849314985,0.9006849315068501,1.1020033851331195,1.4114993360386303,2.1624893673925403,0.3333333333333333,3.845430883438612,4.505940188123364,0.6666666666666666,4.198305717448253,4.831670804132294,0.5,6.568900756179821,6.4060354481753885,0.5416666666666666,False,True,0.4433555606787993,1.8186626060497921,False,True,0.4433555606787993,2.587748782737489,False,True,0.4433555606787993,3.3025465234237292,False,True,0.4433555606787993,4.949295748802164,False
SILVER,body60_filter,シグナル足の実体がローソク足全体の60%以上の時だけ入る,0,2022-10-03 13:00:00,2022-10-03 14:00:00,2022-10-10 01:00:00,long,3m,20.004,20.179,19.810295415208866,21.2851137543734,19.810295415208866,-0.999999999999997,-1.0949269454292958,102,SL,20.178,0.1843522923955666,0.9438450574113063,3.0702086350275857,2.7501692190088223,0.8957597173144919,0.9204946996466462,0.07950530035335378,0.9204946996466462,1.4361083077855745,2.58743731255859,4.328668711576014,1.0,2.9454475067491006,4.692103302648185,0.8333333333333334,3.737409451473517,5.028415909311972,0.6666666666666666,4.838562018453374,6.829315674027807,0.5416666666666666,False,True,-0.005424396881661548,1.7900509709524735,False,True,-0.005424396881661548,1.8171729553608582,False,True,-0.005424396881661548,1.914812099230978,False,True,-0.005424396881661548,2.8966279348140116,False
SILVER,body60_filter,シグナル足の実体がローソク足全体の60%以上の時だけ入る,0,2022-11-30 23:00:00,2022-12-01 00:00:00,2022-12-05 01:00:00,long,3m,22.243,22.337,22.01865353273126,23.292039401806214,23.292039401806214,3.000000000000004,2.8900568921016077,47,TP,22.339,0.15917323363436883,0.6031164776140583,1.5894632170453822,1.2187978818450693,0.7667984189723279,0.7707509881422933,0.22924901185770674,0.7707509881422933,1.31553897380856,1.8093494328421749,1.3444471480146618,0.6666666666666666,4.1338608569796955,4.353747072776466,0.6666666666666666,4.605045605115674,5.45317815176043,0.5833333333333334,6.320158088330649,6.9735342724125395,0.5833333333333334,False,False,0.6470937207734034,0.06910709639329496,True,False,0.8292851567193162,0.32668809204094545,True,False,0.8481325466447562,0.32668809204094545,True,True,0.8481325466447562,0.38323026181726555,True
SILVER,body60_filter,シグナル足の実体がローソク足全体の60%以上の時だけ入る,0,2023-01-23 14:00:00,2023-01-23 15:00:00,2023-01-23 16:00:00,short,3m,23.105,22.901,23.234693350000725,21.899919949997823,23.234693350000725,-0.9999999999999996,-1.1048867171009666,1,SL,22.894,0.16684667500036285,1.2646341319030974,2.8349381250718593,2.0617731818704392,0.727272727272726,0.8773784355179715,0.12262156448202859,0.8773784355179715,1.2494593640378793,3.182562673177898,4.83078251333596,0.6666666666666666,3.5601548547413717,5.094497687761251,0.6666666666666666,5.544012189622511,6.946497435429756,0.8333333333333334,5.544012189622511,5.813720890739314,0.6666666666666666,False,False,0.9649577973289023,0.9050225304140548,True,False,2.2355854559234696,0.9050225304140548,True,False,2.4333718367424426,0.9050225304140548,True,False,3.5301872212839798,0.9050225304140548,True
SILVER,body60_filter,シグナル足の実体がローソク足全体の60%以上の時だけ入る,0,2023-03-15 11:00:00,2023-03-15 12:00:00,2023-03-15 17:00:00,long,3m,21.974,22.101,21.796293937109247,23.01511818867225,21.796293937109247,-1.000000000000003,-1.1148647968076368,5,SL,22.105,0.15235303144537535,0.8598450503885705,2.4613885030207125,1.9559833970671383,0.7946666666666715,0.9759999999999991,0.02400000000000091,0.9759999999999991,1.1530062619117114,2.520461827093212,3.3737431748070525,0.6666666666666666,2.520461827093212,2.559844043141545,0.5,2.520461827093212,2.8945928795523512,0.5,3.570654255048717,2.9274113929259777,0.5416666666666666,False,True,0.26254810698887043,1.7656360195001803,False,True,0.8138991316655076,1.7656360195001803,True,False,1.9428559917176784,1.7656360195001803,True,False,2.6386084752382106,1.7656360195001803,True
SILVER,body60_filter,シグナル足の実体がローソク足全体の60%以上の時だけ入る,0,2023-04-04 14:00:00,2023-04-04 15:00:00,2023-04-13 12:00:00,long,long,24.627,24.828,24.507239582686726,25.79028125193982,25.79028125193982,3.0000000000000027,2.890884292104483,135,TP,24.827,0.16038020865663669,1.247036661663095,5.0567336630437785,4.620270831461721,0.9136868064118413,0.9136868064118413,0.08631319358815874,0.9136868064118413,1.4195632624984507,1.6897346765534527,5.574253877633968,0.6666666666666666,1.6897346765534527,5.131555862743566,0.6666666666666666,2.1698437912937485,5.811190843349954,0.6666666666666666,2.313253007385,5.661546443950379,0.4583333333333333,False,True,0.8729256631641578,0.6297535141398484,False,True,0.8729256631641578,0.9477478628639231,False,True,0.8729256631641578,0.9789237794055159,False,True,0.8729256631641578,1.1535089120383386,False
SILVER,body60_filter,シグナル足の実体がローソク足全体の60%以上の時だけ入る,0,2023-05-05 01:00:00,2023-05-05 02:00:00,2023-05-05 08:00:00,long,3m,26.081,26.112,25.87329162316616,26.82812513050151,25.87329162316616,-1.0000000000000029,-1.1466224204790434,6,SL,26.11,0.11935418841691857,0.242974296793837,1.0305461553669761,0.8127071306552315,0.7886178861788364,0.9756097560975603,0.02439024390243973,0.9756097560975603,0.8960323458764914,0.6200033780256684,0.5445975617792724,0.6666666666666666,1.0975735475859585,0.9132482189837199,0.6666666666666666,5.027054416424241,4.867864359904124,0.5833333333333334,5.311920833354938,3.678128148017061,0.5416666666666666,True,False,1.2735204521608132,0.10891951235587234,True,False,1.2735204521608132,0.10891951235587234,True,False,1.2735204521608132,0.10891951235587234,True,False,1.700820077556859,0.10891951235587234,True
SILVER,body60_filter,シグナル足の実体がローソク足全体の60%以上の時だけ入る,0,2023-05-11 13:00:00,2023-05-11 14:00:00,2023-05-18 20:00:00,short,3m,24.479,24.3,24.635738881332188,23.292783356003444,23.292783356003444,2.9999999999999982,2.8957523184055316,121,TP,24.301,0.16786944066609294,1.0603478470751473,3.8958847864446238,3.34783983177658,0.8593272171253842,0.9128440366972498,0.08715596330275018,0.9128440366972498,1.514875723607582,1.5071236253371412,3.4074099355448557,0.6666666666666666,1.7930601234248098,4.271176440184717,0.6666666666666666,3.8184436515458673,6.225075843783851,0.75,6.5110123418715204,9.072526803906996,0.6666666666666666,False,False,0.8637665046398818,0.4348617575083261,False,True,0.8637665046398818,1.0424768159446456,False,True,0.8637665046398818,1.0424768159446456,False,True,0.8637665046398818,1.0424768159446456,False
SILVER,body60_filter,シグナル足の実体がローソク足全体の60%以上の時だけ入る,0,2023-10-20 14:00:00,2023-10-20 15:00:00,2023-10-20 16:00:00,long,3m,23.549,23.654,23.34158733895591,24.591237983132263,23.34158733895591,-1.0000000000000022,-1.1120313110327549,1,SL,23.654,0.1562063305220441,0.6721878661965153,1.3379739431911513,1.0883041643181515,0.8133971291865955,0.9473684210526352,0.052631578947364845,0.9473684210526352,1.3621652636780277,3.156082076522664,3.636216266663048,0.6666666666666666,3.156082076522664,2.85519798403472,0.6666666666666666,4.090743299995915,3.585001953048059,0.6666666666666666,5.601565551637605,5.294279669947759,0.625,False,False,0.8386343854451743,0.2368662004692411,True,False,2.195813696241941,0.2368662004692411,True,False,3.021644503283379,0.2368662004692411,True,False,3.021644503283379,0.2368662004692411,True
SILVER,body60_filter,シグナル足の実体がローソク足全体の60%以上の時だけ入る,0,2024-03-04 14:00:00,2024-03-04 15:00:00,2024-03-05 13:00:00,long,3m,23.492,23.487,23.27912396315032,24.110628110549037,24.110628110549037,2.999999999999993,2.8316304248896618,21,TP,23.501,0.10393801842483999,0.08659006719960176,1.7702858183029124,1.5874845653259981,0.8967391304347921,0.9510869565217376,0.04891304347826245,0.9510869565217376,1.2005305417109398,2.434143000166492,3.809962956782341,0.6666666666666666,2.684292083187552,4.05049092122569,0.5,3.2134536049628735,4.175565462736204,0.5,7.51409360920959,8.120224079606803,0.5,False,True,0.6638571818636135,1.0775652807060982,False,True,0.6638571818636135,3.049894589141415,False,True,0.6638571818636135,3.107621300607816,False,True,0.6638571818636135,4.175565462736169,False
SILVER,body60_filter,シグナル足の実体がローソク足全体の60%以上の時だけ入る,0,2024-04-02 18:00:00,2024-04-02 19:00:00,2024-04-03 17:00:00,long,long,25.912,25.95,25.606264995273474,26.981205014179576,26.981205014179576,3.0000000000000018,2.8981773764128405,21,TP,25.953,0.17186750236326265,0.23855586097563655,0.6109357415229686,0.42474580124930256,0.6952380952380962,0.8190476190476016,0.18095238095239835,0.8190476190476016,1.3193071841923973,1.4895195221893283,0.8727653450328005,0.6666666666666666,2.9033993811424907,1.7804413038669353,0.6666666666666666,3.5317904295660956,2.9615837374779996,0.6666666666666666,5.672974742713265,5.667156307079706,0.6666666666666666,False,True,0.09309497013682268,0.9134943944676733,False,True,0.09309497013682268,1.216053047412378,False,True,0.09309497013682268,1.58843292795971,False,True,0.09309497013682268,2.222642412016895,False
SILVER,body60_filter,シグナル足の実体がローソク足全体の60%以上の時だけ入る,0,2024-08-19 14:00:00,2024-08-19 15:00:00,2024-08-22 14:00:00,long,3m,29.218,29.347,29.003159074725225,30.37852277582433,29.003159074725225,-0.9999999999999999,-1.1017912570239574,68,SL,29.35,0.17192046263738806,0.7677969101235714,1.8729591292408079,1.4890606741790324,0.7950310559006238,0.8354037267080826,0.16459627329191742,0.8354037267080826,1.083987811056061,1.7682595505875909,2.1405247191323697,0.6666666666666666,1.7682595505875909,2.442990168574983,0.5,1.9253089185674164,1.9369422050844542,0.4166666666666667,5.415294873674529,5.4560113764841205,0.5,False,False,0.32573202247666855,0.6223808286607629,False,False,0.7387136938310179,0.6223808286607629,False,False,1.00046264046404,0.6223808286607629,False,True,1.00046264046404,0.72708040731398,False
SILVER,body60_filter,シグナル足の実体がローソク足全体の60%以上の時だけ入る,0,2024-09-13 12:00:00,2024-09-13 13:00:00,2024-09-16 05:00:00,long,3m,30.182,30.194,29.900175582690757,31.075473251927725,31.075473251927725,2.9999999999999987,2.880881240842677,15,TP,30.192,0.14691220865462112,0.06806786237562301,1.2864825988990742,1.0822790117722294,0.8412698412698353,0.9576719576719623,0.042328042328037656,0.9576719576719623,0.9540088115063802,1.5995947658269112,1.1163129429600531,0.3333333333333333,1.9943883676054617,1.1503468741478524,0.6666666666666666,2.191785168494737,1.5451404759264031,0.5833333333333334,9.958328265552097,9.549921091298408,0.7083333333333334,False,True,0.10890857980099199,4.084071742536752,False,True,0.10890857980099199,4.084071742536752,False,True,0.10890857980099199,4.737523221342632,False,True,0.10890857980099199,4.900886091044083,False
SILVER,body60_filter,シグナル足の実体がローソク足全体の60%以上の時だけ入る,0,2024-10-18 17:00:00,2024-10-18 18:00:00,2024-10-22 10:00:00,long,3m,32.951,33.095,32.661050281754726,34.39684915473581,34.39684915473581,3.0000000000000053,2.919345494354672,38,TP,33.096,0.21697485912263503,0.6682801896326682,1.225948485808953,0.9816805544259183,0.8007518796992089,0.8609022556390774,0.13909774436092254,0.8609022556390774,1.227693499640911,2.451896971617841,2.9266063477017563,0.6666666666666666,4.00046348000806,4.724049616368985,0.6666666666666666,5.088147098996451,4.4383022249398145,0.75,7.328037941489459,6.825675592041431,0.7083333333333334,False,True,0.10139423566840054,2.350502735949473,False,True,0.10139423566840054,2.659294271848715,False,True,0.10139423566840054,3.009565267794126,False,True,0.10139423566840054,4.203251951344926,False
SILVER,body60_filter,シグナル足の実体がローソク足全体の60%以上の時だけ入る,0,2024-11-06 13:00:00,2024-11-06 14:00:00,2024-11-07 14:00:00,short,3m,31.298,31.04,31.670784703600923,29.147645889197232,31.670784703600923,-1.0000000000000027,-1.055486443790091,23,SL,31.041,0.31539235180046093,0.8148580602315744,2.308236061667663,1.8897097427938614,0.8186813186813211,0.8489010989010992,0.15109890109890073,0.8489010989010992,1.7279294718173563,2.1560446729862726,3.475036708224953,1.0,2.504816605381122,3.132606083691847,0.5,3.6969824833852956,4.759151550224141,0.5833333333333334,4.670373240159993,4.841588552426545,0.5,False,True,0.3075534312936359,0.7133971344439957,True,False,1.147776722972105,0.7133971344439957,True,False,1.1763126083498656,0.7133971344439957,True,False,1.1763126083498656,0.7133971344439957,True
SILVER,body60_filter,シグナル足の実体がローソク足全体の60%以上の時だけ入る,0,2024-12-09 10:00:00,2024-12-09 11:00:00,2024-12-12 14:00:00,long,3m,31.527,31.617,31.26897376465889,32.661078706023325,31.26897376465889,-1.0000000000000049,-1.100567130997172,72,SL,31.612,0.17401311767055377,0.4884689219862237,1.4941402319579173,1.293005969963562,0.865384615384602,0.9384615384615319,0.06153846153846806,0.9384615384615319,1.1230948981593079,1.7182612667515915,1.8446885171480212,1.0,3.2066548055096638,4.085898865084887,0.8333333333333334,3.2066548055096638,3.7238571934950926,0.5,3.4422692267030284,1.7412480395509313,0.4166666666666667,False,True,0.356294978389949,0.44824206958738944,False,True,0.356294978389949,0.6953498771804238,False,True,0.356294978389949,2.5917586331270104,False,True,0.356294978389949,3.804310898292843,False
SILVER,body60_filter,シグナル足の実体がローソク足全体の60%以上の時だけ入る,0,2024-12-18 20:00:00,2024-12-18 21:00:00,2024-12-23 06:00:00,short,3m,29.621,29.46,29.772080487777945,28.523758536666165,29.772080487777945,-0.9999999999999952,-1.1121505552916917,54,SL,29.463,0.15604024388897283,1.0125592992050134,2.858237009148357,1.954623963655274,0.683856502242155,0.7914798206278018,0.2085201793721982,0.7914798206278018,1.0795028784945526,3.4093768808675633,4.6590544969750365,0.6666666666666666,3.9348823399486585,4.851312591760785,0.8333333333333334,4.691097512772657,5.883097700444399,0.75,5.331957828725216,6.447054778482649,0.5833333333333334,False,True,0.3781075864119881,1.1086883465979223,False,True,0.3781075864119881,1.4419357108932453,False,False,1.0317851086835905,1.4419357108932453,False,True,1.0317851086835905,1.4419357108932453,False
XAUUSD,early_back_inside_1,通常通り入る。エントリー後1本以内に終値がブレイク水準内へ戻れば次足始値で撤退,1,2015-02-11 14:00:00,2015-02-11 15:00:00,2015-02-12 08:00:00,short,3m,1224.976,1224.691,1231.6426929031318,1203.835921290605,1231.6426929031318,-1.000000000000009,-1.0503474484384268,16,SL,1224.722,3.47584645156584,0.07307572516205596,3.4575750590438252,2.744367489450734,0.7937260775503382,0.8852554501581044,0.11474454984189567,0.8852554501581044,1.0297076804665841,1.722458136003896,3.011928215437668,0.3333333333333333,1.722458136003896,3.66414344749396,0.6666666666666666,1.8637186913367685,3.7110384994680135,0.5,2.5734738644655937,3.6701851413065554,0.5833333333333334,False,True,0.21836407636997063,1.0098259658215814,False,True,0.21836407636997063,1.0866417871533238,False,True,0.21836407636997063,1.0866417871533238,False,True,0.21836407636997063,1.7981231585142166,False
XAUUSD,early_back_inside_1,通常通り入る。エントリー後1本以内に終値がブレイク水準内へ戻れば次足始値で撤退,1,2015-03-06 13:00:00,2015-03-06 14:00:00,2015-03-10 03:00:00,short,3m,1190.388,1182.283,1189.4395008221354,1160.8134975335936,1160.8134975335936,3.000000000000011,2.9510934172022325,35,TP,1182.258,3.5782504110677054,2.2720601036901695,4.428700671977687,3.9362812497511173,0.888811762478706,0.9888937969331778,0.011106203066822182,0.9888937969331778,1.157130478744196,1.515265668168307,3.9723323879277253,0.3333333333333333,1.7572833864703588,4.245370853032957,0.6666666666666666,2.1932506388389434,4.537413018882392,0.5833333333333334,4.63606458304024,5.339480976765682,0.5833333333333334,False,True,0.0966953008458571,1.9104308571742008,False,True,0.0966953008458571,2.511842092492948,False,True,0.0966953008458571,3.0294134715869774,False,True,0.0966953008458571,5.179905783751302,False
XAUUSD,early_back_inside_1,通常通り入る。エントリー後1本以内に終値がブレイク水準内へ戻れば次足始値で撤退,1,2015-04-06 07:00:00,2015-04-06 08:00:00,2015-04-06 12:00:00,long,3m,1219.681,1222.186,1216.2924846259255,1239.866546122223,1216.2924846259255,-1.0000000000000082,-1.0593873058412362,4,SL,1222.167,2.9467576870372096,0.8436390989784444,1.937722950590103,1.271567057068486,0.6562171628721487,0.7826619964973683,0.2173380035026317,0.7826619964973683,1.0188542847526165,0.7221496390291033,1.7470048598315255,0.3333333333333333,1.0550579077732267,1.9326326100894715,0.5,6.217341887524045,7.119010868210197,0.5833333333333334,8.097034956406516,6.301502183801882,0.5416666666666666,False,False,0.5616342352410989,0.14286889005228648,True,False,1.625176043848737,0.14286889005228648,True,False,1.760918457200016,0.14286889005228648,True,False,2.0459775252378485,0.19275422695887628,True
XAUUSD,early_back_inside_1,通常通り入る。エントリー後1本以内に終値がブレイク水準内へ戻れば次足始値で撤退,1,2015-04-24 14:00:00,2015-04-24 15:00:00,2015-04-24 16:00:00,short,3m,1178.391,1178.274,1184.2906324281757,1160.224102715472,1179.559,-0.21357462257165982,-0.2717466987585122,1,early_back_inside,1178.323,3.0083162140879613,0.02260400674687696,1.9549141717413558,1.268483672736747,0.648869239925165,0.6811766706342381,0.3188233293657618,0.6811766706342381,1.21067637530009,3.0488816159177348,3.3234538155195024,1.0,4.228278909122717,4.698641696576214,1.0,4.574984483196262,4.745179357525635,0.6666666666666666,5.265736336431866,4.502518696860568,0.5416666666666666,True,False,0.4839916738743911,0.5468175161561932,True,True,0.4839916738743911,1.0367926035813149,True,True,0.4839916738743911,1.0367926035813149,True,False,0.4839916738743911,1.0367926035813149,True
XAUUSD,early_back_inside_1,通常通り入る。エントリー後1本以内に終値がブレイク水準内へ戻れば次足始値で撤退,1,2015-09-24 13:00:00,2015-09-24 14:00:00,2015-09-25 03:00:00,long,3m,1147.861,1152.832,1146.690616441401,1171.2561506757972,1146.690616441401,-0.9999999999999956,-1.0569904153779883,12,SL,1152.881,3.0706917792995365,1.6348107725566345,5.321602158236705,4.654000149523351,0.8745486812312625,0.8745486812312625,0.1254513187687375,0.8745486812312625,1.2730085246931873,1.4654678240049566,5.676245371645885,1.0,1.4980337756495556,5.481500980811464,0.5,2.4369101615620767,6.481275696299269,0.5833333333333334,3.2663649499488905,7.509708449234345,0.5416666666666666,False,True,0.32272858079753125,0.908915710399499,False,True,0.32272858079753125,1.247275947986417,False,False,0.42107775476412995,1.247275947986417,False,True,0.7949348796435876,1.247275947986417,False
XAUUSD,early_back_inside_1,通常通り入る。エントリー後1本以内に終値がブレイク水準内へ戻れば次足始値で撤退,1,2015-11-03 10:00:00,2015-11-03 11:00:00,2015-11-03 17:00:00,short,3m,1132.098,1131.718,1135.8881405759744,1119.2075782720772,1119.2075782720772,3.000000000000016,2.916069975670233,6,TP,1131.738,2.0850702879871394,0.17265605004972398,1.4819644295938368,0.8930154588684721,0.6025889967637224,0.6601941747572873,0.33980582524271274,0.6601941747572873,0.7512696717906594,2.7385167938450117,2.513104728502241,1.0,2.8833560358311647,2.6919955803593885,0.6666666666666666,2.8833560358311647,0.7544110186896336,0.5,3.5591126317203527,2.8392328230406205,0.5416666666666666,False,False,0.3793637099704424,0.3208524930092058,True,False,0.48487574055642724,0.3208524930092058,True,True,0.48487574055642724,2.4502771102897527,True,True,0.48487574055642724,5.0818430731316235,True
XAUUSD,early_back_inside_1,通常通り入る。エントリー後1本以内に終値がブレイク水準内へ戻れば次足始値で撤退,1,2016-01-26 03:00:00,2016-01-26 04:00:00,2016-01-26 05:00:00,long,3m,1112.949,1112.981,1108.1457604588966,1127.48671862331,1112.481,-0.1034074932068214,-0.1757927384516246,1,early_back_inside,1112.981,2.4176197705516804,0.013236159130442291,1.170572823101188,0.7734880491869789,0.660777385158989,0.7321554770317817,0.26784452296821826,0.7321554770317817,0.8754652027721581,1.7165643872332728,1.8704347371249583,0.6666666666666666,2.6600543552522904,1.8414806390270746,0.6666666666666666,3.1944642801451084,2.8453605830788584,0.5,4.977209463030781,5.055799157867893,0.5833333333333334,True,False,0.44341133087080425,0.1894425275549314,True,False,0.6212722191865634,0.1894425275549314,True,True,0.6212722191865634,0.9339764786440267,True,True,0.6212722191865634,1.926274783456638,True
XAUUSD,early_back_inside_1,通常通り入る。エントリー後1本以内に終値がブレイク水準内へ戻れば次足始値で撤退,1,2016-03-28 00:00:00,2016-03-28 01:00:00,2016-03-28 07:00:00,short,3m,1211.459,1210.889,1217.6952772460231,1190.47016826193,1217.6952772460231,-0.9999999999999882,-1.051423118299295,6,SL,1210.719,3.403138623011654,0.21744632880841508,1.831250704235162,0.8671406977211213,0.4735237483953844,0.5746148908857381,0.4253851091142618,0.5746148908857381,0.919340779186957,1.4430796226730764,1.8309568578448874,1.0,3.0092808828742545,3.2878472608612084,0.8333333333333334,3.1802994820181327,2.4456835063140367,0.6666666666666666,3.400390428339087,3.3116488184740596,0.5833333333333334,False,True,0.5380327406056515,0.41990649171248695,False,True,0.5380327406056515,0.41990649171248695,False,False,0.5380327406056515,0.41990649171248695,True,False,1.6376059330395312,0.41990649171248695,False
XAUUSD,early_back_inside_1,通常通り入る。エントリー後1本以内に終値がブレイク水準内へ戻れば次足始値で撤退,1,2016-04-21 12:00:00,2016-04-21 13:00:00,2016-04-21 13:00:00,long,3m,1262.589,1268.85,1260.3619075912632,1294.3142772262102,1260.3619075912632,-0.9999999999999969,-1.041234235343604,0,SL,1268.759,4.244046204368387,1.4538013261140526,2.4900765663489635,2.1510133397236455,0.8638342165026419,0.8753785011355025,0.12462149886449747,0.8753785011355025,1.2328767518662689,0.945088674075097,2.2077987723968695,0.6666666666666666,2.0848029389719485,2.4874847001273737,0.6666666666666666,4.238879393321152,5.633067796338434,0.5833333333333334,4.469791111245266,4.847025458588606,0.5416666666666666,True,False,4.97873938748618,0.3447182074724123,True,False,5.160170022997976,0.3447182074724123,True,False,5.160170022997976,0.3447182074724123,True,False,5.214599213651514,0.3447182074724123,True
XAUUSD,early_back_inside_1,通常通り入る。エントリー後1本以内に終値がブレイク水準内へ戻れば次足始値で撤退,1,2016-04-29 01:00:00,2016-04-29 02:00:00,2016-05-02 09:00:00,long,3m,1270.222,1273.921,1265.8337620573666,1298.1827138279004,1298.1827138279004,3.000000000000003,2.956721936156346,30,TP,1273.921,4.043618971316728,0.9147746180435887,2.388949124168902,1.5876866850067037,0.664596273291943,0.7060041407867536,0.29399585921324645,0.7060041407867536,1.1992018536974953,0.7540275237671885,2.0380258522025034,0.3333333333333333,1.4741745061253697,2.2484808940936047,0.5,4.1025131491551114,4.209100837821458,0.5833333333333334,7.888478174196747,7.382248478837189,0.5416666666666666,False,True,0.14640350740250996,1.6910594317874863,False,True,0.14640350740250996,1.6910594317874863,False,True,0.14640350740250996,1.6910594317874863,False,True,0.6954166601618379,1.6910594317874863,False
XAUUSD,early_back_inside_1,通常通り入る。エントリー後1本以内に終値がブレイク水準内へ戻れば次足始値で撤退,1,2016-05-24 15:00:00,2016-05-24 16:00:00,2016-05-27 02:00:00,short,3m,1231.298,1230.86,1237.0877673259806,1212.1766980220575,1212.1766980220575,3.000000000000004,2.9438000840943443,55,TP,1230.859,3.1138836629903945,0.14098150332902543,1.6477815343533317,1.1304211656448258,0.6860261157668921,0.889300331319436,0.11069966868056405,0.889300331319436,0.9820038740740973,2.733242767273615,2.370030739334938,1.0,3.4750816572280185,3.8084274441426786,1.0,4.582701714134013,4.580132575121245,0.8333333333333334,6.073123483951556,5.32807317023112,0.7083333333333334,False,True,0.2087425447923987,0.8439621657143572,False,True,0.2087425447923987,0.8439621657143572,False,True,0.2087425447923987,0.8738284067385202,False,True,0.2087425447923987,1.5735976453578184,False
XAUUSD,early_back_inside_1,通常通り入る。エントリー後1本以内に終値がブレイク水準内へ戻れば次足始値で撤退,1,2016-07-05 22:00:00,2016-07-05 23:00:00,2016-07-08 12:00:00,long,3m,1358.229,1359.449,1350.7298508548581,1385.6064474354257,1350.7298508548581,-1.0000000000000084,-1.0401415314928086,59,SL,1359.44,4.359574572570941,0.27777939793007334,1.140248874575046,0.9822059305834879,0.8613960973647454,0.8613960973647454,0.13860390263525454,0.8613960973647454,1.0671535396255327,0.8326500532503077,0.9725719630251866,0.3333333333333333,3.528096547945808,1.9866617386229197,0.6666666666666666,3.528096547945808,3.2110931392428257,0.6666666666666666,4.4754366911755525,1.9774865314245773,0.6666666666666666,False,True,0.1880917475662289,1.1927769357856142,False,True,0.1880917475662289,1.2159443339614235,False,True,0.1880917475662289,2.68833570911679,False,True,0.1880917475662289,2.68833570911679,False
XAUUSD,early_back_inside_1,通常通り入る。エントリー後1本以内に終値がブレイク水準内へ戻れば次足始値で撤退,1,2016-08-25 12:00:00,2016-08-25 13:00:00,2016-08-25 14:00:00,short,3m,1320.829,1319.409,1324.1072989914935,1305.3141030255201,1322.198,-0.5936190959855272,-0.6681141420934571,1,early_back_inside,1319.388,2.349149495746667,0.6134134939513568,2.294447420123292,1.592065556820285,0.6938775510204263,0.7441558441558557,0.2558441558441443,0.7441558441558557,0.9025010052081172,1.7934150243004785,1.7027439110377338,0.6666666666666666,1.796394826144724,2.6064752418210313,0.5,1.8181048110105225,2.883596813342451,0.5,6.974439059610467,7.611265282338716,0.625,True,False,1.3111128114991208,0.0808803357742188,True,False,1.489900922158017,0.0808803357742188,True,False,1.8061856036333466,0.0808803357742188,True,False,1.8061856036333466,0.0808803357742188,True
XAUUSD,early_back_inside_1,通常通り入る。エントリー後1本以内に終値がブレイク水準内へ戻れば次足始値で撤退,1,2016-10-04 12:00:00,2016-10-04 13:00:00,2016-10-04 16:00:00,short,3m,1306.199,1291.86,1298.5264033166166,1271.86079005015,1271.86079005015,2.999999999999986,2.947497926036395,3,TP,1291.831,3.333201658308342,4.3105702783347875,4.974496505085459,4.775288635875184,0.9599541644050562,0.9756950726735544,0.024304927326445628,0.9756950726735544,1.3338269048092453,0.8490335389537844,4.934594928873202,0.6666666666666666,1.4316565540237394,5.090601091507806,0.6666666666666666,1.590362823319331,5.528318382438391,0.5,3.4213351513174652,7.6560024312934445,0.5833333333333334,False,True,0.40471598729637054,3.0910221031237683,False,True,0.40471598729637054,3.0910221031237683,False,True,0.40471598729637054,5.394513096794049,False,True,0.40471598729637054,7.4885958183124615,False
XAUUSD,early_back_inside_1,通常通り入る。エントリー後1本以内に終値がブレイク水準内へ戻れば次足始値で撤退,1,2016-11-11 14:00:00,2016-11-11 15:00:00,2016-11-23 13:00:00,short,3m,1246.058,1235.911,1249.967701914633,1193.7408942561015,1193.7408942561015,3.0000000000000018,2.9751008449830065,183,TP,1235.952,7.028350957316429,1.4378906320094573,3.357686624261934,3.2136983678208604,0.9571168269841965,0.9949150387728339,0.005084961227166032,0.9949150387728339,1.1632745838103757,0.9019185351581112,3.267765104429187,0.3333333333333333,1.1974359349882755,2.7431754784427382,0.5,1.9446951472694556,3.4019359797492834,0.5,4.6793337725635205,5.729651271622882,0.5,False,True,0.836327046799079,0.9534242158218296,False,True,0.836327046799079,1.6453361635224109,False,True,0.836327046799079,1.6453361635224109,False,True,0.836327046799079,2.4063966217272887,False
XAUUSD,early_back_inside_1,通常通り入る。エントリー後1本以内に終値がブレイク水準内へ戻れば次足始値で撤退,1,2017-01-05 15:00:00,2017-01-05 16:00:00,2017-01-06 06:00:00,long,3m,1180.189,1181.329,1174.0427774095067,1203.18766777148,1174.0427774095067,-0.9999999999999911,-1.048035864352639,14,SL,1181.329,3.643111295246659,0.31291934492566426,1.6768634018869057,1.1987006835881724,0.7148469471271921,0.8626616467507036,0.1373383532492965,0.8626616467507036,1.2169452205040754,2.268390760057847,2.3276807412016973,1.0,2.3526593906650355,2.3490910121702906,0.6666666666666666,2.4314382082033568,2.187964998598903,0.6666666666666666,5.116780270842027,4.3446380627052275,0.5416666666666666,False,True,0.13093204169255723,1.0180858336223133,False,True,0.13093204169255723,1.0180858336223133,False,True,0.42299009695656464,1.0180858336223133,True,False,0.5520007040750621,1.0180858336223133,False
XAUUSD,early_back_inside_1,通常通り入る。エントリー後1本以内に終値がブレイク水準内へ戻れば次足始値で撤退,1,2017-02-02 10:00:00,2017-02-02 11:00:00,2017-02-02 16:00:00,long,3m,1219.931,1222.259,1215.839453962366,1241.5176381129022,1215.839453962366,-0.999999999999997,-1.0545209891709273,5,SL,1222.242,3.2097730188170415,0.7199886055655232,2.0652550697940057,1.4748706442004533,0.7141348619701299,0.7592397043294574,0.24076029567054252,0.7592397043294574,1.1645054861684663,1.9602632220763156,2.4967497555180547,1.0,1.9602632220763156,2.291127739216386,0.6666666666666666,3.0282515128070715,4.330835831227489,0.6666666666666666,6.203865470630358,3.4684695567984725,0.5416666666666666,False,False,0.5589180261291641,0.09533384392171632,False,False,0.8598738863526201,0.09533384392171632,False,True,0.8598738863526201,0.9489767600833809,True,False,2.172739305588092,0.9489767600833809,False
XAUUSD,early_back_inside_1,通常通り入る。エントリー後1本以内に終値がブレイク水準内へ戻れば次足始値で撤退,1,2017-02-23 13:00:00,2017-02-23 14:00:00,2017-02-27 16:00:00,long,3m,1244.708,1248.468,1243.6603992440914,1262.890802267726,1262.890802267726,2.999999999999987,2.9271986136598307,49,TP,1248.488,2.403800377954336,1.5725099449467594,2.6915712549750395,2.22522637447633,0.826738794435879,0.9658423493044818,0.03415765069551819,0.9658423493044818,1.142028836587146,2.6707708588777845,4.445460653889266,1.0,3.1566681117079476,4.954238342426259,0.8333333333333334,3.282718512056807,4.734170151718101,0.5833333333333334,5.17513854897819,4.085197793486123,0.5416666666666666,False,False,0.8428320498577416,0.3120059414576926,False,True,1.027539567200679,0.49213737165926413,False,True,1.027539567200679,1.0774605178338645,False,True,1.027539567200679,1.0774605178338645,False
XAUUSD,early_back_inside_1,通常通り入る。エントリー後1本以内に終値がブレイク水準内へ戻れば次足始値で撤退,1,2017-05-03 19:00:00,2017-05-03 20:00:00,2017-05-07 22:00:00,short,3m,1243.691,1239.568,1245.150214460037,1222.821356619889,1222.821356619889,2.9999999999999916,2.9373008682296553,47,TP,1239.542,2.791107230018505,1.4865068440858888,2.7447888485277816,2.693912981605567,0.9814645607622958,0.9945176869860441,0.0054823130139558815,0.9945176869860441,1.4274641344176588,2.88165209616357,2.986628356784682,0.6666666666666666,3.0095583249749955,4.315849950315304,0.8333333333333334,3.6189938857824333,5.087228411466632,0.75,4.223055235295237,5.982930293899656,0.7083333333333334,False,True,0.18953051832282672,1.3116658366348608,False,True,0.18953051832282672,1.3116658366348608,False,True,0.18953051832282672,1.3116658366348608,False,False,0.6151680528550365,1.3116658366348608,False
XAUUSD,early_back_inside_1,通常通り入る。エントリー後1本以内に終値がブレイク水準内へ戻れば次足始値で撤退,1,2017-08-09 12:00:00,2017-08-09 13:00:00,2017-08-09 14:00:00,long,3m,1274.061,1274.839,1269.631668679231,1290.4609939623067,1272.228,-0.5014084641755315,-0.5686213950301898,1,early_back_inside,1274.839,2.60366566038445,0.298809486885172,2.6796835347015655,2.1577271173789647,0.8052171420381061,0.8052171420381061,0.19478285796189387,0.8052171420381061,1.234225367469032,1.3254389964533528,2.7269246232450377,0.3333333333333333,2.044809393543233,3.2607873311761537,0.6666666666666666,3.3264639664684132,3.397901710119592,0.5833333333333334,7.091540315999558,4.24401649110675,0.5416666666666666,True,False,1.7171943648632013,0.12021512775718106,True,False,1.7248758426751523,0.12021512775718106,True,False,1.7248758426751523,0.12021512775718106,True,True,1.7248758426751523,1.4783004049113693,True
XAUUSD,early_back_inside_1,通常通り入る。エントリー後1本以内に終値がブレイク水準内へ戻れば次足始値で撤退,1,2017-08-28 14:00:00,2017-08-28 15:00:00,2017-08-28 22:00:00,long,3m,1300.828,1303.672,1298.525965850609,1319.1101024481732,1319.1101024481732,3.000000000000008,2.9319864598952354,6,TP,1303.672,2.5730170746955165,1.1053171889022935,2.607833452016279,2.0015413230825634,0.7675111773472523,0.9126676602086424,0.08733233979135761,0.9126676602086424,1.1626077483478097,1.0610112256340463,2.1492278673099663,0.6666666666666666,1.4251751517949356,2.654471308088062,0.8333333333333334,2.195865723381838,3.6742857608586643,0.6666666666666666,9.083111118788729,8.96262999060311,0.5833333333333334,False,True,0.019821088830499142,1.5429357383762508,False,True,0.019821088830499142,1.5429357383762508,False,True,0.019821088830499142,2.4679198838007514,False,True,0.019821088830499142,3.2646499250277596,False
XAUUSD,early_back_inside_1,通常通り入る。エントリー後1本以内に終値がブレイク水準内へ戻れば次足始値で撤退,1,2017-11-17 17:00:00,2017-11-17 18:00:00,2017-11-20 13:00:00,long,3m,1291.038,1293.399,1288.8026539139905,1307.1880382580277,1288.8026539139905,-1.0000000000000135,-1.0761474426535362,18,SL,1293.421,2.29817304300465,1.0369106048187238,1.757482976442612,1.526865007263474,0.8687794008417988,0.9752413963852663,0.024758603614733688,0.9752413963852663,1.160241054943564,2.7513158851316746,3.502347233816933,1.0,3.746454178551909,4.529685017273532,0.6666666666666666,3.955315735544355,5.02964736932413,0.5833333333333334,5.60445177929713,5.921660268979413,0.5416666666666666,False,True,0.03916154193614542,1.5316514179445364,False,True,0.17970796466224814,1.5316514179445364,False,True,0.17970796466224814,1.5316514179445364,False,True,0.7610392982912058,1.5316514179445364,False
XAUUSD,early_back_inside_1,通常通り入る。エントリー後1本以内に終値がブレイク水準内へ戻れば次足始値で撤退,1,2017-11-27 13:00:00,2017-11-27 14:00:00,2017-11-27 14:00:00,long,3m,1296.941,1298.318,1294.2874715806788,1310.4095852579635,1294.2874715806788,-1.0000000000000084,-1.0868372490124063,0,SL,1298.318,2.015264209660569,0.6832850965144073,1.9570634863130305,1.5466954581230608,0.7903144016226709,0.9305273833671142,0.0694726166328858,0.9305273833671142,1.024846266940223,1.9084346268660155,2.083597763445274,1.0,3.1395387114355864,3.7052213621446377,1.0,4.52893469563339,4.593442366328342,0.8333333333333334,5.050950615410526,4.3205252980036795,0.5416666666666666,True,False,2.6830228880562643,0.4217809237742949,True,False,3.06461057085917,0.4217809237742949,True,False,3.06461057085917,0.4217809237742949,True,False,3.06461057085917,0.4217809237742949,True
XAUUSD,early_back_inside_1,通常通り入る。エントリー後1本以内に終値がブレイク水準内へ戻れば次足始値で撤退,1,2017-12-05 14:00:00,2017-12-05 15:00:00,2017-12-07 12:00:00,short,3m,1269.902,1267.628,1271.9697996953525,1254.6026009139423,1254.6026009139423,2.99999999999998,2.919388266488926,43,TP,1266.891,2.1708998476762864,1.3869824548667766,3.483808803107834,3.210650186124735,0.921591960862083,0.9230464101546874,0.07695358984531264,0.9230464101546874,0.9036243640752765,2.1921785130226112,4.113962239925293,0.6666666666666666,2.1921785130226112,3.910820671477607,0.5,2.1921785130226112,4.107513301244459,0.5833333333333334,2.3672211343608818,3.1189831291607404,0.5,False,True,1.0263025272145425,1.515500590007205,False,True,1.0263025272145425,2.744944685669643,False,True,1.0263025272145425,2.744944685669643,False,True,1.0263025272145425,2.744944685669643,False
XAUUSD,early_back_inside_1,通常通り入る。エントリー後1本以内に終値がブレイク水準内へ戻れば次足始値で撤退,1,2018-01-24 08:00:00,2018-01-24 09:00:00,2018-01-24 18:00:00,long,3m,1344.672,1347.019,1342.7121213495539,1359.9396359513382,1359.9396359513382,2.9999999999999782,2.91873465021728,9,TP,1346.992,2.1534393252230535,1.0773463514044588,2.3316189786215045,1.764619023852158,0.7568213503286171,0.7649870543716245,0.23501294562837552,0.7649870543716245,0.8766051766958046,1.8268450631143205,2.298648465281149,0.6666666666666666,1.8268450631143205,2.554518223739683,0.6666666666666666,3.076009582630757,2.977098042609585,0.6666666666666666,5.823242778712174,4.784903795203317,0.5416666666666666,False,True,0.14534888275408173,1.179508505416966,False,True,0.14534888275408173,1.6763880726596294,False,True,0.14534888275408173,1.8045551386025027,False,True,0.14534888275408173,3.886805586748144,False
XAUUSD,early_back_inside_1,通常通り入る。エントリー後1本以内に終値がブレイク水準内へ戻れば次足始値で撤退,1,2018-03-01 12:00:00,2018-03-01 13:00:00,2018-03-01 14:00:00,short,3m,1307.018,1306.491,1310.8493646609056,1293.4159060172829,1310.321,-0.8787699740581103,-0.9590753241678921,1,early_back_inside,1306.492,2.179182330452873,0.24137493804419527,2.156772260090463,1.8796040802830765,0.87148936170212,0.87148936170212,0.12851063829788,0.87148936170212,0.9123724810277338,0.9168576543959162,1.9667927461165449,0.6666666666666666,2.3678606089503953,3.5086554682237088,0.6666666666666666,3.6467806704125523,4.059320726119162,0.6666666666666666,5.736555324125653,5.941219244976852,0.625,True,False,1.8107709230462101,0.8416000691502129,True,False,2.2756241782529005,0.8416000691502129,True,True,2.2756241782529005,1.7134867274845844,True,False,2.926326957999287,1.7134867274845844,True
XAUUSD,early_back_inside_1,通常通り入る。エントリー後1本以内に終値がブレイク水準内へ戻れば次足始値で撤退,1,2018-03-23 06:00:00,2018-03-23 07:00:00,2018-03-23 08:00:00,long,3m,1341.042,1342.851,1336.9802927499838,1360.4631217500487,1339.439,-0.5811906223037455,-0.6408086521414912,1,early_back_inside,1342.888,2.9353536250081076,0.6288850461739188,1.76401233428419,1.5875429659644444,0.8999613750482338,0.941869447663161,0.0581305523368389,0.941869447663161,1.2318811978804232,0.5348588962584022,1.51770470244028,0.6666666666666666,2.5107707423086154,1.4638781383582555,0.6666666666666666,4.880842934200279,5.490309536369906,0.75,4.880842934200279,5.031761718303765,0.6666666666666666,True,False,1.2431210907305277,0.0010220233686999626,True,False,1.5725532898910044,0.0010220233686999626,True,False,1.5725532898910044,0.0010220233686999626,True,True,1.5725532898910044,1.6434135767838687,True
XAUUSD,early_back_inside_1,通常通り入る。エントリー後1本以内に終値がブレイク水準内へ戻れば次足始値で撤退,1,2018-04-11 14:00:00,2018-04-11 15:00:00,2018-04-11 18:00:00,long,3m,1356.788,1359.002,1352.5745706681812,1378.284287995456,1352.5745706681812,-1.000000000000012,-1.054454118735706,3,SL,1359.002,3.21371466590934,0.6889223936044356,2.417762871863863,2.033161210393594,0.8409266409266272,0.9898326898326961,0.010167310167303871,0.9898326898326961,1.2355325824591774,2.7447987506706535,3.1875885275898668,1.0,3.9374995341782997,4.9018041853888485,0.8333333333333334,4.734085499682981,5.86268600627888,0.9166666666666666,6.006756046133892,6.2805824717760945,0.7083333333333334,False,True,0.19634599384115292,1.9198966434234552,False,False,1.1205101803837214,1.9198966434234552,True,False,1.5374731467026321,1.9198966434234552,True,False,3.570323190703458,1.9198966434234552,True
XAUUSD,early_back_inside_1,通常通り入る。エントリー後1本以内に終値がブレイク水準内へ戻れば次足始値で撤退,1,2018-05-15 12:00:00,2018-05-15 13:00:00,2018-05-21 06:00:00,short,3m,1301.678,1297.528,1302.232888276837,1283.4133351694893,1283.4133351694893,2.9999999999999867,2.9256092856182545,85,TP,1297.528,2.3524441384184636,1.7641226553375737,4.344417719891483,3.987342290859246,0.9178082191780682,0.9267123287671212,0.07328767123287883,0.9267123287671212,1.0828087199204102,1.9766675535710119,5.237106292471885,0.6666666666666666,2.57179326862458,5.964009844430258,0.8333333333333334,3.6987063190582967,7.128755886749501,0.6666666666666666,6.40610323275589,9.041659970850443,0.75,False,True,0.32731914327948675,2.4102591459672174,False,True,0.32731914327948675,2.4102591459672174,False,True,0.32731914327948675,2.4102591459672174,False,True,0.32731914327948675,3.7688461354753158,False
XAUUSD,early_back_inside_1,通常通り入る。エントリー後1本以内に終値がブレイク水準内へ戻れば次足始値で撤退,1,2018-06-15 14:00:00,2018-06-15 15:00:00,2018-06-26 07:00:00,short,3m,1282.029,1280.479,1286.9907518666105,1260.943744400169,1260.943744400169,2.9999999999999853,2.946251023200855,153,TP,1280.488,3.255875933305197,0.4732981328424257,2.3898330769935328,1.014780681967144,0.4246240843079144,0.7211155378485944,0.2788844621514056,0.7211155378485944,1.7447293056036628,5.0686820806611435,5.436632218977361,1.0,5.39332590052777,5.857102786051511,0.8333333333333334,5.867238307390812,6.5850175004166305,0.75,7.32030350302845,7.055244263156253,0.7083333333333334,False,True,0.35965743903862774,1.1548351586551497,False,True,0.35965743903862774,1.4794789785217761,False,True,0.35965743903862774,1.5786842328424466,False,True,0.35965743903862774,1.5786842328424466,False
XAUUSD,early_back_inside_1,通常通り入る。エントリー後1本以内に終値がブレイク水準内へ戻れば次足始値で撤退,1,2018-07-13 11:00:00,2018-07-13 12:00:00,2018-07-13 12:00:00,short,3m,1237.949,1237.902,1241.9384930230171,1225.7925209309487,1241.9384930230171,-0.9999999999999939,-1.0867089322350667,0,SL,1237.849,2.018246511508563,0.04954796127723278,1.9229563771668232,1.4908981548299076,0.7753156402988787,0.9842824014429475,0.01571759855705242,0.9842824014429475,1.0411010391979951,1.6152635376355806,1.5112128189535157,0.6666666666666666,3.55308430318554,3.9440177176623665,0.6666666666666666,4.414723349795459,3.993070199326727,0.6666666666666666,4.647598767798148,2.5660889145444283,0.5416666666666666,True,False,2.8088739248025423,0.7486696948979498,True,False,2.884682305556615,0.7486696948979498,True,False,2.884682305556615,0.7486696948979498,True,False,2.884682305556615,0.7486696948979498,True
XAUUSD,early_back_inside_1,通常通り入る。エントリー後1本以内に終値がブレイク水準内へ戻れば次足始値で撤退,1,2018-08-13 07:00:00,2018-08-13 08:00:00,2018-08-13 09:00:00,short,3m,1204.5,1204.468,1209.0490020123293,1190.7249939630124,1204.908,-0.09604885542848822,-0.17245135406484544,1,early_back_inside,1204.469,2.2905010061646327,0.013534156901270055,2.1654651042067825,1.4795889593057474,0.6832661290322322,0.826411290322561,0.17358870967743897,0.826411290322561,1.1477375591846222,1.0665788809632233,1.637196399349874,0.3333333333333333,1.161754564978696,1.8070282391757222,0.6666666666666666,2.903294948180483,3.1521488008816356,0.6666666666666666,4.978823396849588,1.8118306819471341,0.4583333333333333,True,False,0.6675395452282537,0.45404913475301584,True,True,0.6675395452282537,1.4586328453941675,True,True,0.6675395452282537,1.4979255589785287,True,True,0.6675395452282537,4.217417924725311,True
XAUUSD,early_back_inside_1,通常通り入る。エントリー後1本以内に終値がブレイク水準内へ戻れば次足始値で撤退,1,2018-09-27 12:00:00,2018-09-27 13:00:00,2018-09-28 15:00:00,short,3m,1187.698,1187.028,1191.8400742800775,1172.5917771597678,1191.8400742800775,-1.000000000000015,-1.0727337068443132,25,SL,1186.978,2.4060371400386975,0.29924725101643573,2.9633790274265817,2.664131776410051,0.8990182328190401,0.9537166900420547,0.04628330995794524,0.9537166900420547,1.1826333646919365,1.8632297587592819,3.6865598840495166,1.0,1.8632297587592819,3.366531573934737,0.6666666666666666,2.3399472544756974,3.869433204115132,0.5,4.0190568296233025,4.335344549100466,0.4583333333333333,False,True,0.0502901630179828,1.5419545850985354,False,True,0.3383156421212845,1.7830148706395137,False,True,0.3383156421212845,2.0689622438330284,False,True,0.3383156421212845,2.0689622438330284,False
XAUUSD,early_back_inside_1,通常通り入る。エントリー後1本以内に終値がブレイク水準内へ戻れば次足始値で撤退,1,2018-10-11 14:00:00,2018-10-11 15:00:00,2018-10-23 11:00:00,long,3m,1212.609,1215.888,1208.8163813053332,1237.1028560840002,1237.1028560840002,2.999999999999995,2.9505063811961283,180,TP,1215.879,3.5358093473333896,0.9248236199347474,3.06011974547216,2.282645699233427,0.7459334565619187,0.9326247689463913,0.0673752310536087,0.9326247689463913,1.6107130781834404,2.144912028619333,3.4277866280150153,0.6666666666666666,3.8248668611613756,5.025157822324312,0.6666666666666666,5.252262827464348,6.5588943638858295,0.5833333333333334,6.802968609758598,7.765407379984216,0.625,False,True,0.2887599131355791,1.363195672197449,False,True,0.2887599131355791,1.363195672197449,False,True,0.2887599131355791,2.648050016345303,False,True,0.2887599131355791,2.9421835223795867,False
XAUUSD,early_back_inside_1,通常通り入る。エントリー後1本以内に終値がブレイク水準内へ戻れば次足始値で撤退,1,2018-12-04 04:00:00,2018-12-04 05:00:00,2018-12-07 19:00:00,long,3m,1236.418,1236.965,1232.933655299046,1249.0590341028617,1249.0590341028617,3.0000000000000226,2.913180334116001,83,TP,1236.953,2.0156723504769465,0.26542012141680205,0.8270193315919983,0.7714547454263194,0.9328134373126225,0.9988002399520379,0.0011997600479620916,0.9988002399520379,0.9994808494043331,2.341650416985273,1.0095886861366938,1.0,2.7797176454170685,3.283271707544132,0.8333333333333334,2.993045967303469,1.983457281166775,0.5,6.06398157771425,6.036695397007709,0.625,False,True,0.34975922541831306,0.358193135818498,False,True,0.34975922541831306,0.6608216854713171,False,False,0.34975922541831306,0.677193393895106,False,True,0.42913720565514213,2.0548974633798873,False
XAUUSD,early_back_inside_1,通常通り入る。エントリー後1本以内に終値がブレイク水準内へ戻れば次足始値で撤退,1,2019-02-18 13:00:00,2019-02-18 14:00:00,2019-02-18 15:00:00,long,3m,1326.248,1326.838,1323.3575546972093,1337.2793359083723,1326.125,-0.20485884361643078,-0.3054206883089724,1,early_back_inside,1326.838,1.7402226513954095,0.33903707639181835,1.4653297369479974,0.5631463302780242,0.3843137254901758,0.7227450980391934,0.2772549019608066,0.7227450980391934,0.8913088387166956,1.2986843943145978,1.3636186140303603,0.6666666666666666,2.7467749578866227,2.8576803066046303,0.6666666666666666,2.7467749578866227,1.2527132653123527,0.5,6.832459047964938,5.17749840388255,0.5416666666666666,True,False,0.833226713166475,0.25858760063788955,True,False,0.8579361950051425,0.25858760063788955,True,False,0.8579361950051425,0.25858760063788955,True,False,0.9021834066698425,0.25858760063788955,True
XAUUSD,early_back_inside_1,通常通り入る。エントリー後1本以内に終値がブレイク水準内へ戻れば次足始値で撤退,1,2019-03-01 16:00:00,2019-03-01 17:00:00,2019-03-04 14:00:00,short,3m,1302.288,1301.328,1307.0390463621502,1284.194860913549,1284.194860913549,2.9999999999999933,2.9387152584997764,20,TP,1301.325,2.8555231810751582,0.33724117751247873,1.6434816677737425,1.4543744654303024,0.8849350095887566,0.9424675047943782,0.057532495205621724,0.9424675047943782,1.3489449513098293,2.7403034413657905,1.5163596039761795,0.6666666666666666,2.7403034413657905,2.6264889214368448,0.6666666666666666,3.2141220427930204,4.125338599270128,0.6666666666666666,5.254728835488018,4.902779320015443,0.7083333333333334,False,True,0.17509926142912297,1.063552913920505,False,True,0.17509926142912297,1.8648071342201755,False,True,0.17509926142912297,3.2393363364387753,False,True,0.17509926142912297,3.9316788161295584,False
XAUUSD,early_back_inside_1,通常通り入る。エントリー後1本以内に終値がブレイク水準内へ戻れば次足始値で撤退,1,2019-04-16 12:00:00,2019-04-16 13:00:00,2019-04-23 13:00:00,short,3m,1280.848,1279.075,1283.1694050723752,1266.7917847828744,1266.7917847828744,2.9999999999999893,2.9145174955058515,92,TP,1279.075,2.0472025361876147,0.8660598883887985,3.2092574544357797,2.6831736982063483,0.8360730593607293,0.8665144596651505,0.1334855403348495,0.8665144596651505,1.092595742168367,1.2055475490940366,2.175163385784259,0.3333333333333333,2.3681096102138004,3.62592360491279,0.5,2.8453462210180733,3.9908117812389765,0.75,3.717267766857869,3.2385657416908744,0.6666666666666666,False,True,0.22469686895594973,2.84290386374676,False,True,0.22469686895594973,2.84290386374676,False,True,0.22469686895594973,2.84290386374676,False,True,0.22469686895594973,3.013868872735036,False
XAUUSD,early_back_inside_1,通常通り入る。エントリー後1本以内に終値がブレイク水準内へ戻れば次足始値で撤退,1,2019-05-13 13:00:00,2019-05-13 14:00:00,2019-05-16 12:00:00,long,3m,1295.708,1297.348,1292.1794707342267,1312.8535877973197,1292.1794707342267,-0.999999999999993,-1.0677175231100746,67,SL,1297.348,2.5842646328866477,0.634609930859897,3.2620498275300265,2.294656640243611,0.7034400948991908,0.7271648873072362,0.27283511269276384,0.7271648873072362,1.3702161608051386,3.3703978645061925,5.390314839560422,0.6666666666666666,3.7612247121699363,5.259910237914118,0.5,3.7612247121699363,4.7789223451952925,0.4166666666666667,3.7612247121699363,3.517441628973695,0.375,False,True,0.6628578119286989,0.5146531756364797,False,True,0.6628578119286989,0.6462186491074126,False,True,0.6628578119286989,1.2576111434724546,False,True,0.6628578119286989,1.4770159183490363,False
XAUUSD,early_back_inside_1,通常通り入る。エントリー後1本以内に終値がブレイク水準内へ戻れば次足始値で撤退,1,2019-07-18 19:00:00,2019-07-18 20:00:00,2019-07-19 11:00:00,long,3m,1439.138,1445.848,1436.1680618046964,1474.8878145859105,1436.1680618046964,-0.9999999999999994,-1.0361572556496221,14,SL,1445.788,4.839969097651763,1.3739757146851437,2.262411139218373,1.681828919930384,0.743378995433796,0.7966210045662028,0.20337899543379725,0.7966210045662028,1.4425313528725288,2.5089003163039867,4.0357695691645725,0.6666666666666666,4.471102927185901,5.706648005955385,0.8333333333333334,4.787220648008187,5.3188356125021174,0.6666666666666666,4.787220648008187,4.882262577144308,0.4583333333333333,False,True,0.2665306273599641,0.1859516004837199,False,False,1.4964971581149284,1.4669515149269565,False,False,1.4964971581149284,1.4669515149269565,False,False,1.4964971581149284,1.4669515149269565,False
XAUUSD,early_back_inside_1,通常通り入る。エントリー後1本以内に終値がブレイク水準内へ戻れば次足始値で撤退,1,2019-08-25 22:00:00,2019-08-25 23:00:00,2019-08-26 07:00:00,long,3m,1534.948,1547.408,1535.444101224253,1583.2996963272403,1535.444101224253,-1.0000000000000047,-1.029254677472674,8,SL,1547.428,5.981949387873414,2.0862764277644055,3.304942706482548,2.031110464530263,0.6145675265553922,0.6145675265553922,0.3854324734446079,0.6145675265553922,1.8514916116373261,0.8325045360790675,3.3567652780055712,0.3333333333333333,1.8706276623945335,3.2481050473928264,0.5,5.930006708500564,8.529493763928157,0.6666666666666666,6.137296994592541,8.279909572690006,0.5,False,False,0.6987688676326391,0.17218467312478186,False,False,0.6987688676326391,0.3042486457156314,False,False,0.966240204525534,0.3042486457156314,False,False,1.5680507125344811,0.3042486457156314,False
XAUUSD,early_back_inside_1,通常通り入る。エントリー後1本以内に終値がブレイク水準内へ戻れば次足始値で撤退,1,2019-09-04 17:00:00,2019-09-04 18:00:00,2019-09-04 19:00:00,long,3m,1555.048,1555.515,1546.7774017514296,1581.727794745712,1554.048,-0.16789510781639438,-0.20795188200573111,1,early_back_inside,1555.505,4.368799124285296,0.10460540459728032,2.2752247739534526,1.8373470081010426,0.8075452716297786,0.8538229376257579,0.1461770623742421,0.8538229376257579,1.0531031977458978,1.2326041657685367,2.0502201509357354,1.0,3.4833370835033306,4.51153725298012,0.8333333333333334,3.4833370835033306,3.1649429526613897,0.5,3.712690727718799,2.2104472476930304,0.4583333333333333,True,False,0.750091708676612,0.2616279594193492,True,False,0.750091708676612,0.2616279594193492,True,False,0.8714065105071211,0.2616279594193492,True,False,1.8648145104023184,0.2616279594193492,True
XAUUSD,early_back_inside_1,通常通り入る。エントリー後1本以内に終値がブレイク水準内へ戻れば次足始値で撤退,1,2019-11-07 15:00:00,2019-11-07 16:00:00,2019-11-12 15:00:00,short,3m,1473.925,1469.665,1477.6431233416884,1445.730629974935,1445.730629974935,3.000000000000002,2.9561300339678565,68,TP,1469.675,3.989061670844153,1.0654134607802712,4.166393345451349,3.6231578232134662,0.869614921780979,0.895908543922984,0.104091456077016,0.895908543922984,1.3895958703235454,1.6928793177997872,3.7184183208832593,0.3333333333333333,1.7781123946622452,4.02350259894666,0.5,2.79589560660762,5.424834656772982,0.5,3.2897460813693056,4.381982892809214,0.4166666666666667,False,True,0.46376821233968163,2.0924720369724477,False,True,0.46376821233968163,2.300541018724812,False,True,0.46376821233968163,2.300541018724812,False,True,0.46376821233968163,2.300541018724812,False
XAUUSD,early_back_inside_1,通常通り入る。エントリー後1本以内に終値がブレイク水準内へ戻れば次足始値で撤退,1,2019-12-24 01:00:00,2019-12-24 02:00:00,2019-12-24 15:00:00,long,3m,1486.708,1487.528,1484.1940128034678,1497.5299615895965,1497.5299615895965,2.999999999999987,2.895020592651276,13,TP,1487.515,1.6669935982660866,0.48410503845930336,1.9298214482324596,1.6058849912708724,0.8321417469692424,1.0,0.0,1.0,0.993101384800124,0.7978434958498454,1.337737590785915,0.3333333333333333,1.3275395912148698,1.7396587503494365,0.6666666666666666,3.3431442123094026,3.2795566855724974,0.5833333333333334,4.649088039726797,5.0750044923985635,0.6666666666666666,False,True,0.19796116814329828,1.2297587717986738,False,True,0.19796116814329828,1.2297587717986738,False,True,0.19796116814329828,1.2297587717986738,False,True,0.19796116814329828,2.2555575521771245,False
XAUUSD,early_back_inside_1,通常通り入る。エントリー後1本以内に終値がブレイク水準内へ戻れば次足始値で撤退,1,2020-02-18 15:00:00,2020-02-18 16:00:00,2020-02-20 12:00:00,long,3m,1593.488,1600.698,1594.8231348548848,1618.3225954353459,1618.3225954353459,2.9999999999999836,2.940424164409758,42,TP,1600.698,2.9374325725576464,2.4545244263163566,3.870727146632056,3.7457881085657583,0.9677220756376466,0.9929639401934981,0.0070360598065018825,0.9929639401934981,1.278980079272453,2.363628722873001,4.784109814566415,0.3333333333333333,2.363628722873001,4.102221822068293,0.5,2.8392141075559096,4.742236512980143,0.4166666666666667,4.54580647220559,6.949265896587456,0.5,False,True,0.2314946754362372,1.4706720557124064,False,True,0.2314946754362372,1.4706720557124064,False,False,0.2314946754362372,1.4706720557124064,False,True,0.24613330932415642,1.4706720557124064,False
XAUUSD,early_back_inside_1,通常通り入る。エントリー後1本以内に終値がブレイク水準内へ戻れば次足始値で撤退,1,2020-09-21 14:00:00,2020-09-21 15:00:00,2020-09-21 22:00:00,short,3m,1902.678,1896.638,1913.6018916309956,1845.7463251070126,1913.6018916309956,-0.9999999999999946,-1.0206320582336506,6,SL,1896.588,8.481945815497898,0.7179956265309692,3.8355585743729708,1.8403795944414207,0.47982048996404186,0.5631205237758581,0.4368794762241419,0.5631205237758581,1.6158901596963426,2.70067747404671,4.2793246726098495,0.6666666666666666,4.352774799921642,4.987888501091133,0.8333333333333334,5.103781719626418,6.585752988180471,0.6666666666666666,5.705058845292722,5.883084033480225,0.625,False,False,1.002953825106544,1.2426393930437123,False,False,1.1660060338901785,1.2426393930437123,True,False,1.5338461578272051,1.2426393930437123,True,False,1.9850397970281823,1.2426393930437123,True
XAUUSD,early_back_inside_1,通常通り入る。エントリー後1本以内に終値がブレイク水準内へ戻れば次足始値で撤退,1,2020-10-28 14:00:00,2020-10-28 15:00:00,2020-10-28 15:00:00,short,3m,1872.748,1871.778,1882.026721585135,1841.031835244595,1882.026721585135,-0.9999999999999903,-1.0341506008425172,0,SL,1871.878,5.124360792567522,0.16977727275994775,1.5748305645662297,0.8371775863678973,0.5315985130111371,0.8211895910780725,0.17881040892192743,0.8211895910780725,1.2468201095917864,4.606818480509813,3.8443819234143954,1.0,6.554963898857306,6.259707561287476,1.0,7.358966615835363,6.553012435952065,0.75,7.472151464341965,6.771576281344131,0.5833333333333334,True,False,2.222716249121332,0.5210405957114628,True,False,2.3885905960706664,0.5210405957114628,True,False,2.3885905960706664,0.5210405957114628,True,False,2.3885905960706664,0.5210405957114628,True
XAUUSD,early_back_inside_1,通常通り入る。エントリー後1本以内に終値がブレイク水準内へ戻れば次足始値で撤退,1,2020-11-23 14:00:00,2020-11-23 15:00:00,2020-11-24 11:00:00,short,3m,1850.398,1841.498,1852.6824374822002,1807.9446875533995,1807.9446875533995,3.0000000000000067,2.9687065173767495,19,TP,1841.538,5.592218741100081,1.5843443202396967,4.856748503127586,4.545065416200078,0.9358247422680431,0.9775405007363805,0.022459499263619412,0.9775405007363805,1.1945554322376652,1.1819995436551598,4.406122353352903,0.3333333333333333,2.263859942915905,4.89966527929665,0.6666666666666666,2.43910344560608,5.621561218439701,0.4166666666666667,3.079278690127306,4.60228778442547,0.5,False,True,0.29558929586413996,1.428771006627013,False,True,0.29558929586413996,1.9241021315778009,False,True,0.29558929586413996,1.9241021315778009,False,True,0.29558929586413996,1.9241021315778009,False
XAUUSD,early_back_inside_1,通常通り入る。エントリー後1本以内に終値がブレイク水準内へ戻れば次足始値で撤退,1,2020-12-17 13:00:00,2020-12-17 14:00:00,2020-12-21 10:00:00,long,3m,1884.718,1887.775,1875.604808717636,1924.2855738470926,1875.604808717636,-0.999999999999998,-1.028758792025504,42,SL,1887.765,6.085095641182091,0.5007316531524745,2.5500010049119775,0.7817461352301714,0.3065669910420903,0.8588644712251174,0.1411355287748825,0.8588644712251174,1.2266803682356802,1.8663634344773847,2.128479281795469,0.6666666666666666,2.32371039565995,2.149021276099394,0.8333333333333334,3.4965761024368667,3.8421746146061078,0.5833333333333334,6.328906277061998,4.9613024642839205,0.625,False,True,0.34839222339458364,1.3726982273654427,False,True,0.34839222339458364,1.3726982273654427,True,False,0.6047563123075559,1.3726982273654427,True,False,0.8660504798535029,1.3726982273654427,True
XAUUSD,early_back_inside_1,通常通り入る。エントリー後1本以内に終値がブレイク水準内へ戻れば次足始値で撤退,1,2021-01-03 23:00:00,2021-01-04 00:00:00,2021-01-04 13:00:00,long,3m,1906.638,1913.025,1904.0991017782412,1939.802694665277,1939.802694665277,3.0000000000000004,2.9607882600378606,13,TP,1913.035,4.462949110879473,1.433357145929805,2.5924561792101506,1.8008271661462563,0.6946413137424442,0.8424373379429667,0.15756266205703331,0.8424373379429667,0.9088304227674291,1.1584268320239188,4.045979362834744,0.3333333333333333,1.9298898073930246,5.231966446374909,0.5,4.9368700947742346,6.6547924392862585,0.6666666666666666,4.9368700947742346,6.744419273485421,0.6666666666666666,False,True,0.7118611306267106,0.10598373144047492,False,True,0.7118611306267106,1.259257020497912,False,True,0.7118611306267106,1.9583463272512414,False,True,0.7118611306267106,2.713452405378983,False
XAUUSD,early_back_inside_1,通常通り入る。エントリー後1本以内に終値がブレイク水準内へ戻れば次足始値で撤退,1,2021-02-04 14:00:00,2021-02-04 15:00:00,2021-02-05 07:00:00,short,3m,1802.948,1785.738,1799.511310901729,1744.4180672948132,1799.511310901729,-1.0000000000000042,-1.025411464425468,15,SL,1785.745,6.88665545086448,2.498019557206207,3.3941003970317536,3.2756103686250952,0.9650894155899802,0.973175323008473,0.026824676991526998,0.973175323008473,1.1012258761164417,1.918057334833226,3.901748852068261,0.3333333333333333,2.919995075036845,5.247830424776581,0.6666666666666666,3.01626822311728,5.36051211845746,0.5833333333333334,5.21675583399343,7.594397654007066,0.5833333333333334,False,False,1.4085211710108725,0.1244435715006465,False,False,1.4085211710108725,0.1244435715006465,False,False,1.4085211710108725,0.1244435715006465,False,False,1.4584728496529147,0.1244435715006465,False
XAUUSD,early_back_inside_1,通常通り入る。エントリー後1本以内に終値がブレイク水準内へ戻れば次足始値で撤退,1,2021-06-29 12:00:00,2021-06-29 13:00:00,2021-06-29 16:00:00,short,3m,1760.767,1754.678,1765.700972345876,1721.6090829623727,1765.700972345876,-0.9999999999999983,-1.0317518713662626,3,SL,1754.678,5.511486172937916,1.1047836842806011,4.599485366482741,2.8540396376636217,0.6205128205128145,0.8347140039447705,0.16528599605522956,0.8347140039447705,1.3953289942711316,1.6238814213025992,3.118940964490643,0.3333333333333333,2.570994384341657,3.915459337621206,0.6666666666666666,2.6635284094661604,3.8084101713006735,0.6666666666666666,3.3947286472146962,3.6033838019071833,0.5416666666666666,False,False,0.821919870223541,0.6187078934795495,False,True,0.821919870223541,0.6187078934795495,True,False,1.6741400976937186,0.6187078934795495,True,False,2.0230478041925886,0.6187078934795495,True
XAUUSD,early_back_inside_1,通常通り入る。エントリー後1本以内に終値がブレイク水準内へ戻れば次足始値で撤退,1,2021-08-06 12:00:00,2021-08-06 13:00:00,2021-08-08 22:00:00,short,3m,1789.407,1776.348,1785.6637664712696,1748.400700586191,1748.400700586191,2.999999999999992,2.9624292857619787,8,TP,1776.378,4.657883235634825,2.797193347467901,5.556171911310892,4.972215667154566,0.8948995363214831,0.9629057187016989,0.03709428129830109,0.9629057187016989,1.3987664864290479,1.1685565576995736,4.798316932681556,0.6666666666666666,1.5936423530780752,5.064532279282234,0.8333333333333334,1.9407957526371735,5.435945625749309,0.8333333333333334,4.330937247560826,7.86838101041514,0.75,False,True,-0.006440693869365319,2.8596680780007886,False,True,-0.006440693869365319,3.38222304060243,False,True,-0.006440693869365319,3.8193314645371,False,True,-0.006440693869365319,3.821478362493555,False
XAUUSD,early_back_inside_1,通常通り入る。エントリー後1本以内に終値がブレイク水準内へ戻れば次足始値で撤退,1,2021-09-16 11:00:00,2021-09-16 12:00:00,2021-09-16 13:00:00,short,3m,1774.358,1771.207,1779.1807886613146,1747.2856340160565,1747.2856340160565,2.999999999999997,2.9561061855453716,1,TP,1771.227,3.9868943306572686,0.7853230460421282,2.1497936210882522,2.0667716063198456,0.9613814024034644,0.9813323999533212,0.01866760004667874,0.9813323999533212,1.0913654553301562,2.7913957775162395,3.353738246128926,0.6666666666666666,4.206281533735891,3.903037981303753,0.6666666666666666,5.20354899814462,5.954760279810603,0.6666666666666666,7.893361947923001,7.810841576748293,0.625,False,True,0.48157785001623543,2.726182110326538,False,True,0.48157785001623543,6.523624115142335,False,True,0.48157785001623543,6.523624115142335,False,True,0.48157785001623543,6.523624115142335,False
XAUUSD,early_back_inside_1,通常通り入る。エントリー後1本以内に終値がブレイク水準内へ戻れば次足始値で撤退,1,2021-10-22 12:00:00,2021-10-22 13:00:00,2021-10-22 15:00:00,long,3m,1800.458,1805.728,1797.2599975013318,1831.1320074960054,1797.2599975013318,-0.9999999999999866,-1.0413320614932577,2,SL,1805.698,4.234001249334199,1.2376000127123261,3.677372556857024,3.1648549943406974,0.8606294155427197,0.928066795118825,0.07193320488117505,0.928066795118825,1.1294767902808767,1.0779401637441113,2.992441252111686,0.6666666666666666,2.038261089638834,3.0066122446236463,0.6666666666666666,2.7288607913889886,4.873404324867578,0.6666666666666666,4.3939524115458255,6.477088310805922,0.625,False,True,0.5739251967349286,0.9107224521028081,False,True,0.5739251967349286,1.5635328404876812,True,False,5.410957307488443,1.9012748286897236,True,False,5.410957307488443,1.9012748286897236,True
XAUUSD,early_back_inside_1,通常通り入る。エントリー後1本以内に終値がブレイク水準内へ戻れば次足始値で撤退,1,2021-11-05 16:00:00,2021-11-05 17:00:00,2021-11-05 18:00:00,long,3m,1813.748,1813.898,1802.9458892656642,1846.7543322030072,1813.644,-0.023191876539706214,-0.05514918673223914,1,early_back_inside,1813.974,5.476055367167865,0.0412705834486055,1.401738931644485,0.7560186525544609,0.5393434080250012,0.8150078165711196,0.18499218342888035,0.8150078165711196,1.4268315777327134,3.8671997596971597,2.6964665274442994,1.0,4.896042534695221,3.630350437870303,0.5,4.896042534695221,3.369944013101549,0.5,4.896042534695221,3.9857157272111565,0.5,True,False,0.2585802927577546,0.2300926333861457,True,True,0.29400725377117,0.4181842305192612,True,True,0.29400725377117,0.7275309931828935,True,False,0.29400725377117,0.8124461316944329,True
XAUUSD,early_back_inside_1,通常通り入る。エントリー後1本以内に終値がブレイク水準内へ戻れば次足始値で撤退,1,2022-01-19 15:00:00,2022-01-19 16:00:00,2022-01-21 08:00:00,long,3m,1831.624,1838.168,1829.5146765787274,1864.1279702638171,1829.5146765787274,-1.0000000000000069,-1.0404468876246775,38,SL,1838.188,4.326661710636214,1.5171049735327873,2.867337644979808,2.574733303649482,0.8979526035789251,0.9669514750927086,0.03304852490729132,0.9669514750927086,1.3367052953374678,2.7194175988096707,4.7380639788881425,1.0,3.253085390382967,4.93914279165074,0.8333333333333334,4.20901868875766,6.150238169668979,0.75,4.20901868875766,4.643302699310413,0.5416666666666666,False,True,0.254237579355005,0.693375216422655,False,True,0.254237579355005,1.0114033156885074,False,True,0.254237579355005,1.0576283301166423,False,True,0.254237579355005,1.1856716200827129,False
XAUUSD,early_back_inside_1,通常通り入る。エントリー後1本以内に終値がブレイク水準内へ戻れば次足始値で撤退,1,2022-02-11 18:00:00,2022-02-11 19:00:00,2022-02-15 12:00:00,long,3m,1853.748,1857.108,1846.356660410045,1889.3620187698648,1846.356660410045,-1.0000000000000058,-1.0325540828723525,39,SL,1857.048,5.3756697949774805,0.6138769913068626,3.871889605170037,3.0786861230692995,0.7951378879600304,0.8520226770442996,0.14797732295570046,0.8520226770442996,1.75536712052098,2.097599076962521,3.9511355440478626,1.0,2.9774894311690394,4.963846556373493,0.8333333333333334,3.71600205404428,6.36274200323036,0.75,3.865564811926292,4.081351875537207,0.5416666666666666,False,True,1.0566125183706263,0.9505792198721362,False,True,1.0566125183706263,1.549574344723088,False,True,1.0566125183706263,1.549574344723088,False,True,1.0566125183706263,1.549574344723088,False
XAUUSD,early_back_inside_1,通常通り入る。エントリー後1本以内に終値がブレイク水準内へ戻れば次足始値で撤退,1,2022-03-06 23:00:00,2022-03-07 00:00:00,2022-03-07 13:00:00,long,3m,1974.398,1988.608,1972.6337282991042,2036.5308151026875,1972.6337282991042,-0.9999999999999939,-1.0219102320627493,13,SL,1988.608,7.987135850447934,1.7791108434950575,2.14920596336636,1.7698459453656588,0.8234882908074109,0.8397996038681108,0.1602003961318892,0.8397996038681108,1.099185475870836,0.7775002349123109,2.710358306824824,1.0,1.764086684366302,3.256486491154561,0.8333333333333334,3.8649649358685494,5.1969818439575075,0.75,5.1520345678973385,6.656954507292871,0.6666666666666666,False,False,0.22035433388819683,0.20783420128092425,False,True,0.22035433388819683,1.5439827531302732,False,False,0.2341264797561967,1.5439827531302732,False,False,0.682222025770884,1.5439827531302732,False
XAUUSD,early_back_inside_1,通常通り入る。エントリー後1本以内に終値がブレイク水準内へ戻れば次足始値で撤退,1,2022-05-10 14:00:00,2022-05-10 15:00:00,2022-05-12 22:00:00,short,3m,1850.308,1849.802,1862.1724017498486,1812.6907947504537,1812.6907947504537,2.999999999999993,2.971706658597042,52,TP,1849.812,6.1852008749243765,0.08019141334777731,2.358532939349092,1.1640689034352625,0.4935563476830314,0.6823416506717989,0.31765834932820114,0.6823416506717989,1.1003447862691267,1.5674511137228784,1.697762160413035,0.3333333333333333,1.6499059943828742,2.0720426481147594,0.3333333333333333,1.8204744239834671,1.6565347200830187,0.4166666666666667,3.2157403457399085,2.1674316277018386,0.5416666666666666,False,True,0.049149575922836,1.374086334763333,False,True,0.049149575922836,1.374086334763333,False,True,0.049149575922836,1.6287264073898022,False,True,0.049149575922836,2.3320180365486243,False
XAUUSD,early_back_inside_1,通常通り入る。エントリー後1本以内に終値がブレイク水準内へ戻れば次足始値で撤退,1,2022-06-14 18:00:00,2022-06-14 19:00:00,2022-06-14 20:00:00,short,3m,1807.228,1807.156,1818.1379770571402,1774.2100688285789,1808.358,-0.10945205892762903,-0.1413224587817764,1,early_back_inside,1807.156,5.4909885285701865,0.013112393082865298,0.9087616872693356,0.7452210068749907,0.8200400801603388,0.9883767535070155,0.011623246492984492,0.9883767535070155,1.1061511788101503,1.1300333205423148,0.5849584247513208,0.6666666666666666,2.42852446888509,2.3350986681698407,0.6666666666666666,4.053914861445965,4.115288145736497,0.6666666666666666,4.076679432770347,3.9094964209641043,0.625,True,False,0.5904219218691675,0.3993816393149568,True,False,0.5904219218691675,0.3993816393149568,True,False,0.5904219218691675,0.3993816393149568,True,False,1.8670590817405148,0.3993816393149568,True
XAUUSD,early_back_inside_1,通常通り入る。エントリー後1本以内に終値がブレイク水準内へ戻れば次足始値で撤退,1,2022-09-15 04:00:00,2022-09-15 05:00:00,2022-09-15 06:00:00,short,3m,1688.668,1687.314,1694.5077940005879,1665.7326179982365,1688.824,-0.2099031470565589,-0.2585561943875686,1,early_back_inside,1687.324,3.5968970002939447,0.37365540350196,1.778199375594371,1.4634836637161734,0.823014383989983,0.9146341463414551,0.08536585365854482,0.9146341463414551,0.8523289564976787,1.698686395384913,2.38260923215193,0.6666666666666666,2.1702039283755195,2.8190965710642297,0.5,4.551145056047569,4.501101921649898,0.5833333333333334,4.641778732789815,3.6058858507597233,0.5416666666666666,True,False,0.6199788317034874,0.38533213486143775,True,False,0.6377719461559226,0.38533213486143775,True,False,0.6700219661010324,0.493758926056245,True,True,1.090940329867467,0.493758926056245,True
XAUUSD,early_back_inside_1,通常通り入る。エントリー後1本以内に終値がブレイク水準内へ戻れば次足始値で撤退,1,2022-11-08 15:00:00,2022-11-08 16:00:00,2022-11-10 15:00:00,long,3m,1683.84,1712.907,1700.4765267847015,1750.1984196458952,1750.1984196458952,3.000000000000009,2.971843388909018,45,TP,1712.938,6.2152366076491985,4.6817203972876555,5.727859170507906,5.465761344981027,0.9542415730337104,0.9660112359550614,0.033988764044938544,0.9660112359550614,1.33264617975221,1.665423322301352,6.780111950707987,0.6666666666666666,2.51655745185154,6.688401846011662,0.6666666666666666,2.51655745185154,6.472802652514993,0.4166666666666667,2.7675535278625523,5.415723024699356,0.3333333333333333,False,True,0.10635154246365362,0.6114006979755572,False,True,0.46337737109728755,0.6114006979755572,False,False,0.46337737109728755,0.6114006979755572,False,False,0.7756744118263901,0.6114006979755572,False
XAUUSD,early_back_inside_1,通常通り入る。エントリー後1本以内に終値がブレイク水準内へ戻れば次足始値で撤退,1,2022-12-01 13:00:00,2022-12-01 14:00:00,2022-12-02 13:00:00,long,3m,1786.367,1789.187,1779.2128877008577,1819.1093368974266,1779.2128877008577,-0.9999999999999998,-1.0350908421223846,22,SL,1789.318,4.987056149571118,0.5917318577321021,1.5439970533843372,0.9526662338479099,0.6170129870129804,0.6415584415584449,0.3584415584415551,0.6415584415584449,1.2199426977362027,1.7366959064106178,2.566644452379134,0.6666666666666666,2.111466100277524,2.8375457535638615,0.5,2.644846900537581,2.73107011260966,0.5833333333333334,8.075104589200029,5.742866962198307,0.5833333333333334,False,True,0.06436663040730319,2.8052621788112684,False,True,0.06436663040730319,2.9436203563223424,False,True,0.06436663040730319,2.9436203563223424,False,True,0.06436663040730319,2.9436203563223424,False
XAUUSD,early_back_inside_1,通常通り入る。エントリー後1本以内に終値がブレイク水準内へ戻れば次足始値で撤退,1,2022-12-13 13:00:00,2022-12-13 14:00:00,2022-12-14 19:00:00,long,3m,1809.758,1810.858,1800.9049387190346,1840.717183842896,1800.9049387190346,-0.9999999999999989,-1.0351650602884843,28,SL,1810.867,4.976530640482684,0.2228460106280707,5.364982540810851,4.405076866536436,0.821079441177578,0.9127308138881628,0.08726918611183719,0.9127308138881628,1.2504752786952935,1.5185277748570332,4.774209527964562,1.0,1.5185277748570332,4.623502126728255,0.6666666666666666,1.802460518786238,5.373020268876826,0.75,3.4483862834883654,4.350219372486393,0.5416666666666666,False,True,0.025921673012625806,2.7109247334386883,True,False,0.4485052260792439,2.7109247334386883,True,False,0.9643264247107124,2.7109247334386883,True,True,1.1357309757168188,2.7109247334386883,True
XAUUSD,early_back_inside_1,通常通り入る。エントリー後1本以内に終値がブレイク水準内へ戻れば次足始値で撤退,1,2022-12-27 15:00:00,2022-12-27 16:00:00,2022-12-27 17:00:00,long,3m,1824.358,1824.525,1814.4711874723812,1854.686437582857,1820.675,-0.3829393067976696,-0.4177519710520155,1,early_back_inside,1824.495,5.0269062638094875,0.027253342873380406,5.0388844889270645,3.278358325207943,0.6506119226213911,0.655744176865375,0.34425582313462505,0.655744176865375,1.290095709879236,1.847458359599874,3.1285644041593157,0.3333333333333333,1.847458359599874,3.1782967816655048,0.6666666666666666,1.847458359599874,3.9978863629675248,0.6666666666666666,4.0601512996052485,6.117082433261258,0.6666666666666666,True,False,1.1358875022413208,0.35608382294435187,True,False,2.760544810613535,0.35608382294435187,True,False,2.760544810613535,0.35608382294435187,True,False,2.760544810613535,0.35608382294435187,True
XAUUSD,early_back_inside_1,通常通り入る。エントリー後1本以内に終値がブレイク水準内へ戻れば次足始値で撤退,1,2023-04-04 14:00:00,2023-04-04 15:00:00,2023-04-06 13:00:00,long,3m,2009.695,2016.035,2002.6359012133996,2056.2322963598017,2002.6359012133996,-0.9999999999999989,-1.0261211597566646,44,SL,2015.995,6.699549393300238,0.9403617512395915,4.8619687814487795,3.5405366253020767,0.7282104810732785,0.7282104810732785,0.2717895189267216,0.7282104810732785,1.3914152023090942,2.1941774195590695,5.088401920596481,0.6666666666666666,2.1941774195590695,5.283937459346294,0.5,2.4315068139195275,5.264533169241368,0.5833333333333334,3.107671692191806,5.988611717695841,0.5,False,True,0.0791097981201526,1.0493243033673911,False,True,0.0791097981201526,1.3214321561467024,False,True,0.0791097981201526,1.3214321561467024,False,True,0.0791097981201526,1.3214321561467024,False
XAUUSD,early_back_inside_1,通常通り入る。エントリー後1本以内に終値がブレイク水準内へ戻れば次足始値で撤退,1,2023-05-03 22:00:00,2023-05-03 23:00:00,2023-05-04 06:00:00,long,3m,2048.538,2056.454,2037.7058406104497,2112.698478168652,2037.7058406104497,-0.9999999999999957,-1.018668499276528,7,SL,2056.454,9.37407969477526,0.8444562301312877,4.320850826836391,1.832713243261175,0.42415563894924774,0.42415563894924774,0.5758443610507522,0.42415563894924774,1.942004010874429,2.4954983061471476,3.584245183954102,0.6666666666666666,2.4954983061471476,3.5245059862692276,0.6666666666666666,3.507971029767141,4.2168406165815,0.5,3.507971029767141,4.28084689981529,0.5416666666666666,False,False,0.6503038376554098,0.016001570808411227,False,False,0.6503038376554098,0.06091264621082382,True,False,1.3834958120986196,0.06091264621082382,True,False,1.9318163051348272,0.06091264621082382,True
XAUUSD,early_back_inside_1,通常通り入る。エントリー後1本以内に終値がブレイク水準内へ戻れば次足始値で撤退,1,2023-05-18 12:00:00,2023-05-18 13:00:00,2023-05-19 15:00:00,short,3m,1971.515,1966.878,1974.7364007249291,1943.3027978252123,1974.7364007249291,-1.0000000000000042,-1.0445383243043163,25,SL,1966.918,3.929200362464582,1.169958153296298,2.3447518960883764,1.8214902116905387,0.7768370780419168,0.9150113969391181,0.08498860306088188,0.9150113969391181,0.9236894625745474,1.3106992580978398,2.6483760154885654,0.6666666666666666,2.3847091356070678,2.635905284683368,0.6666666666666666,3.5299803320032184,4.203399795484202,0.6666666666666666,4.204417814325419,5.193423118591122,0.6666666666666666,False,True,0.2995520440352052,2.657029175639025,False,True,0.2995520440352052,3.207522864040111,False,True,0.2995520440352052,3.8259693100940484,False,True,0.2995520440352052,3.8259693100940484,False
XAUUSD,early_back_inside_1,通常通り入る。エントリー後1本以内に終値がブレイク水準内へ戻れば次足始値で撤退,1,2023-11-27 01:00:00,2023-11-27 02:00:00,2023-11-28 16:00:00,long,3m,2009.395,2011.965,2004.1942433441454,2035.2772699675634,2035.2772699675634,2.9999999999999956,2.95495934109113,37,TP,2011.905,3.885378327927248,0.6460117363497555,4.130871859925731,2.519703146957811,0.6099688473520244,0.6149532710280323,0.3850467289719677,0.6149532710280323,1.0520649198581387,1.2140387889887347,2.9340772089191836,0.6666666666666666,1.831739254024383,2.8071912383931314,0.6666666666666666,3.1067759639354064,4.806996493945963,0.6666666666666666,3.719071549902004,5.515550402380618,0.5416666666666666,False,False,1.1908750215499198,0.023163767438814868,False,False,1.1908750215499198,0.023163767438814868,False,True,1.1908750215499198,0.4426853332755383,False,False,1.1908750215499198,0.4426853332755383,False
XAUUSD,early_back_inside_1,通常通り入る。エントリー後1本以内に終値がブレイク水準内へ戻れば次足始値で撤退,1,2024-02-13 14:00:00,2024-02-13 15:00:00,2024-02-15 14:00:00,short,3m,2001.755,1995.645,2005.8616777701372,1964.9949666895882,2005.8616777701372,-0.999999999999999,-1.0342577115452496,45,SL,1995.615,5.108338885068639,1.2019562793586274,2.6290346631573582,1.7011400761606463,0.6470588235294128,0.7617274758004445,0.2382725241995555,0.7617274758004445,1.5281328982516098,5.85708988247714,6.254479336401885,0.3333333333333333,5.85708988247714,5.96279939238815,0.3333333333333333,5.85708988247714,4.546096201228811,0.3333333333333333,5.85708988247714,4.570957511893059,0.4166666666666667,False,True,0.04502442088802959,1.1021195199982237,False,True,0.4189228726103487,1.1021195199982237,False,True,0.4189228726103487,1.1021195199982237,False,True,0.4189228726103487,1.1021195199982237,False
XAUUSD,early_back_inside_1,通常通り入る。エントリー後1本以内に終値がブレイク水準内へ戻れば次足始値で撤退,1,2024-06-07 13:00:00,2024-06-07 14:00:00,2024-06-07 15:00:00,short,3m,2311.968,2309.415,2330.530863270963,2246.0674101871105,2313.265,-0.18232737873871857,-0.19890259498768906,1,early_back_inside,2309.405,10.557931635481614,0.24275588140638046,2.179404147936651,0.9263177995141108,0.42503259452410486,0.8031290743155082,0.19687092568449183,0.8031290743155082,1.7019628727219673,2.451332409941226,2.282644066287379,0.6666666666666666,6.235217490778644,6.065581991910548,0.8333333333333334,7.0270392498724945,5.827846033139518,0.6666666666666666,7.0270392498724945,4.546345028290233,0.5,True,False,1.0987000485034644,0.1771180250605064,True,True,1.0987000485034644,0.47263045189936115,True,False,1.0987000485034644,0.6115781218264907,True,True,1.0987000485034644,2.072091462164735,True
XAUUSD,early_back_inside_1,通常通り入る。エントリー後1本以内に終値がブレイク水準内へ戻れば次足始値で撤退,1,2024-11-11 13:00:00,2024-11-11 14:00:00,2024-11-13 16:00:00,short,3m,2637.955,2635.375,2651.9409643083973,2585.6771070748086,2585.6771070748086,3.0000000000000027,2.9788723437112288,48,TP,2635.385,8.282982154198551,0.31027472378375276,2.8142038176654003,2.6246585583889033,0.9326469326469254,0.9476619476619366,0.052338052338063386,0.9476619476619366,0.9431662304236379,2.252811807706396,3.1896724522830966,0.6666666666666666,2.252811807706396,4.113252855764032,0.6666666666666666,3.4009490151709447,4.518903856508611,0.6666666666666666,5.718954733711284,6.810349092857366,0.625,False,True,0.019316714321152107,2.14415528964986,False,True,0.019316714321152107,2.663291987031317,False,True,0.019316714321152107,2.749009906831512,False,True,0.019316714321152107,3.002541782296853,False
XAUUSD,early_back_inside_1,通常通り入る。エントリー後1本以内に終値がブレイク水準内へ戻れば次足始値で撤退,1,2024-12-12 00:00:00,2024-12-12 01:00:00,2024-12-12 01:00:00,long,3m,2721.185,2724.915,2711.19320518583,2766.080384442511,2711.19320518583,-0.9999999999999911,-1.0255068673405863,0,SL,2723.575,6.860897407085138,0.3483509311087728,0.6704662272386647,0.6500607333662017,0.9695652173913314,0.9717391304347583,0.028260869565241677,0.9717391304347583,0.9530182927991837,0.6267401689404635,0.9488554650703553,0.6666666666666666,1.1485377979654032,0.8176772901758181,0.6666666666666666,4.470406446877756,3.9660992411720697,0.75,6.800859600642808,4.048595737827997,0.625,True,False,3.7444081256002972,0.30608240808727555,True,False,3.7444081256002972,0.30608240808727555,True,False,3.7444081256002972,0.30608240808727555,True,False,3.7444081256002972,0.30608240808727555,True
XAUUSD,early_back_inside_1,通常通り入る。エントリー後1本以内に終値がブレイク水準内へ戻れば次足始値で撤退,1,2024-12-18 19:00:00,2024-12-18 20:00:00,2024-12-19 07:00:00,short,3m,2605.085,2604.465,2618.3869043607624,2562.699286917714,2618.3869043607624,-1.0000000000000073,-1.0251402387870485,10,SL,2604.435,6.960952180381076,0.09337802978047564,4.568771509396985,4.502688596013884,0.9855359557274459,0.9855359557274459,0.014464044272554101,0.9855359557274459,1.133850922613353,0.9869339455257964,4.342796677328285,0.6666666666666666,2.070119090979157,5.650089094254748,0.6666666666666666,2.3718019564237154,5.762142729991332,0.6666666666666666,2.6576823860593195,6.136085824635255,0.5833333333333334,False,True,0.6895608353019036,2.5049733927414097,False,True,0.6895608353019036,3.007778168482362,False,True,0.6895608353019036,3.1850527665578756,True,False,1.941257409882128,3.1850527665578756,False
USDJPY,early_back_inside_1,通常通り入る。エントリー後1本以内に終値がブレイク水準内へ戻れば次足始値で撤退,1,2015-03-06 13:00:00,2015-03-06 14:00:00,2015-03-10 03:00:00,long,3m,120.476,120.765,120.4191456123355,121.80256316299351,121.80256316299351,3.0000000000000124,2.971086097627632,38,TP,120.765,0.17292719383225047,1.671223557125136,5.933132766817904,4.724531647651354,0.7962962962963063,0.8460038986354758,0.1539961013645242,0.8460038986354758,1.3085366331492994,0.896330973544625,3.990118527392159,0.3333333333333333,1.4746090209927332,3.8108523326832837,0.3333333333333333,1.5150884843140497,4.365999258233438,0.4166666666666667,2.683210140159366,3.018611407679328,0.4583333333333333,False,True,0.06939336569377955,1.9777109222726348,False,True,0.06939336569377955,2.978131944357929,False,True,0.06939336569377955,2.978131944357929,False,False,0.8731998516466711,2.978131944357929,False
USDJPY,early_back_inside_1,通常通り入る。エントリー後1本以内に終値がブレイク水準内へ戻れば次足始値で撤退,1,2015-03-26 06:00:00,2015-03-26 07:00:00,2015-03-26 12:00:00,short,3m,118.679,118.603,118.94769664898442,117.56891005304672,118.94769664898442,-0.9999999999999943,-1.0290110160033519,5,SL,118.602,0.17234832449221313,0.4467696464521018,2.07718874584223,1.7928807890091119,0.8631284916201292,0.9497206703910581,0.050279329608941874,0.9497206703910581,1.0216389070194947,2.843079568331677,4.154377491684542,0.6666666666666666,3.8468607220487714,4.56053171573196,0.8333333333333334,4.65336696694282,5.918247264690296,0.5833333333333334,5.2393894902111695,6.550687413564035,0.5,False,False,0.707868790482567,0.34813219204062024,False,True,0.707868790482567,1.5898036769854442,False,True,0.707868790482567,1.5898036769854442,True,False,2.45433195388629,1.5898036769854442,False
USDJPY,early_back_inside_1,通常通り入る。エントリー後1本以内に終値がブレイク水準内へ戻れば次足始値で撤退,1,2015-05-19 14:00:00,2015-05-19 15:00:00,2015-05-20 18:00:00,long,3m,120.505,120.677,120.41588838175579,121.46033485473266,121.46033485473266,3.0000000000000124,2.9617022020420607,27,TP,120.678,0.13055580912210912,1.3251038093463505,2.5353142248186282,1.8612729807581108,0.7341389728096773,0.9123867069486485,0.08761329305135147,0.9123867069486485,1.028686434473961,3.2246745880624132,4.251055573336457,0.6666666666666666,3.929354070489357,5.101266688003792,0.6666666666666666,4.825522542706278,5.346372594934879,0.6666666666666666,5.484244667583636,6.40339181857535,0.625,False,False,0.8731897934421278,0.3370206220302586,False,False,1.263827332613497,0.3370206220302586,False,True,1.263827332613497,0.3370206220302586,False,True,1.263827332613497,0.4672331350874906,False
USDJPY,early_back_inside_1,通常通り入る。エントリー後1本以内に終値がブレイク水準内へ戻れば次足始値で撤退,1,2015-12-09 13:00:00,2015-12-09 14:00:00,2015-12-09 18:00:00,short,3m,122.223,122.093,122.38621499438587,121.21335501684241,121.21335501684241,2.999999999999984,2.9658953321233095,4,TP,122.101,0.14660749719293242,0.8321538961916144,3.3763621197937823,2.660164094383036,0.7878787878788044,0.8040404040404119,0.19595959595958806,0.8040404040404119,1.03006934595258,1.9644288696983134,3.819722802191036,1.0,2.6942687622598074,4.269904418163566,0.6666666666666666,4.119843879506121,5.333970055916723,0.6666666666666666,4.399502156095084,4.917893107820964,0.625,False,True,0.4501816159725302,1.841652065342072,False,True,1.1049912392053014,1.841652065342072,False,True,1.1049912392053014,2.3259383491912766,False,True,1.1049912392053014,6.998277848299951,False
USDJPY,early_back_inside_1,通常通り入る。エントリー後1本以内に終値がブレイク水準内へ戻れば次足始値で撤退,1,2016-01-20 08:00:00,2016-01-20 09:00:00,2016-01-20 09:00:00,short,long,116.182,116.093,116.62856034817688,114.4863189554694,116.62856034817688,-1.0000000000000129,-1.018672032076384,0,SL,116.093,0.2677801740884328,0.33236217095970266,3.0584788541123764,2.5618028008804172,0.8376068376068262,0.910866910866902,0.089133089133098,0.910866910866902,1.19486028633367,2.1771589401068434,2.976321912976248,0.6666666666666666,3.5812957522512447,4.257223313416483,0.8333333333333334,4.712820896080352,5.515718275364999,0.75,6.341022093141418,6.475460724091365,0.625,True,False,3.2377303620456557,0.44439436341803534,True,False,3.2377303620456557,0.44439436341803534,True,False,3.2377303620456557,0.44439436341803534,True,False,3.2377303620456557,0.44439436341803534,True
USDJPY,early_back_inside_1,通常通り入る。エントリー後1本以内に終値がブレイク水準内へ戻れば次足始値で撤退,1,2016-03-17 11:00:00,2016-03-17 12:00:00,2016-03-17 12:00:00,short,3m,111.042,110.764,111.37621735986453,108.92734792040639,111.37621735986453,-0.9999999999999953,-1.0163340680215287,0,SL,110.764,0.30610867993226665,0.9081741819981043,1.9960231122331693,1.7412116510970528,0.8723404255319313,0.9885433715221098,0.01145662847789019,0.9885433715221098,1.4453158731652695,2.172431046865944,3.0904056696769313,1.0,3.78297015379059,4.622541250098189,0.8333333333333334,6.004403404721181,6.631631616748613,0.75,8.817129918031766,8.96740334383003,0.625,True,False,4.031247987718149,0.3201477332223433,True,False,4.031247987718149,0.3201477332223433,True,False,4.031247987718149,0.3201477332223433,True,False,4.031247987718149,0.3201477332223433,True
USDJPY,early_back_inside_1,通常通り入る。エントリー後1本以内に終値がブレイク水準内へ戻れば次足始値で撤退,1,2016-04-05 06:00:00,2016-04-05 07:00:00,2016-04-05 07:00:00,short,3m,110.666,110.417,110.7925832735009,109.29025017949732,110.7925832735009,-0.9999999999999981,-1.0266252538532348,0,SL,110.419,0.18779163675044722,1.3152875403510838,2.689150639179318,1.8424675666456678,0.6851485148514985,0.8257425742574364,0.17425742574256367,0.8257425742574364,1.0231806130566488,1.8477926174163453,2.2897718313804662,0.3333333333333333,3.003328634647858,2.880852466922803,0.6666666666666666,3.519858559401087,4.419792139641286,0.5833333333333334,5.490127344542412,5.3197257198815615,0.5833333333333334,False,False,2.1513205113434544,0.6549812447901652,False,False,2.1513205113434544,0.6549812447901652,False,True,2.1513205113434544,0.6549812447901652,False,False,2.1513205113434544,0.8200578186804137,False
USDJPY,early_back_inside_1,通常通り入る。エントリー後1本以内に終値がブレイク水準内へ戻れば次足始値で撤退,1,2016-04-29 01:00:00,2016-04-29 02:00:00,2016-05-09 10:00:00,short,3m,107.628,107.38,108.02164014039741,105.45507957880777,108.02164014039741,-1.0000000000000069,-1.0155850598651788,152,SL,107.381,0.3208200701987045,0.7699019573401904,2.4063332431846987,1.2312197293496854,0.5116580310880835,0.6036269430051803,0.39637305699481973,0.6036269430051803,1.4171912074888304,1.418240447731925,2.3782801354274072,0.6666666666666666,1.418240447731925,1.979302602878644,0.5,3.0733738054147017,3.8869139303774,0.6666666666666666,12.901312556400997,13.66809750176818,0.5833333333333334,False,True,0.07792529932594795,0.3896264966296512,False,True,0.07792529932594795,0.7262637897176826,False,True,0.07792529932594795,0.7262637897176826,False,True,0.09974438313717972,1.4961657470578729,False
USDJPY,early_back_inside_1,通常通り入る。エントリー後1本以内に終値がブレイク水準内へ戻れば次足始値で撤退,1,2016-08-16 02:00:00,2016-08-16 03:00:00,2016-08-16 12:00:00,short,3m,100.679,100.615,100.95301035762344,99.60096892712967,99.60096892712967,3.000000000000017,2.970415107778663,9,TP,100.615,0.16900517881171973,0.3786866204337228,2.7632289334770044,1.710006770395847,0.6188436830835166,0.8158458244111376,0.18415417558886243,0.8158458244111376,0.9951705701658489,2.4082102268204157,3.8401190103352962,0.6666666666666666,2.4082102268204157,3.7809492258925874,0.5,2.4082102268204157,2.43187814059755,0.5833333333333334,3.1774174245763023,4.331228221210216,0.5833333333333334,False,True,0.0,1.573916266177432,False,True,0.0,1.573916266177432,False,True,0.0,2.254368787269255,False,True,0.0,2.7868968472540545,False
USDJPY,early_back_inside_1,通常通り入る。エントリー後1本以内に終値がブレイク水準内へ戻れば次足始値で撤退,1,2016-08-30 13:00:00,2016-08-30 14:00:00,2016-09-01 12:00:00,long,3m,102.655,102.72,102.37421573274955,103.75735280175135,103.75735280175135,2.999999999999987,2.971080234275805,46,TP,102.72,0.17289213362522635,0.37595695441469007,1.567451302252075,1.1336548163889395,0.723247232472315,0.9520295202951838,0.0479704797048162,0.9520295202951838,1.2171854526525097,2.267309632777879,2.2846614922124044,1.0,2.267309632777879,2.0128156944048667,0.8333333333333334,3.7364337315676703,2.967167963303765,0.75,4.6502983284526485,2.7415937906549344,0.5416666666666666,False,True,0.5726113613393389,0.7172101899603293,False,True,0.5726113613393389,1.3650129421826391,False,True,0.5726113613393389,2.2152540544743027,False,True,0.5726113613393389,2.4003405551092953,False
USDJPY,early_back_inside_1,通常通り入る。エントリー後1本以内に終値がブレイク水準内へ戻れば次足始値で撤退,1,2016-10-05 14:00:00,2016-10-05 15:00:00,2016-10-07 13:00:00,long,3m,103.357,103.551,103.16165229493437,104.71904311519691,103.16165229493437,-0.9999999999999841,-1.0256839834160545,46,SL,103.551,0.19467385253281885,0.996538556544451,2.326968897498109,2.0393082832378724,0.876379690949234,0.8962472406181088,0.10375275938189125,0.8962472406181088,1.054253283663333,1.7670580590272198,2.5221671714604046,0.6666666666666666,2.126633826852497,3.5187057280048557,0.8333333333333334,2.4040208477463203,3.4056962009740146,0.75,2.98961566963328,3.5392529147377556,0.7083333333333334,False,False,0.6626467721352439,0.03082078009931367,False,False,0.6626467721352439,0.1181463237140114,False,False,0.6626467721352439,0.1181463237140114,False,False,0.6626467721352439,0.5958684152533733,False
USDJPY,early_back_inside_1,通常通り入る。エントリー後1本以内に終値がブレイク水準内へ戻れば次足始値で撤退,1,2016-10-25 12:00:00,2016-10-25 13:00:00,2016-10-25 15:00:00,long,3m,104.635,104.758,104.51706345498447,105.4808096350466,104.51706345498447,-0.9999999999999815,-1.0415047040677938,2,SL,104.759,0.12046827250776683,1.029316660882646,2.49028224407099,1.709993807595455,0.6866666666666834,0.9033333333333445,0.09666666666665545,0.9033333333333445,0.9072533886570113,1.543974991323969,2.606495415461054,0.6666666666666666,2.0005267360703782,2.523486007325311,0.6666666666666666,2.7808151725459136,2.398971895121756,0.5833333333333334,5.785755747058345,6.831674289568093,0.5416666666666666,False,True,0.03320376325432076,0.9546081935605129,True,False,1.2119373587812334,0.9546081935605129,True,False,4.382896749565033,0.9546081935605129,True,False,5.345805883939155,0.9546081935605129,True
USDJPY,early_back_inside_1,通常通り入る。エントリー後1本以内に終値がブレイク水準内へ戻れば次足始値で撤退,1,2016-11-03 03:00:00,2016-11-03 04:00:00,2016-11-03 10:00:00,short,3m,102.808,102.607,103.0477803741989,101.28465887740332,103.0477803741989,-0.9999999999999957,-1.0226870355064326,6,SL,102.607,0.22039018709944808,0.9120188273596278,1.547255821540377,1.102589925613814,0.7126099706744847,0.8269794721407667,0.17302052785923325,0.8269794721407667,1.2366343846154242,2.722444260774944,2.9175527661304432,1.0,2.722444260774944,3.307769776841506,0.5,2.9175527661304432,2.822267217003318,0.4166666666666667,4.94577374040776,5.335990751118823,0.4583333333333333,False,False,0.6806110651937521,0.21779554086200067,True,False,1.0617532617021888,0.21779554086200067,True,False,1.093515111411252,0.21779554086200067,True,False,1.719677291389504,0.21779554086200067,True
USDJPY,early_back_inside_1,通常通り入る。エントリー後1本以内に終値がブレイク水準内へ戻れば次足始値で撤退,1,2017-04-11 14:00:00,2017-04-11 15:00:00,2017-04-14 14:00:00,short,3m,110.109,109.734,110.11890020959399,108.57929937121801,108.57929937121801,2.999999999999992,2.974019239920544,71,TP,109.734,0.19245010479699737,1.9485570059603876,3.7931909716029084,3.018964321234643,0.795890410958904,0.8589041095890495,0.1410958904109505,0.8589041095890495,1.0373082888906726,2.2707184309458257,4.4063369094784175,1.0,2.7591567204399396,4.785656006638745,0.8333333333333334,3.0501412333300104,4.9467367191315015,0.6666666666666666,5.585863417086459,7.300593582331591,0.6666666666666666,False,False,0.39490755320801146,0.46245752941459156,False,False,0.5975574818278995,0.46245752941459156,False,True,0.9612881229404696,0.46245752941459156,False,True,0.9612881229404696,0.6754997620662441,False
USDJPY,early_back_inside_1,通常通り入る。エントリー後1本以内に終値がブレイク水準内へ戻れば次足始値で撤退,1,2017-06-06 00:00:00,2017-06-06 01:00:00,2017-06-06 11:00:00,short,3m,110.237,110.168,110.42544441862248,109.3956667441326,109.3956667441326,2.9999999999999813,2.961156664209294,10,TP,110.168,0.1287222093112356,0.5360380339118814,2.2917568116525344,1.755718777740653,0.7661016949152837,0.9389830508474527,0.061016949152547274,0.9389830508474527,0.8773786628049041,1.3672854198334496,2.6102721651365455,0.6666666666666666,1.3672854198334496,2.3383688146014037,0.5,2.5947348308202924,3.705654234434853,0.5833333333333334,3.278377540736962,2.252913475861847,0.5,False,True,0.1709106774791122,2.0975401326990983,False,True,0.1709106774791122,3.4104448824254976,False,True,0.1709106774791122,3.4104448824254976,False,True,0.1709106774791122,4.622356959096088,False
USDJPY,early_back_inside_1,通常通り入る。エントリー後1本以内に終値がブレイク水準内へ戻れば次足始値で撤退,1,2018-01-10 07:00:00,2018-01-10 08:00:00,2018-01-15 00:00:00,short,3m,112.03,111.945,112.29811719165112,110.88564842504664,110.88564842504664,2.9999999999999925,2.971680789730924,64,TP,111.946,0.1765585958255594,0.4757627325207973,2.1069492440205932,1.025155411741188,0.48655913978493937,0.5026881720430045,0.4973118279569955,0.5026881720430045,1.6328113602480128,1.693488774091859,1.9370339824060228,0.3333333333333333,1.9370339824060228,1.2800283041630438,0.3333333333333333,3.9873448058884797,3.8684041227582804,0.4166666666666667,5.029491743791125,4.485762906624499,0.5,False,True,0.05663842053821699,0.8892232024495318,False,True,0.05663842053821699,1.2970198303245009,False,True,0.05663842053821699,3.65884196676695,False,True,0.05663842053821699,3.834421070435286,False
USDJPY,early_back_inside_1,通常通り入る。エントリー後1本以内に終値がブレイク水準内へ戻れば次足始値で撤退,1,2018-02-14 02:00:00,2018-02-14 03:00:00,2018-02-15 20:00:00,short,long,107.318,107.214,107.58864043988835,106.09007868033493,106.09007868033493,3.0000000000000098,2.973307740074811,41,TP,107.216,0.1873202199441781,0.544522102474576,2.802687292148401,2.439672557165452,0.8704761904762196,0.9123809523809657,0.08761904761903432,0.9123809523809657,0.8889492468690761,1.414689776036838,2.9361485917746237,0.6666666666666666,1.414689776036838,3.1710404791165727,0.3333333333333333,2.6265183766419207,2.204780669823503,0.3333333333333333,7.105479592094383,7.83684751404558,0.625,False,True,-0.005338451984994287,1.9485349745412737,False,True,-0.005338451984994287,2.007257946376742,False,True,0.26158414726722357,2.007257946376742,True,False,1.5161203637527156,2.007257946376742,False
USDJPY,early_back_inside_1,通常通り入る。エントリー後1本以内に終値がブレイク水準内へ戻れば次足始値で撤退,1,2018-03-02 10:00:00,2018-03-02 11:00:00,2018-03-05 16:00:00,short,3m,105.55,105.538,105.9518958981677,104.29631230549687,105.9518958981677,-1.0000000000000024,-1.0241606646605133,29,SL,105.535,0.20694794908385408,0.07248199398160093,1.0823977767918844,1.0727335109276939,0.9910714285714495,0.9910714285714495,0.008928571428550471,0.9910714285714495,1.2668040811787062,1.6912465262373322,0.9809229852176431,0.6666666666666666,2.5417019222880937,2.6335124479980756,0.5,3.2182005327830128,2.705994441979677,0.5,7.6106093680678235,5.94352350649107,0.5416666666666666,False,True,0.26093517833376334,1.2660188282119171,False,True,0.26093517833376334,1.377157885650349,False,True,0.26093517833376334,1.377157885650349,True,False,0.6813307434270488,1.377157885650349,False
USDJPY,early_back_inside_1,通常通り入る。エントリー後1本以内に終値がブレイク水準内へ戻れば次足始値で撤退,1,2018-03-22 22:00:00,2018-03-22 23:00:00,2018-03-26 19:00:00,short,3m,105.25,104.848,105.3347280732594,103.38781578022181,105.3347280732594,-1.0000000000000082,-1.0205453528353718,44,SL,104.847,0.24336403662969783,1.6559554385318225,2.827040550148589,1.914826884257647,0.6773255813953584,0.6976744186046545,0.3023255813953455,0.6976744186046545,1.620868937075002,1.6395191562634968,2.198352753385931,0.6666666666666666,2.272316023593251,3.172202477783022,0.5,2.280534164727385,3.1516571249476586,0.5833333333333334,3.3201290181977203,4.58161368229025,0.5833333333333334,False,False,0.5834880205248938,0.8300322545494301,False,True,0.9985041477996088,0.8300322545494301,False,False,0.9985041477996088,0.8300322545494301,False,True,0.9985041477996088,0.8300322545494301,False
USDJPY,early_back_inside_1,通常通り入る。エントリー後1本以内に終値がブレイク水準内へ戻れば次足始値で撤退,1,2018-04-05 14:00:00,2018-04-05 15:00:00,2018-04-05 23:00:00,long,3m,107.291,107.456,107.15104622039965,108.37086133880105,107.15104622039965,-1.0000000000000093,-1.0327918545987493,8,SL,107.455,0.1524768898001753,1.0755728308396604,2.4921809495064777,2.131470548920058,0.8552631578947546,0.9052631578947321,0.09473684210526788,0.9052631578947321,1.1977973699742601,1.1345981691174483,2.708607189858367,1.0,1.2788823293520721,2.2298461127163716,0.6666666666666666,2.0986786943213183,3.1480180414819308,0.5833333333333334,5.994351020655136,5.9287673114575625,0.6666666666666666,False,True,0.40661899702473037,0.19675112759262647,False,False,0.7542126557716727,0.19675112759262647,False,False,0.8853800741668192,0.19675112759262647,False,False,0.8853800741668192,0.2229846112716744,False
USDJPY,early_back_inside_1,通常通り入る。エントリー後1本以内に終値がブレイク水準内へ戻れば次足始値で撤退,1,2018-05-15 11:00:00,2018-05-15 12:00:00,2018-05-17 12:00:00,long,3m,110.036,110.101,109.87308003889598,110.78475988331205,110.78475988331205,2.9999999999999964,2.956124948637439,48,TP,110.102,0.11395998055200839,0.5791506779863113,2.3692527735802393,1.7286770236863722,0.7296296296296505,0.8518518518518792,0.14814814814812086,0.8518518518518792,0.9250061533055428,1.4040016436032203,1.22850143815274,0.6666666666666666,1.6321519106885707,1.9743773113169703,0.5,3.00105351320167,3.264303821377266,0.5,5.098280968333752,5.256231153239234,0.5833333333333334,False,True,0.8687260169794668,1.7462270442313705,False,True,0.8687260169794668,2.4131278249427974,False,True,0.8687260169794668,2.4131278249427974,False,True,0.8687260169794668,2.5710780098481547,False
USDJPY,early_back_inside_1,通常通り入る。エントリー後1本以内に終値がブレイク水準内へ戻れば次足始値で撤退,1,2018-05-29 08:00:00,2018-05-29 09:00:00,2018-05-29 09:00:00,short,3m,108.648,108.601,108.93350994916833,107.60347015249502,108.93350994916833,-0.9999999999999984,-1.0300742880777023,0,SL,108.601,0.1662549745841633,0.28269830793065515,2.213467602521069,0.842080066176476,0.3804347826086877,0.5217391304347894,0.4782608695652107,0.5217391304347894,1.0102176075413904,2.5021807680672135,2.9172059435399196,0.6666666666666666,2.5021807680672135,2.5021807680672135,0.5,4.571291787815167,4.866019810976887,0.6666666666666666,4.703618655357133,4.739707801050412,0.5833333333333334,True,False,2.0270070164391,0.3428468840861483,True,False,2.0270070164391,0.3428468840861483,True,False,2.261586463445412,0.3428468840861483,True,False,3.043517953466395,0.3428468840861483,True
USDJPY,early_back_inside_1,通常通り入る。エントリー後1本以内に終値がブレイク水準内へ戻れば次足始値で撤退,1,2018-09-13 14:00:00,2018-09-13 15:00:00,2018-09-21 02:00:00,long,3m,111.826,111.849,111.5877831276136,112.6326506171592,112.6326506171592,3.000000000000025,2.961717633671104,131,TP,111.848,0.1306084361931983,0.1684424118474459,2.4577279183190224,1.9141183164477642,0.7788161993769175,0.7912772585669634,0.20872274143303657,0.7912772585669634,1.1768534601290954,2.1974078272820803,2.1361560411556773,0.6666666666666666,2.1974078272820803,2.687422116292654,0.6666666666666666,2.5572620707742373,3.7822977933007804,0.75,4.1574649833245925,4.486693333753548,0.6666666666666666,False,True,0.2220377247079128,0.8422120592370119,False,True,0.2220377247079128,0.8422120592370119,False,True,0.3521977702263294,0.8422120592370119,False,True,0.3521977702263294,1.148470989868702,False
USDJPY,early_back_inside_1,通常通り入る。エントリー後1本以内に終値がブレイク水準内へ戻れば次足始値で撤退,1,2018-10-15 08:00:00,2018-10-15 09:00:00,2018-10-15 10:00:00,short,3m,111.663,111.656,111.9476694675189,110.78099159744329,111.726,-0.23999769532083728,-0.27428308036664334,1,early_back_inside,111.655,0.14583473375945286,0.054856616073309175,1.2959875547325992,0.9462766272651436,0.7301587301587851,0.9523809523809488,0.0476190476190512,0.9523809523809488,0.9577119691796682,2.3725486451719617,1.8171254074293774,1.0,3.3668248115012145,3.154255424216983,1.0,3.7645352780328767,3.4422526586020266,0.6666666666666666,4.6490982122155105,4.12796035951883,0.625,True,False,0.7474213939992151,0.20571231027503123,True,False,1.007990320347653,0.20571231027503123,True,False,1.5771277121085403,0.20571231027503123,True,False,1.878839100511887,0.20571231027503123,True
USDJPY,early_back_inside_1,通常通り入る。エントリー後1本以内に終値がブレイク水準内へ戻れば次足始値で撤退,1,2018-10-26 14:00:00,2018-10-26 15:00:00,2018-10-26 16:00:00,short,3m,111.625,111.396,111.76268372052034,110.29594883843899,111.643,-0.6736050339226938,-0.7008764927859359,1,early_back_inside,111.398,0.18334186026016755,1.2381242323923414,2.3289825869230354,1.8817306615654146,0.8079625292739894,0.9508196721311465,0.04918032786885355,0.9508196721311465,1.374275872962678,2.4598855894666443,3.365298023727168,0.3333333333333333,2.4598855894666443,3.294392230682645,0.5,3.7743699066761103,4.608876547892111,0.5833333333333334,5.083399932112974,6.157895411325708,0.5416666666666666,True,False,1.5762903222968387,0.038180042408523525,True,False,3.681646946541025,0.038180042408523525,True,False,3.828912824402672,0.038180042408523525,True,False,3.828912824402672,0.038180042408523525,True
USDJPY,early_back_inside_1,通常通り入る。エントリー後1本以内に終値がブレイク水準内へ戻れば次足始値で撤退,1,2018-11-06 06:00:00,2018-11-06 07:00:00,2018-11-06 08:00:00,long,3m,113.392,113.417,113.25662469491496,113.89812591525514,113.335,-0.5113006641298296,-0.5736544036577949,1,early_back_inside,113.416,0.0801876525425228,0.29929794973451707,1.1473088073155897,0.9976598324483311,0.8695652173912977,0.8695652173912977,0.13043478260870237,0.8695652173912977,0.6394429426334001,1.1847210510324042,1.5214312444837361,0.6666666666666666,1.5837849840117013,1.8456706900294038,0.8333333333333334,2.743564539232955,3.105216228495437,0.75,3.541692405191549,1.334370025899663,0.6666666666666666,True,False,0.9976598324483311,0.3865931850738103,True,False,2.1948516313863995,0.3865931850738103,True,False,3.0428624889674722,0.3865931850738103,True,False,3.9282855902653595,0.3865931850738103,True
USDJPY,early_back_inside_1,通常通り入る。エントリー後1本以内に終値がブレイク水準内へ戻れば次足始値で撤退,1,2019-02-25 17:00:00,2019-02-25 18:00:00,2019-02-25 19:00:00,long,3m,111.128,111.191,110.99229705169736,111.78710884490792,111.098,-0.4680353300966468,-0.5183617096768837,1,early_back_inside,111.191,0.0993514741513205,0.634112382711586,1.7211621816455902,1.147441454430489,0.666666666666722,0.7485380116959409,0.2514619883040591,0.7485380116959409,1.0710347198037486,3.261149396802299,3.6838909852766895,1.0,3.9757839868422926,4.630026921386087,0.6666666666666666,5.09302961352461,5.65668506482375,0.6666666666666666,5.294335131845702,6.170014136542654,0.5833333333333334,True,False,1.0065275916057397,0.03019582774817076,True,False,1.0870497989341474,0.03019582774817076,True,False,1.751358009393904,0.03019582774817076,True,False,1.8620760444704825,0.03019582774817076,True
USDJPY,early_back_inside_1,通常通り入る。エントリー後1本以内に終値がブレイク水準内へ戻れば次足始値で撤退,1,2019-05-05 21:00:00,2019-05-05 22:00:00,2019-05-06 05:00:00,short,3m,110.843,110.619,110.84813685000401,109.93158944998797,110.84813685000401,-0.9999999999999963,-1.0436420418619485,7,SL,110.612,0.11456842500200579,2.0162623340240957,1.7107680409900592,0.06982726697914812,0.04081632653059005,0.5765306122449017,0.42346938775509835,0.5765306122449017,1.3860907753961702,1.134693088411746,4.268191694102832,1.0,2.103546417748,5.760749525783007,0.8333333333333334,5.507625682983362,7.523888017007458,0.75,5.507625682983362,7.8730243519033225,0.5416666666666666,False,False,1.8067805330865274,-0.061098858606832125,False,False,2.0162623340240957,-0.026185225117196047,False,True,2.0162623340240957,2.7930906791674133,False,True,2.0162623340240957,2.8978315796361973,False
USDJPY,early_back_inside_1,通常通り入る。エントリー後1本以内に終値がブレイク水準内へ戻れば次足始値で撤退,1,2019-05-31 04:00:00,2019-05-31 05:00:00,2019-06-03 01:00:00,short,3m,109.019,109.016,109.3001272712331,108.16361818630074,108.16361818630074,2.999999999999992,2.964804504838293,20,TP,109.014,0.14206363561654495,0.03519549516179886,1.5908363813102273,1.20368593453124,0.7566371681416246,0.8628318584071158,0.13716814159288418,0.8628318584071158,1.3969155449468953,1.9287131348628561,2.301785383577184,0.6666666666666666,3.498432219076044,3.9982082503726075,0.8333333333333334,4.1530684290842625,4.772509143930682,0.6666666666666666,5.631279225876914,4.709157252639664,0.625,False,True,0.0844691883881572,0.8728482800108911,False,True,0.0844691883881572,1.0136302606577865,False,True,0.0844691883881572,1.8160875503452798,False,True,0.0844691883881572,2.146925204865529,False
USDJPY,early_back_inside_1,通常通り入る。エントリー後1本以内に終値がブレイク水準内へ戻れば次足始値で撤退,1,2019-06-20 00:00:00,2019-06-20 01:00:00,2019-06-25 04:00:00,short,3m,107.815,107.642,107.92834605485099,106.78296183544701,106.78296183544701,2.999999999999993,2.965077220968885,75,TP,107.641,0.14317302742549776,1.2153127102836176,3.5830771285949967,3.2897257847333106,0.9181286549707303,0.9317738791422798,0.06822612085772016,0.9317738791422798,1.5180795673108132,1.0127605919031304,3.045266331515355,0.3333333333333333,3.394494121826735,2.2699806370240183,0.3333333333333333,4.134857037286963,5.7762276517505375,0.5,5.007926513065462,6.307053893023819,0.5833333333333334,False,False,0.2095366741868477,0.6286100225605432,False,True,1.0406988151279772,0.6286100225605432,False,True,1.0406988151279772,0.6286100225605432,False,True,1.0406988151279772,1.2222972660899782,False
USDJPY,early_back_inside_1,通常通り入る。エントリー後1本以内に終値がブレイク水準内へ戻れば次足始値で撤退,1,2019-09-05 14:00:00,2019-09-05 15:00:00,2019-09-05 16:00:00,long,3m,106.973,107.046,106.73734961627513,107.97195115117465,106.966,-0.25919293873718663,-0.29159205607930044,1,early_back_inside,107.046,0.15432519186244104,0.4730271131953403,2.254978567013165,1.0497314018854815,0.46551724137932937,0.46551724137932937,0.5344827586206706,0.46551724137932937,1.3408735263093665,2.203139979265672,2.5854495639030386,0.6666666666666666,3.201032793403753,3.2399117342143264,0.6666666666666666,3.7906967290307216,2.4364136241292043,0.5,5.404172772669425,5.579128006317098,0.5416666666666666,True,False,0.7775788162114678,0.025919293873654204,True,False,0.8812559917063609,0.025919293873654204,True,False,1.101569989632882,0.025919293873654204,True,False,1.101569989632882,0.025919293873654204,True
USDJPY,early_back_inside_1,通常通り入る。エントリー後1本以内に終値がブレイク水準内へ戻れば次足始値で撤退,1,2020-01-02 15:00:00,2020-01-02 16:00:00,2020-01-02 17:00:00,short,3m,108.427,108.272,108.48595019113746,107.63014942658762,108.432,-0.7478376118729388,-0.794577462614956,1,early_back_inside,108.271,0.1069750955687298,1.458283343152317,4.393545969753599,3.757883999661607,0.8553191489361744,0.8723404255319097,0.12765957446809026,0.8723404255319097,1.7092385410079187,1.5985028953783684,4.814204626432152,0.6666666666666666,2.1406851639863254,5.3002990741495015,0.6666666666666666,2.1406851639863254,4.066367014559213,0.5,2.8885227758592644,5.188123432368554,0.5416666666666666,True,False,1.6171988356752816,0.11217564178094747,True,False,2.6361275818521324,0.11217564178094747,True,False,2.6828674325942825,0.11217564178094747,True,False,2.795043074375097,0.11217564178094747,True
USDJPY,early_back_inside_1,通常通り入る。エントリー後1本以内に終値がブレイク水準内へ戻れば次足始値で撤退,1,2020-01-13 09:00:00,2020-01-13 10:00:00,2020-01-17 00:00:00,long,3m,109.707,109.848,109.70838979397175,110.26683061808474,110.26683061808474,2.9999999999999627,2.9283719988352948,86,TP,109.848,0.06980510301412429,2.0199096328455464,2.8651200465893596,2.249119236572565,0.7849999999999713,0.8349999999999961,0.16500000000000392,0.8349999999999961,0.6047899819754575,1.1746992191015295,3.208934452180091,0.6666666666666666,1.432560023294578,3.3808416549754567,0.6666666666666666,3.5814000582366488,5.687263292479878,0.6666666666666666,3.8106096619636673,2.979724848452869,0.5416666666666666,False,True,0.22920960372722207,1.0744200174710352,False,True,0.22920960372722207,1.0744200174710352,False,True,0.22920960372722207,1.0744200174710352,False,True,0.7019544114142741,1.3036296211980538,False
USDJPY,early_back_inside_1,通常通り入る。エントリー後1本以内に終値がブレイク水準内へ戻れば次足始値で撤退,1,2020-02-28 15:00:00,2020-02-28 16:00:00,2020-02-28 16:00:00,short,3m,108.308,107.928,108.46911335523119,106.30465993430641,108.46911335523119,-0.9999999999999891,-1.0184804161703096,0,SL,107.929,0.2705566776155977,1.4008155457115776,2.6094347632516235,1.8036886182249088,0.6912181303116111,0.7492917847025412,0.25070821529745885,0.7492917847025412,1.4248071851782083,1.7962964517567386,2.7720624255505797,1.0,1.7962964517567386,2.7794545920186975,0.6666666666666666,3.5112790723640255,4.490741129391951,0.75,7.2628035549424785,7.6952452933283855,0.6666666666666666,False,False,2.1030713601843827,0.47309865396063266,False,False,2.1030713601843827,0.47309865396063266,False,False,2.1030713601843827,0.47309865396063266,False,False,2.1030713601843827,1.5486588750742458,False
USDJPY,early_back_inside_1,通常通り入る。エントリー後1本以内に終値がブレイク水準内へ戻れば次足始値で撤退,1,2020-03-08 21:00:00,2020-03-08 22:00:00,2020-03-09 01:00:00,short,long,104.453,104.425,105.14021951390326,102.27934145829019,102.27934145829019,2.9999999999999987,2.9860182785765765,3,TP,104.423,0.35760975695163466,0.08389032854061228,0.6179920869158305,0.5928249883536468,0.9592760180995467,0.040723981900453364,0.9592760180995467,0.040723981900453364,1.4403501044769491,1.1073523367360423,2.141999722070194,0.6666666666666666,1.3785977323506622,2.4663756590939214,0.5,2.0776838035224445,2.8131223503950924,0.5,3.772268440042733,4.868435399640013,0.5416666666666666,False,True,0.4837675612508509,2.5334879219264113,False,True,0.4837675612508509,2.5334879219264113,False,True,0.4837675612508509,2.5334879219264113,False,True,0.4837675612508509,8.025508097051617,False
USDJPY,early_back_inside_1,通常通り入る。エントリー後1本以内に終値がブレイク水準内へ戻れば次足始値で撤退,1,2020-04-28 09:00:00,2020-04-28 10:00:00,2020-04-30 14:00:00,short,3m,106.915,106.738,106.98530273898795,105.99609178303614,106.98530273898795,-1.0000000000000089,-1.040436268683948,52,SL,106.739,0.12365136949397627,1.4233566576759658,3.6716131965050702,2.466612389722467,0.6718061674008533,0.7202643171806005,0.27973568281939953,0.7202643171806005,1.0229502457863089,2.102685971566786,3.970841584766426,0.6666666666666666,2.612182956984786,4.359029764132609,0.8333333333333334,2.7577535242471045,4.124499405765463,0.5,2.9194985989830906,3.5341298829794705,0.5,False,True,0.12130880605193216,0.6631548064172674,False,True,0.12130880605193216,1.4557056726231858,False,True,0.12130880605193216,1.4557056726231858,True,False,1.8762428669364741,1.4557056726231858,False
USDJPY,early_back_inside_1,通常通り入る。エントリー後1本以内に終値がブレイク水準内へ戻れば次足始値で撤退,1,2020-06-02 12:00:00,2020-06-02 13:00:00,2020-06-04 05:00:00,long,3m,108.088,108.305,108.043984874819,109.08804537554302,109.08804537554302,2.9999999999999982,2.9616880439665834,40,TP,108.301,0.13050756259050197,1.6320893270250203,4.375225379019943,3.0343069178492246,0.6935201401050827,0.7057793345008884,0.29422066549911163,0.7057793345008884,1.198640098089475,1.95390975770601,4.513148420740367,0.6666666666666666,1.95390975770601,3.9921058186854674,0.6666666666666666,3.202879524396446,5.616532754503761,0.6666666666666666,3.2488538716365873,4.536135594360438,0.5833333333333334,False,True,-0.015324782413344175,1.3102688963439215,False,True,0.15324782413376842,2.758460834408376,False,True,0.15324782413376842,2.758460834408376,False,True,0.15324782413376842,3.608986258350992,False
USDJPY,early_back_inside_1,通常通り入る。エントリー後1本以内に終値がブレイク水準内へ戻れば次足始値で撤退,1,2020-07-24 00:00:00,2020-07-24 01:00:00,2020-07-24 13:00:00,short,3m,106.638,106.528,106.73542360016847,105.90572919949462,105.90572919949462,3.0000000000000018,2.951789478189228,12,TP,106.529,0.10371180008423166,1.050989375475908,3.2590312744113445,3.0372628740814838,0.9319526627218645,0.9467455621301768,0.05325443786982323,0.9467455621301768,1.1248702982776322,1.1763367321839473,2.8926313086490256,0.6666666666666666,1.8223577244489726,1.9766313942435032,0.5,4.9946100596007055,6.411999400838795,0.6666666666666666,4.9946100596007055,6.035957330714404,0.625,False,True,0.7038736184380087,0.6074525748163242,False,True,0.7038736184380087,0.6074525748163242,False,True,0.7038736184380087,1.6198735328433942,False,True,0.7038736184380087,2.130905064038034,False
USDJPY,early_back_inside_1,通常通り入る。エントリー後1本以内に終値がブレイク水準内へ戻れば次足始値で撤退,1,2021-03-26 08:00:00,2021-03-26 09:00:00,2021-03-30 06:00:00,long,3m,109.364,109.472,109.29748457660934,109.99554627017199,109.99554627017199,3.0000000000000138,2.9426984744058813,45,TP,109.473,0.08725771169533145,1.2491732579531591,1.7648869883008385,1.6846648524690857,0.9545454545455133,0.9610389610389587,0.03896103896104136,0.9610389610389587,0.8984219347474945,1.6732045473501942,2.567108346619505,0.6666666666666666,2.1545373623411987,2.739012923402065,0.8333333333333334,2.865076279709221,3.323488484462605,0.6666666666666666,3.885043435285688,3.976725876236332,0.5833333333333334,False,False,1.0428877658140874,0.27504732285209565,False,True,1.0428877658140874,1.512760275686526,False,True,1.0428877658140874,3.300567874224985,False,True,1.0428877658140874,4.2861541144449395,False
USDJPY,early_back_inside_1,通常通り入る。エントリー後1本以内に終値がブレイク水準内へ戻れば次足始値で撤退,1,2021-04-19 07:00:00,2021-04-19 08:00:00,2021-04-20 06:00:00,short,3m,108.405,108.221,108.45466741836843,107.51999774489471,108.45466741836843,-0.9999999999999745,-1.0427958680324765,22,SL,108.221,0.1168337091842163,1.5748879435974892,3.0385066303104487,2.9101190262128207,0.9577464788732383,0.9577464788732383,0.042253521126761694,0.9577464788732383,1.108096592719981,1.9086957142514436,3.774595560470142,0.3333333333333333,2.6191071235916112,3.6205304355529884,0.5,3.2011309288341514,4.89584730292272,0.6666666666666666,4.31382349768018,5.743205489966942,0.7083333333333334,False,True,0.11126925688452985,1.6005654644170149,False,True,0.11126925688452985,1.8059856309732196,False,True,0.11126925688452985,1.8059856309732196,False,False,0.7532072773726699,1.8059856309732196,False
USDJPY,early_back_inside_1,通常通り入る。エントリー後1本以内に終値がブレイク水準内へ戻れば次足始値で撤退,1,2021-05-27 15:00:00,2021-05-27 16:00:00,2021-05-31 14:00:00,long,3m,109.784,109.817,109.57960154585932,110.52919536242202,109.57960154585932,-1.000000000000005,-1.0421232734483876,46,SL,109.819,0.11869922707033649,0.29486291413891824,1.5417118082121473,0.8593147783478209,0.5573770491803711,0.8142076502732614,0.1857923497267386,0.8142076502732614,1.3399478004553518,4.47349164022236,3.9174644307031814,1.0,5.61082002332977,5.189587288845464,0.8333333333333334,5.998354139055178,6.41116221884964,0.6666666666666666,6.3100663625735445,6.023628103124231,0.5,False,True,0.07582189220716067,0.87616408772715,False,True,0.07582189220716067,0.87616408772715,False,False,0.5223285907604003,0.87616408772715,True,True,0.5476025548294539,0.87616408772715,False
USDJPY,early_back_inside_1,通常通り入る。エントリー後1本以内に終値がブレイク水準内へ戻れば次足始値で撤退,1,2021-06-16 18:00:00,2021-06-16 19:00:00,2021-06-17 14:00:00,long,3m,110.329,110.505,110.28150658542359,111.17548024372923,110.28150658542359,-1.0000000000000089,-1.0447440476890386,19,SL,110.505,0.11174670728820403,1.574990478655298,4.778664293192653,4.778664293192653,1.0,1.0,0.0,1.0,1.3971791188906104,0.876983334705772,5.637750008822839,0.3333333333333333,1.5839392881931547,5.700391675587582,0.5,2.9352095284030493,4.080657149243128,0.4166666666666667,3.0157488142433793,3.669011910503748,0.5,False,True,0.9306761919326587,1.225986906680535,False,True,0.9306761919326587,1.9329428601679177,False,True,0.9306761919326587,1.9329428601679177,False,True,0.9306761919326587,2.836772623487133,False
USDJPY,early_back_inside_1,通常通り入る。エントリー後1本以内に終値がブレイク水準内へ戻れば次足始値で撤退,1,2021-08-03 12:00:00,2021-08-03 13:00:00,2021-08-04 08:00:00,short,3m,109.063,109.035,109.21781827132065,108.48654518603801,109.21781827132065,-0.9999999999999645,-1.054699127870236,19,SL,109.036,0.09140913566033118,0.2953752904997461,1.7066127895539331,1.4768764524987306,0.8653846153846942,0.9487179487179744,0.051282051282025586,0.9487179487179744,0.9245110113500996,0.9845843016658203,1.59721453381339,0.6666666666666666,1.6409738361097006,1.0611630806841694,0.6666666666666666,2.5817988354792103,2.964692730571422,0.6666666666666666,4.879162206032791,5.458972961458011,0.5833333333333334,False,True,-0.010939825574116492,1.76131191742436,False,True,-0.010939825574116492,1.76131191742436,True,False,0.7329683134622292,1.76131191742436,True,False,1.3127790688877605,1.76131191742436,True
USDJPY,early_back_inside_1,通常通り入る。エントリー後1本以内に終値がブレイク水準内へ戻れば次足始値で撤退,1,2021-09-15 08:00:00,2021-09-15 09:00:00,2021-09-16 12:00:00,short,3m,109.412,109.325,109.50389808103407,108.78830575689781,109.50389808103407,-1.0000000000000075,-1.0558977488310133,27,SL,109.325,0.08944904051703094,0.9726208296604216,1.7551893132951377,1.2856482231142445,0.7324840764331049,0.8789808917197077,0.12101910828029225,0.8789808917197077,1.2007798610586156,2.2470895030084015,2.895503389448735,1.0,2.6271941950596536,3.353864929863364,0.6666666666666666,3.5998150247199163,4.013458366069804,0.5,8.272866826996319,7.971018983308602,0.5,False,False,0.4695410901808932,0.7043116352713398,False,True,0.4695410901808932,1.1403140761535977,False,True,0.4695410901808932,1.1738527254522328,False,True,1.1403140761535977,2.381244100203101,False
USDJPY,early_back_inside_1,通常通り入る。エントリー後1本以内に終値がブレイク水準内へ戻れば次足始値で撤退,1,2021-11-09 02:00:00,2021-11-09 03:00:00,2021-11-10 08:00:00,short,3m,113.0,112.945,113.16742008025646,112.27773975923057,113.16742008025646,-0.9999999999999752,-1.0449599693896985,29,SL,112.945,0.11121004012823751,0.49455966328746687,1.8433587449803144,1.6635188674212935,0.9024390243902625,0.9024390243902625,0.0975609756097375,0.9024390243902625,0.9305999027606499,1.8433587449803144,2.787518102165397,0.6666666666666666,1.8703347266141739,2.5357422735827932,0.6666666666666666,3.111229881771711,1.528638959251996,0.5833333333333334,5.269308412480472,5.979675928838686,0.5833333333333334,False,True,0.19782386531501228,1.3308150939369836,False,True,0.19782386531501228,1.3308150939369836,False,True,0.19782386531501228,1.9962226409054755,False,True,0.5215356449213263,1.9962226409054755,False
USDJPY,early_back_inside_1,通常通り入る。エントリー後1本以内に終値がブレイク水準内へ戻れば次足始値で撤退,1,2021-11-16 20:00:00,2021-11-16 21:00:00,2021-11-17 13:00:00,long,3m,114.7,114.823,114.58309492319998,115.54271523040005,114.58309492319998,-0.9999999999999746,-1.0416831529093509,16,SL,114.822,0.11995253840000991,1.0170689309897072,1.7757023139411152,1.058752083899202,0.5962441314554213,0.9154929577464789,0.08450704225352113,0.9154929577464789,1.089827530378167,1.0420788227353568,1.7006726387041666,0.6666666666666666,2.3676030852546623,1.7590290527772698,0.6666666666666666,4.743542801091247,5.402136617060057,0.6666666666666666,5.168710960767289,5.468829661715201,0.6666666666666666,False,False,0.5418809878223666,0.20841576454700025,False,True,0.5418809878223666,0.20841576454700025,False,True,0.5418809878223666,1.2254846955367076,False,False,1.0337421921535526,1.2254846955367076,False
USDJPY,early_back_inside_1,通常通り入る。エントリー後1本以内に終値がブレイク水準内へ戻れば次足始値で撤退,1,2022-04-11 06:00:00,2022-04-11 07:00:00,2022-04-12 12:00:00,long,3m,125.097,125.426,125.03798616832118,126.59004149503644,125.03798616832118,-1.0000000000000127,-1.0257722771292173,29,SL,125.426,0.19400691583940707,1.695815835103238,2.3968217730182158,2.206106922261897,0.9204301075268692,0.980645161290322,0.01935483870967801,0.980645161290322,1.1934187761374513,1.257687123906322,2.8968039493252076,0.6666666666666666,3.9792395887528222,4.293661369729366,0.8333333333333334,5.396714830860388,5.453413840544667,0.6666666666666666,5.690518790133598,6.999750468298329,0.6666666666666666,False,False,1.5514910831795317,0.01030891085166715,False,False,1.5514910831795317,0.01030891085166715,False,False,1.5514910831795317,0.06700792053594634,False,True,1.5514910831795317,1.7731326664908516,False
USDJPY,early_back_inside_1,通常通り入る。エントリー後1本以内に終値がブレイク水準内へ戻れば次足始値で撤退,1,2022-05-24 13:00:00,2022-05-24 14:00:00,2022-05-25 07:00:00,short,3m,126.941,126.695,127.24418199358605,125.0474540192418,127.24418199358605,-0.9999999999999911,-1.018208899994495,17,SL,126.694,0.27459099679303267,0.8995196597293067,2.8952150991287477,1.962919419409303,0.6779874213836482,0.7308176100628954,0.26918238993710464,0.7308176100628954,1.0875131615720228,1.194503839640548,2.7677527991670656,0.6666666666666666,2.024829679390709,2.1522919793522877,0.6666666666666666,3.656347118899711,4.60685169861366,0.6666666666666666,3.656347118899711,3.182915719042146,0.625,False,True,0.029134239991216473,1.2199962996328948,False,True,0.029134239991216473,1.2199962996328948,False,True,0.029134239991216473,1.2199962996328948,False,False,0.7101470997862702,1.2199962996328948,False
USDJPY,early_back_inside_1,通常通り入る。エントリー後1本以内に終値がブレイク水準内へ戻れば次足始値で撤退,1,2022-07-28 12:00:00,2022-07-28 13:00:00,2022-07-29 06:00:00,short,3m,134.74,134.71,135.39964256251477,132.64107231245572,132.64107231245572,2.99999999999998,2.9854997348720187,17,TP,134.71,0.3448212812573837,0.08700159076785155,3.372761668766949,2.894252919543724,0.8581255374032511,0.8641444539982683,0.13585554600173172,0.8641444539982683,1.4555142394698017,1.3050238615176908,2.064837754223567,0.0,1.5921291110515596,2.2533412008872316,0.16666666666666666,3.8164697816829505,4.199276781061415,0.4166666666666667,6.847025193429628,6.452617981948729,0.4583333333333333,False,True,0.5394098627605972,1.0701195664445329,False,True,0.5394098627605972,1.0701195664445329,False,True,0.5394098627605972,1.0875198845981031,False,True,0.5394098627605972,1.0875198845981031,False
USDJPY,early_back_inside_1,通常通り入る。エントリー後1本以内に終値がブレイク水準内へ戻れば次足始値で撤退,1,2022-08-22 15:00:00,2022-08-22 16:00:00,2022-08-22 17:00:00,long,3m,137.462,137.571,137.0539112769382,139.12226616918534,137.45,-0.23400239572726608,-0.25334143669644255,1,early_back_inside,137.57,0.25854436153088994,0.4177232849346074,1.860415741236447,1.4929739628217644,0.8024948024948027,0.8399168399168419,0.16008316008315812,0.8399168399168419,1.1633994470771842,1.5355198529539746,1.512313003790941,0.6666666666666666,2.444454778506148,3.109717787846412,0.5,2.6223739554227032,1.2841123203544607,0.5,2.846706830665326,2.12729450661128,0.5416666666666666,True,False,0.8161075288999284,0.05801712290763933,True,False,0.850917802644534,0.05801712290763933,True,False,0.850917802644534,0.05801712290763933,True,False,0.850917802644534,0.05801712290763933,True
USDJPY,early_back_inside_1,通常通り入る。エントリー後1本以内に終値がブレイク水準内へ戻れば次足始値で撤退,1,2022-11-10 13:00:00,2022-11-10 14:00:00,2022-11-10 21:00:00,short,3m,145.105,143.707,144.5892622828638,141.0602131514085,141.0602131514085,2.9999999999999996,2.9886655020913606,7,TP,143.709,0.44113114143191495,3.164591816094779,7.031922502525868,5.7873946321561895,0.8230174081237892,0.8249516441005784,0.17504835589942155,0.8249516441005784,1.529982498571191,0.8228845481679187,6.218105552684847,0.3333333333333333,1.0813111004851264,5.875803715843623,0.3333333333333333,1.2241257741340774,5.732989042194672,0.5,2.3054368746192035,6.13423026816083,0.5,False,True,0.37177153140365937,4.336578899849144,False,True,0.37177153140365937,4.905570694863337,False,True,0.37177153140365937,5.084655761819944,False,True,0.37177153140365937,5.084655761819944,False
USDJPY,early_back_inside_1,通常通り入る。エントリー後1本以内に終値がブレイク水準内へ戻れば次足始値で撤退,1,2022-12-20 03:00:00,2022-12-20 04:00:00,2023-01-03 01:00:00,short,3m,133.618,133.44,134.55822472285703,130.0853258314289,130.0853258314289,3.0000000000000018,2.9910572537026017,237,TP,133.443,0.5591123614285177,0.3129961204092545,7.714012956144293,6.628363555638895,0.859262694180379,0.9204729886389945,0.07952701136100543,0.9204729886389945,1.7434177245029452,0.8960631790003044,6.93778257752922,0.6666666666666666,1.3628745357250018,6.186591888546908,0.6666666666666666,1.7152187398428873,6.31715598448908,0.5,3.0816703740868694,5.04192036247869,0.5,False,True,0.2593396426248036,0.6063181989642696,False,True,0.2593396426248036,0.9264685164114848,False,True,0.45429151190831696,1.3807600283198527,False,True,0.45429151190831696,2.5880307784699212,False
USDJPY,early_back_inside_1,通常通り入る。エントリー後1本以内に終値がブレイク水準内へ戻れば次足始値で撤退,1,2023-05-18 07:00:00,2023-05-18 08:00:00,2023-05-18 09:00:00,long,3m,137.772,137.811,137.43278317450904,138.94565047647288,137.771,-0.10575944089239492,-0.13219930111545608,1,early_back_inside,137.811,0.18910841274548018,0.20623090974014754,1.845502243571442,1.4541923122697162,0.787965616045821,0.8252148997134559,0.17478510028654415,0.8252148997134559,1.0775256702125948,1.8983819640175643,1.115762101414263,0.6666666666666666,2.421891196434596,2.411315252345462,0.6666666666666666,2.421891196434596,1.0311545487002869,0.6666666666666666,5.208652463947707,4.36786490885364,0.75,True,False,0.35958209903402244,0.6609965055771301,True,False,0.6028288130863655,0.6609965055771301,True,False,0.6186927292202923,0.6609965055771301,True,True,0.6186927292202923,3.236238891305601,True
USDJPY,early_back_inside_1,通常通り入る。エントリー後1本以内に終値がブレイク水準内へ戻れば次足始値で撤退,1,2023-06-15 01:00:00,2023-06-15 02:00:00,2023-06-15 13:00:00,long,3m,140.932,141.004,140.47795105206572,142.58214684380283,140.47795105206572,-0.9999999999999905,-1.0190096378659335,11,SL,141.004,0.26302447396713796,0.27373878526983897,2.611924242782993,2.437035574416079,0.9330422125181661,0.9446870451237114,0.05531295487628859,0.9446870451237114,1.4001515643760962,1.6880558424972323,3.714483239008661,0.3333333333333333,2.946493869223763,4.0338451551566985,0.6666666666666666,4.193526113230771,5.649664373763369,0.5833333333333334,4.193526113230771,3.6156331221056277,0.5416666666666666,False,True,0.7755932249311024,0.292748423135782,False,True,0.7755932249311024,0.3079561334286229,False,True,0.7755932249311024,1.228022606141065,False,True,0.7755932249311024,1.8971618590228216,False
USDJPY,early_back_inside_1,通常通り入る。エントリー後1本以内に終値がブレイク水準内へ戻れば次足始値で撤退,1,2023-07-12 12:00:00,2023-07-12 13:00:00,2023-07-14 01:00:00,short,3m,139.281,139.269,139.81535255873052,137.62994232380842,137.62994232380842,3.0000000000000155,2.9816968002799915,36,TP,139.271,0.27317627936526256,0.0366063994401519,3.192078031175024,0.9005174262260305,0.2821100917431346,0.42431192660551675,0.5756880733944832,0.42431192660551675,1.089410503656161,0.9773908650501518,1.3617580591710705,0.6666666666666666,1.632645415027612,0.6332907103134106,0.5,3.122525872238954,1.7058582139078116,0.5833333333333334,6.021752707893387,4.4220530523619015,0.625,False,True,0.32945759496074284,1.6875550141876836,False,True,0.32945759496074284,3.272612109943171,False,True,0.32945759496074284,4.081613537568978,False,True,0.32945759496074284,4.081613537568978,False
USDJPY,early_back_inside_1,通常通り入る。エントリー後1本以内に終値がブレイク水準内へ戻れば次足始値で撤退,1,2023-10-25 20:00:00,2023-10-25 21:00:00,2023-10-25 22:00:00,long,3m,150.159,150.182,150.01168579474196,150.6929426157741,150.158,-0.14091602026759845,-0.1996310287123755,1,early_back_inside,150.199,0.08515710262901653,0.469720067558884,3.1118954475758542,1.7027352449002036,0.5471698113208215,0.5622641509434286,0.43773584905657137,0.5622641509434286,0.9143313825428341,2.289885329348308,2.501259359750039,1.0,2.289885329348308,3.21758246277672,1.0,2.289885329348308,3.4172134914894294,0.75,3.100152445886832,3.6168445202018047,0.6666666666666666,True,False,1.6675062398334708,-0.1878880270236871,True,False,1.6675062398334708,-0.14091602026759845,True,False,1.6675062398334708,-0.10568701520086571,True,True,1.843651265167802,2.7830914002849023,True
USDJPY,early_back_inside_1,通常通り入る。エントリー後1本以内に終値がブレイク水準内へ戻れば次足始値で撤退,1,2023-11-13 04:00:00,2023-11-13 05:00:00,2023-11-13 15:00:00,long,3m,151.716,151.759,151.55392437037438,152.3742268888768,151.55392437037438,-1.00000000000005,-1.0487624981001291,10,SL,151.759,0.10253781481280043,0.41935748366084735,1.0630224585827797,0.8972299650421223,0.8440366972474959,0.8440366972474959,0.15596330275250408,0.8440366972474959,0.8307285482985329,1.4141124449036824,1.9017374259047515,0.3333333333333333,2.7404523932270006,2.984264883727396,0.6666666666666666,2.7404523932270006,2.0382724205849176,0.6666666666666666,4.008277343830168,3.969267345349883,0.5833333333333334,False,True,0.1755449931601742,0.32183248746096615,False,False,0.34133748670083147,0.39009998480118785,False,False,0.8582199665621144,0.39009998480118785,True,False,0.8582199665621144,0.9264874639026133,False
USDJPY,early_back_inside_1,通常通り入る。エントリー後1本以内に終値がブレイク水準内へ戻れば次足始値で撤退,1,2023-12-28 07:00:00,2023-12-28 08:00:00,2023-12-28 17:00:00,short,3m,140.956,140.82,141.2919765295996,139.4040704112012,141.2919765295996,-1.0000000000000093,-1.021187494235103,9,SL,140.82,0.23598826479979843,0.5762998431950496,1.830599501913694,1.2839621506478236,0.7013888888889022,0.7430555555555716,0.25694444444442843,0.7430555555555716,1.1354398110585895,1.0636122106026824,1.6229620584096813,1.0,2.22892439353391,2.4450368347320084,0.8333333333333334,4.479036281302793,4.512936272079015,0.75,7.479185464994758,8.326685234399342,0.6666666666666666,False,False,1.0678497094497252,0.46188737432537597,False,True,1.0678497094497252,0.6144373328181939,False,True,1.0678497094497252,0.7288498016878675,True,False,1.339049635659139,0.7288498016878675,False
USDJPY,early_back_inside_1,通常通り入る。エントリー後1本以内に終値がブレイク水準内へ戻れば次足始値で撤退,1,2024-01-11 13:00:00,2024-01-11 14:00:00,2024-01-11 15:00:00,long,3m,145.993,146.244,145.6980578063381,147.8818265809857,145.902,-0.6264399490833525,-0.6447569066588718,1,early_back_inside,146.246,0.27297109683094883,0.9268380533221705,4.744092012063864,3.15051670299223,0.6640926640926664,0.9868725868725902,0.013127413127409806,0.9868725868725902,1.0349904000054835,1.018422841199871,3.05160513208428,0.0,1.018422841199871,3.0772488726900487,0.3333333333333333,1.1539683272588594,3.231111316324556,0.4166666666666667,2.4984330133031607,3.4875487223820345,0.5416666666666666,True,False,1.8976368048255248,0.6154497745379265,True,False,2.2090250836096645,0.6154497745379265,True,False,2.2090250836096645,0.6154497745379265,True,False,2.9526935611764342,0.6154497745379265,True
USDJPY,early_back_inside_1,通常通り入る。エントリー後1本以内に終値がブレイク水準内へ戻れば次足始値で撤退,1,2024-04-10 12:00:00,2024-04-10 13:00:00,2024-04-10 20:00:00,long,3m,151.97,152.384,152.16041163824463,153.0547650852661,153.0547650852661,2.9999999999999374,2.9552749529470335,7,TP,152.382,0.11179418087768762,3.685343877162706,6.672977020299447,4.866085119360493,0.7292225201072444,0.8176943699731984,0.18230563002680159,0.8176943699731984,1.0511761220087854,0.5724806022778846,4.6961299405592545,0.6666666666666666,0.9839510351649075,5.39384067458522,0.6666666666666666,1.815836910349585,5.903706210988682,0.6666666666666666,2.8176779643355014,5.4832907686910275,0.5833333333333334,False,True,0.1341751411589666,2.80873295492487,False,True,0.1341751411589666,3.5243337077720986,False,True,0.1341751411589666,5.018150279340468,False,True,0.1341751411589666,5.367005646353324,False
USDJPY,early_back_inside_1,通常通り入る。エントリー後1本以内に終値がブレイク水準内へ戻れば次足始値で撤退,1,2024-06-14 03:00:00,2024-06-14 04:00:00,2024-06-14 08:00:00,long,3m,157.707,157.819,157.30738278097425,159.35385165707723,157.30738278097425,-0.9999999999999755,-1.019545862860169,4,SL,157.819,0.25580860951287493,0.43782732806871294,4.63236949787009,1.9389495957328875,0.41856540084386495,0.8641350210970455,0.1358649789029545,0.8641350210970455,1.3477287433789944,1.0593857670234006,2.4119594769500377,1.0,1.4933039225201636,3.1977031639305067,1.0,2.513597963823177,4.0889945103561764,0.75,2.9475161193198294,3.182066473642374,0.6666666666666666,False,True,0.14463938516547659,0.5433749875139136,False,True,0.14463938516547659,1.4463938516556547,False,True,0.7583794789761535,1.7043992414104538,True,False,3.5143461422659974,1.7043992414104538,False
USDJPY,early_back_inside_1,通常通り入る。エントリー後1本以内に終値がブレイク水準内へ戻れば次足始値で撤退,1,2024-06-26 10:00:00,2024-06-26 11:00:00,2024-06-26 13:00:00,long,long,160.203,160.302,160.0302599387829,161.11722018365128,160.0302599387829,-0.9999999999999776,-1.036799873950112,2,SL,160.3,0.1358700306085469,0.713917554633322,2.6275110000419932,2.288952159700504,0.8711484593837749,0.8711484593837749,0.12885154061622509,0.8711484593837749,0.9124653338721314,1.7737539243979925,2.9660698403836916,1.0,2.3331120084404984,4.040626159728499,0.8333333333333334,3.3193486303051087,4.62942414293128,0.8333333333333334,5.652460638745817,6.410538042119342,0.625,False,True,0.7065575798432532,0.6918376302631157,False,True,0.7065575798432532,0.6918376302631157,False,True,2.1196727395297597,2.391991806760839,False,True,2.1196727395297597,3.834546865607411,False
USDJPY,early_back_inside_1,通常通り入る。エントリー後1本以内に終値がブレイク水準内へ戻れば次足始値で撤退,1,2024-09-04 23:00:00,2024-09-05 00:00:00,2024-09-05 01:00:00,short,3m,143.444,143.334,143.93790732842683,141.52227801471955,143.717,-0.6342032659178496,-0.650762097926133,1,early_back_inside,143.335,0.30195366421340775,0.360982537780843,1.6625067336332031,0.9438534244730045,0.567729083665321,0.6972111553784615,0.30278884462153854,0.6972111553784615,1.148152659443795,1.2021712038025654,1.288277130245564,1.0,2.0400481034224236,2.440771838023185,0.8333333333333334,5.649873481231513,5.133237922572485,0.75,6.765938758590797,6.716262262565852,0.6666666666666666,True,False,1.5465949095750307,0.12253535686142938,True,False,1.64263613522315,0.12253535686142938,True,False,1.881083316142658,0.12253535686142938,True,False,1.881083316142658,0.12253535686142938,True
USDJPY,early_back_inside_1,通常通り入る。エントリー後1本以内に終値がブレイク水準内へ戻れば次足始値で撤退,1,2024-09-16 03:00:00,2024-09-16 04:00:00,2024-09-16 15:00:00,short,long,140.248,140.12,140.74206313743548,138.25381058769358,140.74206313743548,-0.9999999999999923,-1.016075538636178,11,SL,140.12,0.31103156871774,0.41153378908668087,1.594693432711094,1.3278394913500837,0.8326612903225297,0.8528225806451489,0.14717741935485107,0.8528225806451489,0.917784194433913,1.3728509995314766,1.3021186295322231,0.6666666666666666,1.53039127816626,1.8647624817991768,0.6666666666666666,2.1509070695236283,1.7425883881641113,0.5,3.6362868395084953,2.752132214517464,0.5833333333333334,False,False,0.5787193909032307,0.5529985290852788,False,False,0.5787193909032307,0.5529985290852788,False,True,0.5787193909032307,1.2731826599871074,False,False,0.5787193909032307,1.7490186036186222,False
EURJPY,early_back_inside_1,通常通り入る。エントリー後1本以内に終値がブレイク水準内へ戻れば次足始値で撤退,1,2015-03-04 08:00:00,2015-03-04 09:00:00,2015-03-06 09:00:00,short,3m,133.43,133.21,133.6729161907723,131.82125142768314,131.82125142768314,2.9999999999999907,2.972997271970248,48,TP,133.22,0.1851664763089167,1.1341145772502634,3.4023437317506366,2.9162946272148096,0.8571428571428507,0.8571428571428507,0.1428571428571493,0.8571428571428507,0.9503233205406654,1.2961309454287189,2.322234610560012,0.6666666666666666,1.2961309454287189,2.430245522678982,0.5,1.5661582257264517,2.7542782590362003,0.5833333333333334,3.510354643869607,3.8883928362864637,0.625,False,True,-0.05400545605948519,1.6201636817860905,False,True,-0.05400545605948519,1.6201636817860905,False,True,-0.05400545605948519,1.6201636817860905,False,True,-0.05400545605948519,3.132316451453057,False
EURJPY,early_back_inside_1,通常通り入る。エントリー後1本以内に終値がブレイク水準内へ戻れば次足始値で撤退,1,2015-09-01 08:00:00,2015-09-01 09:00:00,2015-09-02 00:00:00,short,3m,135.27,135.06,135.64055102380337,133.3183469285899,135.64055102380337,-1.0000000000000073,-1.0215312685491478,15,SL,135.11,0.23222040952134482,0.6890005935731071,3.7033781904555885,3.4019404307672545,0.9186046511627669,0.9186046511627669,0.08139534883723312,0.9186046511627669,0.8472755722558459,1.2488135758512489,3.4450029678655354,0.6666666666666666,1.722501483932829,3.9617534130453964,0.5,1.722501483932829,3.4019404307672545,0.4166666666666667,2.325377003309374,3.4019404307672545,0.4583333333333333,False,True,0.21531268549152713,1.205751038752968,True,False,1.3780011871462141,1.205751038752968,True,True,1.3780011871462141,1.205751038752968,True,True,1.3780011871462141,1.9378141694244784,True
EURJPY,early_back_inside_1,通常通り入る。エントリー後1本以内に終値がブレイク水準内へ戻れば次足始値で撤退,1,2015-11-15 23:00:00,2015-11-16 00:00:00,2015-11-16 09:00:00,short,3m,131.51,131.38,131.89271990977875,129.84184027066374,131.89271990977875,-1.0000000000000029,-1.0243797827265653,9,SL,131.38,0.20508796391150041,0.6338743508911769,0.78015304725069,0.04875956545312482,0.06249999999994449,0.6249999999999778,0.3750000000000222,0.6249999999999778,1.1134007815809237,0.78015304725069,1.8528634872204062,0.6666666666666666,1.3165082672356174,1.8528634872204062,0.3333333333333333,4.144563063519351,2.925573927190122,0.5,5.363552199848581,5.607350027114482,0.5833333333333334,False,True,0.0,3.4619291471750495,False,True,0.0,3.4619291471750495,False,True,0.24379782726590127,3.4619291471750495,False,True,0.24379782726590127,3.4619291471750495,False
EURJPY,early_back_inside_1,通常通り入る。エントリー後1本以内に終値がブレイク水準内へ戻れば次足始値で撤退,1,2015-12-31 18:00:00,2016-01-03 23:00:00,2016-01-04 14:00:00,short,3m,131.02,130.71,131.1961091642853,129.2516725071441,129.2516725071441,2.999999999999981,2.9742856113021943,15,TP,130.65,0.19444366571412322,1.902864763637965,0.15428633218686597,0.10285755479114654,0.666666666666035,1.0,0.0,1.0,1.3758972038370945,0.6171453287474639,5.142877739562004,0.3333333333333333,1.131433102703635,5.245735294353151,0.3333333333333333,2.108579873220404,5.862880623100614,0.4166666666666667,2.3657237601984167,4.885733852583845,0.375,False,True,0.30857266437373193,0.9257179931211958,False,True,0.30857266437373193,0.9257179931211958,False,True,0.30857266437373193,1.5942920992642329,False,True,0.30857266437373193,3.445728085506625,False
EURJPY,early_back_inside_1,通常通り入る。エントリー後1本以内に終値がブレイク水準内へ戻れば次足始値で撤退,1,2016-02-18 20:00:00,2016-02-18 21:00:00,2016-02-23 01:00:00,short,3m,125.82,125.65,126.24253963549344,123.87238109351968,123.87238109351968,2.999999999999996,2.978904364786363,50,TP,125.66,0.23701585419737733,0.6750603268368494,1.940798439656017,1.43450319452835,0.7391304347826033,0.8260869565217458,0.17391304347825415,0.8260869565217458,0.9963711762317108,1.3501206536737589,1.940798439656017,0.6666666666666666,1.7720333579467746,2.5314762256382752,0.6666666666666666,3.965979420166565,3.755023068030057,0.6666666666666666,5.35829134426759,4.30350958358505,0.625,False,False,0.506295245127667,0.2531476225638335,True,False,0.8860166789734173,0.2531476225638335,True,False,1.1391643015372508,0.2531476225638335,True,True,1.1391643015372508,1.2235468423917821,True
EURJPY,early_back_inside_1,通常通り入る。エントリー後1本以内に終値がブレイク水準内へ戻れば次足始値で撤退,1,2016-02-29 22:00:00,2016-02-29 23:00:00,2016-03-01 07:00:00,short,3m,122.45,122.28,122.92608776352492,120.34173670942523,122.92608776352492,-0.9999999999999931,-1.0193472167492954,8,SL,122.28,0.25843510540996883,0.6578053694768828,2.1668882759238364,0.9286664039673349,0.4285714285714177,0.6249999999999873,0.3750000000000127,0.6249999999999873,1.0544633386847162,1.276916305455106,1.9347216749319889,1.0,1.3929996059510297,1.6251662069428772,0.5,3.5211934483762066,3.1729435468884355,0.5833333333333334,8.12583103471433,8.861025271188478,0.5833333333333334,False,False,0.42563876848503535,0.23216660099184747,False,True,0.6578053694768828,0.23216660099184747,False,True,0.6578053694768828,0.6191109359782232,True,False,1.276916305455106,0.6191109359782232,False
EURJPY,early_back_inside_1,通常通り入る。エントリー後1本以内に終値がブレイク水準内へ戻れば次足始値で撤退,1,2016-04-07 02:00:00,2016-04-07 03:00:00,2016-04-07 13:00:00,short,3m,124.67,124.55,125.13618836467057,122.79143490598827,122.79143490598827,3.0000000000000036,2.9786757964617543,10,TP,124.54,0.23447534586823027,0.5544292919949565,1.2794522122961467,1.0662101769134151,0.8333333333333017,0.8333333333333017,0.16666666666669824,0.8333333333333017,1.048647165415431,2.3883107962860595,1.791233097214484,1.0,2.3883107962860595,2.5162560175156137,0.6666666666666666,3.6677630085821455,2.558904424592172,0.6666666666666666,4.478082743036332,4.733973185495561,0.6666666666666666,False,True,0.21324203538267092,0.7250229203011296,False,True,0.21324203538267092,0.8956165486073027,False,True,0.21324203538267092,1.4073974335257613,False,True,0.3838356636887834,4.9045668138017335,False
EURJPY,early_back_inside_1,通常通り入る。エントリー後1本以内に終値がブレイク水準内へ戻れば次足始値で撤退,1,2016-04-17 22:00:00,2016-04-17 23:00:00,2016-04-18 09:00:00,short,3m,122.55,122.07,122.6000418184003,120.47987454479907,122.6000418184003,-0.9999999999999991,-1.0235830448958043,10,SL,122.0,0.21201672736012273,2.5941349385409116,2.075307950832729,0.8489896162497894,0.4090909090909267,1.0,0.0,1.0,0.978656826809649,0.5188269877081823,3.1129619262490937,0.6666666666666666,1.3206505141662943,3.7732871833322412,0.8333333333333334,2.7827992977075535,4.292114171040423,0.75,4.433612440415388,5.659930774998395,0.6666666666666666,False,False,0.7546574366664348,0.1414982693749649,False,False,0.8018235264581121,0.1886643591666422,False,True,0.8018235264581121,0.1886643591666422,False,True,0.8018235264581121,1.414982693749582,False
EURJPY,early_back_inside_1,通常通り入る。エントリー後1本以内に終値がブレイク水準内へ戻れば次足始値で撤退,1,2016-11-15 09:00:00,2016-11-15 10:00:00,2016-11-23 15:00:00,long,3m,116.56,116.71,116.15755502246458,118.36733493260625,118.36733493260625,3.0000000000000004,2.9773733122604287,147,TP,116.69,0.22097799101416812,0.5882938812293774,1.448108015333872,0.995574260542053,0.6875000000000111,0.8437500000000056,0.15624999999999445,0.8437500000000056,0.7128741463945453,1.4933613908130796,1.8553883946465475,1.0,1.5838681417714304,1.357601264375521,0.8333333333333334,1.9006417701257552,1.6291215172506381,0.6666666666666666,3.1677362835429252,3.937043666689069,0.6666666666666666,False,True,0.18101350191670182,0.8598141341044945,False,True,0.18101350191670182,0.8598141341044945,False,False,0.4977871302710265,0.8598141341044945,True,True,1.0860810115004038,0.8598141341044945,False
EURJPY,early_back_inside_1,通常通り入る。エントリー後1本以内に終値がブレイク水準内へ戻れば次足始値で撤退,1,2016-11-30 09:00:00,2016-11-30 10:00:00,2016-12-04 23:00:00,long,3m,120.14,120.31,119.7573241992454,121.9680274022638,119.7573241992454,-0.9999999999999992,-1.0226172377783165,59,SL,120.28,0.22107032030183993,0.6332826577934595,2.4878961556171393,2.4878961556171393,1.0,1.0,0.0,1.0,1.0813471570195046,1.2665653155868546,1.945082448937077,0.3333333333333333,2.3974272045038063,3.4378201423073604,0.5,2.533130631173838,2.8950064356272343,0.4166666666666667,4.613916506780882,4.704385457894279,0.5,False,False,0.27140685334006326,0.768986084463491,False,True,0.4523447555667292,0.768986084463491,False,True,0.4523447555667292,1.8998479733803784,False,True,0.4523447555667292,1.8998479733803784,False
EURJPY,early_back_inside_1,通常通り入る。エントリー後1本以内に終値がブレイク水準内へ戻れば次足始値で撤退,1,2017-02-06 13:00:00,2017-02-06 14:00:00,2017-02-10 01:00:00,short,3m,120.54,120.46,120.90009543311115,119.13971370066652,120.90009543311115,-0.9999999999999932,-1.0284029304999138,83,SL,120.44,0.1760381732444626,0.568058609998977,1.8745934129964545,1.8177875519966133,0.9696969696969971,1.0,0.0,1.0,0.8825049763399728,2.0450109959961393,2.8970989109945644,1.0,3.749186825992909,4.771692323991019,0.8333333333333334,4.487663018991491,3.976410269992516,0.6666666666666666,5.510168516989601,6.078227126988577,0.5833333333333334,False,True,0.1136117219997631,1.8177875519965325,True,False,1.0793113589979513,1.8177875519965325,True,False,1.3065348029975583,1.8177875519965325,True,True,1.3065348029975583,2.8402930499946426,True
EURJPY,early_back_inside_1,通常通り入る。エントリー後1本以内に終値がブレイク水準内へ戻れば次足始値で撤退,1,2017-02-22 08:00:00,2017-02-22 09:00:00,2017-02-22 16:00:00,short,3m,119.33,119.14,119.4775196419848,118.12744107404559,119.4775196419848,-0.9999999999999875,-1.0370348816634123,7,SL,119.12,0.13500785679392094,1.5554650298652064,2.370232426461392,2.0739533731536786,0.8749999999999833,0.9687499999999848,0.031250000000015266,0.9687499999999848,0.984457060210358,1.9258138464997694,3.5553486396919305,0.6666666666666666,3.1849998230573675,4.444185799614965,0.6666666666666666,3.4072091130381263,4.962674142903438,0.5833333333333334,5.777441539499518,6.962557752730162,0.5833333333333334,False,True,0.14813952665380412,1.2591859765575981,False,True,0.14813952665380412,1.9998836098268293,False,True,0.14813952665380412,3.8516276929997493,False,True,0.14813952665380412,3.8516276929997493,False
EURJPY,early_back_inside_1,通常通り入る。エントリー後1本以内に終値がブレイク水準内へ戻れば次足始値で撤退,1,2017-03-09 09:00:00,2017-03-09 10:00:00,2017-03-10 09:00:00,long,3m,121.12,121.25,120.8316995835087,122.50490124947393,122.50490124947393,3.000000000000007,2.9701171705616853,23,TP,121.22,0.16732016659652382,0.5976565887669387,4.183596121368741,3.4664082148484314,0.8285714285714396,0.857142857142863,0.14285714285713705,0.857142857142863,1.2481365303101453,0.6574222476436665,3.64570519147853,0.6666666666666666,0.8367192242737652,3.765236509231901,0.5,1.5539071307941597,4.123830462492098,0.5833333333333334,5.139846663395962,5.7972689110396285,0.5,False,True,0.5378909298902959,1.1355475186572346,True,False,0.896484883150493,1.1355475186572346,True,False,1.9722667429309997,1.1355475186572346,True,True,2.211329378437826,3.5859395326018024,True
EURJPY,early_back_inside_1,通常通り入る。エントリー後1本以内に終値がブレイク水準内へ戻れば次足始値で撤退,1,2017-03-29 11:00:00,2017-03-29 12:00:00,2017-03-29 13:00:00,short,3m,119.32,119.15,119.61758093047581,117.74725720857258,119.29,-0.2994134081933951,-0.32614674821063816,1,early_back_inside,119.17,0.18703237219032315,0.8020002005179738,3.475334202244781,3.0476007619684373,0.8769230769230587,0.8923076923076819,0.10769230769231812,0.8923076923076819,1.1324269638521993,1.4970670409669755,2.833734041830341,0.6666666666666666,2.9406674018993892,5.025867923246243,0.8333333333333334,4.010001002590097,5.988268163867902,0.6666666666666666,4.010001002590097,3.635734242348315,0.5416666666666666,True,False,0.8554668805525358,0.8554668805525358,True,False,0.8554668805525358,0.8554668805525358,True,False,1.6574670810705856,0.8554668805525358,True,False,1.7644004411396335,0.8554668805525358,True
EURJPY,early_back_inside_1,通常通り入る。エントリー後1本以内に終値がブレイク水準内へ戻れば次足始値で撤退,1,2017-11-30 18:00:00,2017-11-30 19:00:00,2017-11-30 20:00:00,long,3m,133.86,134.03,133.54626796387308,135.48119610838074,133.85,-0.3721068413024876,-0.3979475941706914,1,early_back_inside,134.04,0.19349281445076563,0.9302671032560721,1.860534206512438,1.2920376434113663,0.6944444444444181,0.7777777777777515,0.22222222222224855,0.7777777777777515,1.1905298141489196,2.7391198040321028,4.237883470389247,1.0,3.876112930234099,5.58160261953702,1.0,5.219832079381873,5.323195090854835,0.8333333333333334,5.788328642482945,7.028684780157756,0.7083333333333334,True,False,1.085311620465442,0.15504451720936985,True,False,1.188674631938404,0.15504451720936985,True,False,1.188674631938404,0.41345204589170187,True,False,1.188674631938404,0.41345204589170187,True
EURJPY,early_back_inside_1,通常通り入る。エントリー後1本以内に終値がブレイク水準内へ戻れば次足始値で撤退,1,2017-12-20 16:00:00,2017-12-20 17:00:00,2017-12-22 01:00:00,long,3m,134.33,134.61,134.15831591750083,135.96505224749757,134.15831591750083,-0.9999999999999905,-1.0276742096618088,32,SL,134.6,0.18067363299967557,1.4944073217394518,2.9888146434790612,2.379982030918584,0.7962962962963207,0.8148148148148227,0.18518518518517738,0.8148148148148227,1.1834921590134635,1.8818462570053813,3.154859901450129,0.6666666666666666,1.8818462570053813,3.7636925140107627,0.5,3.3209051594213537,4.538570384542307,0.5833333333333334,5.811584028987212,6.475765060871325,0.625,False,False,0.44278735458940893,0.33209051594213534,False,True,0.44278735458940893,0.38743893526577217,False,True,0.44278735458940893,0.4981357739132031,False,False,0.44278735458940893,0.8302262898553384,False
EURJPY,early_back_inside_1,通常通り入る。エントリー後1本以内に終値がブレイク水準内へ戻れば次足始値で撤退,1,2018-02-01 10:00:00,2018-02-01 11:00:00,2018-02-05 20:00:00,long,3m,136.27,136.43,135.9523954568814,137.86281362935586,135.9523954568814,-1.000000000000006,-1.0261722803522142,55,SL,136.45,0.19104181724744534,0.942202092680237,1.8320596246562064,1.727370503247225,0.9428571428571126,0.9428571428571126,0.057142857142887304,0.9428571428571126,0.9304296485546224,2.5648834745186297,3.7688083707213944,0.6666666666666666,2.6172280352231945,3.350051885085618,0.6666666666666666,3.925842052834792,4.868044145515029,0.75,5.234456070446389,5.967279920308813,0.7083333333333334,False,False,0.8375129712714044,0.15703368211339763,False,False,0.942202092680237,0.15703368211339763,False,True,0.942202092680237,0.4711010463401929,True,False,2.5125389138142133,0.9945466533848021,False
EURJPY,early_back_inside_1,通常通り入る。エントリー後1本以内に終値がブレイク水準内へ戻れば次足始値で撤退,1,2018-03-22 22:00:00,2018-03-22 23:00:00,2018-03-23 00:00:00,short,3m,129.35,129.16,129.89312552341264,126.96062342976207,129.34,-0.24552412138390806,-0.26257440759110773,1,early_back_inside,129.17,0.2932502093650571,0.6138103034597702,2.387040069010088,1.398123468991731,0.5857142857143309,0.6571428571428792,0.3428571428571208,0.6571428571428792,1.6288132223031573,1.977833200037005,2.0460343448659004,0.6666666666666666,2.455241213838984,2.966749800055459,0.5,2.69394522074007,3.1372526621276497,0.5833333333333334,5.080985289750158,5.456091586308939,0.5,True,False,0.6820114482886658,0.47740801380197884,True,False,1.0571177448473497,0.47740801380197884,True,False,1.0571177448473497,0.47740801380197884,True,False,1.0571177448473497,0.47740801380197884,True
EURJPY,early_back_inside_1,通常通り入る。エントリー後1本以内に終値がブレイク水準内へ戻れば次足始値で撤退,1,2018-04-09 13:00:00,2018-04-09 14:00:00,2018-04-09 15:00:00,long,3m,131.8,131.9,131.47036067826883,133.1889179651935,131.75,-0.34913005493911536,-0.3782242261840141,1,early_back_inside,131.89,0.17185572869246574,0.5236950824085077,1.3965202197564617,1.1055785073071436,0.7916666666666272,0.9583333333332544,0.041666666666745615,0.9583333333332544,0.9340974099151432,1.9202153021651347,2.6184754120432,0.6666666666666666,2.909417124492518,2.269345357104085,0.5,3.4913005493909886,4.131372316779257,0.75,3.5494888918809515,3.4913005493909886,0.625,True,False,0.8146367948578257,0.5236950824086731,True,False,0.9892018223273834,0.5236950824086731,True,False,1.1637668497969411,0.5236950824086731,True,False,3.0839821519619104,0.5236950824086731,True
EURJPY,early_back_inside_1,通常通り入る。エントリー後1本以内に終値がブレイク水準内へ戻れば次足始値で撤退,1,2018-04-24 13:00:00,2018-04-24 14:00:00,2018-04-24 17:00:00,long,3m,133.07,133.43,133.0343447697335,134.6169656907995,133.0343447697335,-1.000000000000008,-1.0315931625409636,3,SL,133.42,0.15826209210659828,2.2115213778688703,2.969757278852524,2.401080353114784,0.8085106382978646,0.9361702127659549,0.06382978723404513,0.9361702127659549,1.1091960338501692,1.3900991518033055,3.222502579180349,1.0,2.780198303606611,4.107111130327826,0.6666666666666666,2.969757278852524,4.043924805245914,0.5833333333333334,4.35985643065583,6.192259858032873,0.5833333333333334,False,False,1.137353851475301,0.3159316254099156,False,False,1.137353851475301,0.3159316254099156,False,False,2.401080353114784,0.3159316254099156,True,False,3.601620529672176,0.3159316254099156,False
EURJPY,early_back_inside_1,通常通り入る。エントリー後1本以内に終値がブレイク水準内へ戻れば次足始値で撤退,1,2018-05-23 07:00:00,2018-05-23 08:00:00,2018-05-28 12:00:00,short,3m,129.22,128.87,129.52440171956854,126.90679484129441,126.90679484129441,3.0000000000000027,2.9808985832001964,73,TP,128.86,0.2617606878274119,1.3753020095872683,4.0495003615626874,3.51466069116756,0.8679245283018732,0.8679245283018732,0.13207547169812686,0.8679245283018732,1.5354357356278503,1.2224906751888158,4.35512303035981,0.3333333333333333,3.4764578575679472,4.240514529560862,0.5,3.9730946943633527,6.685495879938385,0.5,6.265264710342314,9.1304772303158,0.5416666666666666,False,False,0.15281133439856126,1.489910510386325,False,True,0.19101416799817442,1.9865473471817305,False,True,0.19101416799817442,1.9865473471817305,False,True,0.6112453375943536,2.444981350377523,False
EURJPY,early_back_inside_1,通常通り入る。エントリー後1本以内に終値がブレイク水準内へ戻れば次足始値で撤退,1,2018-08-03 13:00:00,2018-08-03 14:00:00,2018-08-07 18:00:00,short,3m,129.11,128.7,129.1084773667572,127.47456789972833,129.1084773667572,-0.9999999999999796,-1.0306014506977808,50,SL,128.71,0.16339094670288765,2.448116055826344,3.3049566753656427,3.0601450697828865,0.9259259259258908,0.9259259259258908,0.07407407407410917,0.9259259259258908,1.1501194641108041,1.8972899432654036,3.488565379552449,0.3333333333333333,1.8972899432654036,3.1213479711784884,0.5,2.0808986474523836,4.345405999091573,0.5833333333333334,2.570521858617722,4.95743501304829,0.5416666666666666,False,False,1.162855126517483,0.06120290139577601,False,False,1.224058027913085,0.06120290139577601,False,False,1.5300725348914432,0.06120290139577601,False,True,1.5300725348914432,0.24481160558275616,False
EURJPY,early_back_inside_1,通常通り入る。エントリー後1本以内に終値がブレイク水準内へ戻れば次足始値で撤退,1,2018-08-26 23:00:00,2018-08-27 00:00:00,2018-08-27 01:00:00,long,3m,129.43,129.58,129.2017968773843,130.71460936784715,129.41,-0.44949390905148573,-0.4825449317758265,1,early_back_inside,129.6,0.15128124904628584,1.1237347726285263,1.916959318013457,1.6525511362185428,0.8620689655172651,0.8965517241379243,0.10344827586207572,0.8965517241379243,0.8936464651719712,1.4542449998723102,2.181367499808371,0.3333333333333333,1.5203470453211796,2.049163408911008,0.16666666666666666,3.833918636027102,4.8254493177580775,0.5833333333333334,6.742408635771722,7.535633181156465,0.625,True,False,1.5203470453209917,-0.13220409089736318,True,False,1.916959318013457,-0.13220409089736318,True,False,4.164428863270698,-0.13220409089736318,True,False,4.230530908719379,-0.13220409089736318,True
EURJPY,early_back_inside_1,通常通り入る。エントリー後1本以内に終値がブレイク水準内へ戻れば次足始値で撤退,1,2018-10-08 08:00:00,2018-10-08 09:00:00,2018-10-18 17:00:00,short,3m,130.15,129.97,130.48905903395524,128.41282289813427,128.41282289813427,2.999999999999977,2.97591796080544,198,TP,129.99,0.20762361358209935,0.7706252542258578,3.515977722405502,3.3714854872381452,0.9589041095890389,0.9589041095890389,0.04109589041096104,0.9589041095890389,1.1026117441285177,1.8783990571756397,4.47925929018779,1.0,2.215547605899427,5.298048622802859,1.0,2.600860233012287,5.249884544413785,0.75,3.612305879183786,5.009064152468144,0.5833333333333334,False,False,0.8187893326149313,0.09632815677828356,False,False,0.8187893326149313,0.1444922351673569,False,False,0.8187893326149313,0.19265631355656712,False,True,0.8187893326149313,1.8302349787864296,False
EURJPY,early_back_inside_1,通常通り入る。エントリー後1本以内に終値がブレイク水準内へ戻れば次足始値で撤退,1,2019-01-02 02:00:00,2019-01-02 03:00:00,2019-01-02 09:00:00,short,3m,125.53,125.49,125.66499191175882,124.96502426472352,124.96502426472352,3.0000000000000333,2.9285681270960073,6,TP,125.49,0.0699967647035286,0.5714549832328153,1.8572286955064974,1.285773712273682,0.6923076923076671,0.7692307692307776,0.23076923076922237,0.7692307692307776,0.5245540895853601,3.714457391012589,3.1430024077799765,1.0,4.285912374245404,2.2858199329310582,0.5,4.285912374245404,2.2858199329310582,0.25,4.285912374245404,2.2858199329310582,0.125,False,True,0.0,5.285958594902577,False,True,0.0,5.285958594902577,False,True,0.0,5.285958594902577,False,True,0.42859123742456073,5.285958594902577,False
EURJPY,early_back_inside_1,通常通り入る。エントリー後1本以内に終値がブレイク水準内へ戻れば次足始値で撤退,1,2019-03-22 14:00:00,2019-03-22 15:00:00,2019-03-25 08:00:00,short,3m,124.27,123.94,124.54957324912665,122.11128025262003,124.54957324912665,-0.9999999999999997,-1.0205061492083147,16,SL,123.99,0.2438292996506619,1.1483443556666961,2.1326395176667545,1.6404919366667254,0.769230769230765,1.0,0.0,1.0,1.96928541295844,2.0506149208333775,2.5837748002500955,1.0,7.177152222916821,3.568069962250096,0.8333333333333334,7.177152222916821,7.956385892833555,0.4166666666666667,7.177152222916821,8.407521175416894,0.4583333333333333,False,True,0.6972090730833554,0.6561967746666668,False,False,0.6972090730833554,0.6972090730833554,True,False,1.2303689525000732,0.6972090730833554,True,False,1.5584673398334066,0.6972090730833554,True
EURJPY,early_back_inside_1,通常通り入る。エントリー後1本以内に終値がブレイク水準内へ戻れば次足始値で撤退,1,2019-05-05 22:00:00,2019-05-05 23:00:00,2019-05-06 11:00:00,short,3m,123.99,123.72,124.10321387586283,122.57035837241149,124.10321387586283,-0.9999999999999957,-1.0326188606084323,12,SL,123.74,0.15328555034513508,1.6309430304233135,2.93569745476189,0.6523772121692883,0.22222222222221522,0.733333333333348,0.26666666666665195,0.733333333333348,1.4405633502784938,0.7176149333862543,3.849025551799042,0.3333333333333333,1.5657053092063475,4.697115927619135,0.3333333333333333,2.087607078941797,3.849025551799042,0.3333333333333333,2.4137956850265336,5.41473086100539,0.4583333333333333,False,True,0.5871394909524151,2.3485579638095677,False,True,0.652377212169381,2.413795685026441,False,True,0.652377212169381,2.5442711274603727,False,False,1.8918939152910845,2.5442711274603727,False
EURJPY,early_back_inside_1,通常通り入る。エントリー後1本以内に終値がブレイク水準内へ戻れば次足始値で撤退,1,2019-07-16 09:00:00,2019-07-16 10:00:00,2019-07-16 14:00:00,short,3m,121.3,121.17,121.43751373848232,120.36745878455302,121.43751373848232,-0.9999999999999809,-1.0467265721413008,4,SL,121.18,0.1070054953929307,1.1214377313926078,2.6166880399161734,2.6166880399161734,1.0,1.0,0.0,1.0,1.078152934487126,2.5232348956335335,4.018485204157099,0.6666666666666666,2.5232348956335335,3.644672627026141,0.3333333333333333,2.5232348956335335,2.6166880399161734,0.16666666666666666,2.990500617047131,4.205391492722511,0.375,False,True,0.373812577130825,0.7476251542619156,False,True,0.373812577130825,0.7476251542619156,True,False,2.055969174219936,0.934531442827328,True,False,3.0839537613299037,0.934531442827328,True
EURJPY,early_back_inside_1,通常通り入る。エントリー後1本以内に終値がブレイク水準内へ戻れば次足始値で撤退,1,2019-08-01 12:00:00,2019-08-01 13:00:00,2019-08-02 01:00:00,short,3m,120.03,119.77,120.17032227646841,118.56903317059474,118.56903317059474,3.0000000000000044,2.968775157579888,12,TP,119.76,0.1601289105873678,1.686141490687789,2.7477861329727196,2.43553770877129,0.8863636363636422,0.9772727272727155,0.022727272727284472,0.9772727272727155,1.5131928687614653,2.248188654250415,4.059229514618758,1.0,3.184933926854703,4.87107541754258,0.8333333333333334,3.372282981375578,5.245773526584242,0.5833333333333334,5.932720059827422,8.056009344397284,0.5833333333333334,False,False,0.7493962180834124,0.4371477938820719,False,True,0.7493962180834124,1.311443381646127,False,False,0.7493962180834124,1.311443381646127,False,True,0.7493962180834124,5.308223211424652,False
EURJPY,early_back_inside_1,通常通り入る。エントリー後1本以内に終値がブレイク水準内へ戻れば次足始値で撤退,1,2019-08-23 15:00:00,2019-08-23 16:00:00,2019-08-26 07:00:00,short,3m,117.5,117.37,117.7874202349423,116.11773929517312,117.7874202349423,-1.0000000000000067,-1.0299458410340827,14,SL,117.36,0.16696809397691825,0.8384835489548933,2.7550173751375433,2.635234011001069,0.9565217391304133,0.9782608695652066,0.021739130434793353,0.9782608695652066,1.3248759059378903,1.7368587799780237,2.814909057205695,0.6666666666666666,1.8566421441144128,3.2940425137513363,0.6666666666666666,2.335775600660054,3.353934195819573,0.5833333333333334,2.51545064686468,3.8929593344334514,0.5416666666666666,False,False,0.7785918668866563,0.5989168206820302,False,False,0.7785918668866563,0.5989168206820302,False,True,0.7785918668866563,0.5989168206820302,False,True,0.7785918668866563,3.4138258778877253,False
EURJPY,early_back_inside_1,通常通り入る。エントリー後1本以内に終値がブレイク水準内へ戻れば次足始値で撤退,1,2019-10-11 10:00:00,2019-10-11 11:00:00,2019-10-17 08:00:00,long,3m,119.35,119.47,119.0709052582008,120.6672842253976,120.6672842253976,2.9999999999999876,2.9686791162829134,92,TP,119.48,0.15963789671968004,0.814342976644739,2.3177453950656517,2.3177453950656517,1.0,1.0,0.0,1.0,1.1963695783588113,2.505670697368277,4.00907311578919,0.6666666666666666,2.505670697368277,3.507938976315552,0.6666666666666666,2.6935959996709022,4.447565487828679,0.6666666666666666,4.760774324999691,6.577385580591616,0.5833333333333334,False,True,0.18792530230262525,2.568312464802426,False,True,0.18792530230262525,2.568312464802426,False,True,0.18792530230262525,3.069446604276064,False,True,0.18792530230262525,3.069446604276064,False
EURJPY,early_back_inside_1,通常通り入る。エントリー後1本以内に終値がブレイク水準内へ戻れば次足始値で撤退,1,2020-01-26 23:00:00,2020-01-27 00:00:00,2020-01-27 01:00:00,short,3m,120.16,119.94,120.32202361595864,118.79392915212405,120.26,-0.837644550316613,-0.8703650405633252,1,early_back_inside,119.94,0.15280944638345884,1.4397015708566379,1.5051425513501553,1.1779376488827544,0.78260869565219,0.9130434782608884,0.08695652173911163,0.9130434782608884,1.3132473161326186,0.8507327464152606,3.7301358881286295,0.3333333333333333,1.7014654928305213,3.795576868622054,0.5,3.664694907635019,6.347775107867928,0.5,5.497042361452575,7.3948307957636485,0.4583333333333333,True,False,2.159552356284957,0.06544098049342435,True,False,2.159552356284957,0.06544098049342435,True,False,2.159552356284957,0.06544098049342435,True,False,2.4867572587523576,0.06544098049342435,True
EURJPY,early_back_inside_1,通常通り入る。エントリー後1本以内に終値がブレイク水準内へ戻れば次足始値で撤退,1,2020-02-20 14:00:00,2020-02-20 15:00:00,2020-02-20 16:00:00,long,3m,121.13,121.3,120.80176899108378,122.79469302674867,121.05,-0.5017752719643241,-0.5268640355625175,1,early_back_inside,121.29,0.19929240356649128,0.8028404351429728,1.956923560660867,1.5555033430894163,0.7948717948717996,0.7948717948717996,0.20512820512820046,0.7948717948717996,1.6992707192012895,1.5555033430894163,2.408521305428776,0.6666666666666666,3.261539267768064,3.512426903750283,0.8333333333333334,4.917397665250325,5.720238100393298,0.9166666666666666,8.37964704180415,8.83124478657213,0.7916666666666666,True,False,1.3547932343037266,0.2508876359821478,True,False,4.01420217571465,0.2508876359821478,True,False,4.01420217571465,0.2508876359821478,True,False,4.01420217571465,0.2508876359821478,True
EURJPY,early_back_inside_1,通常通り入る。エントリー後1本以内に終値がブレイク水準内へ戻れば次足始値で撤退,1,2020-05-27 09:00:00,2020-05-27 10:00:00,2020-05-27 15:00:00,long,3m,118.5,118.66,118.13570445153998,120.23288664538003,118.13570445153998,-1.000000000000008,-1.0238415146508653,5,SL,118.65,0.20971821938400526,0.7152454395263946,4.434521725063511,3.62391022693362,0.8172043010752683,1.0,0.0,1.0,1.4603511991988738,1.5735399669580004,3.9100084027441775,1.0,1.7642720841650614,3.7669593148388985,0.8333333333333334,2.1934193478808983,2.956347816709007,0.5,3.0040308460107217,3.0040308460107896,0.5,False,False,0.476830293017619,0.6198793809228301,False,True,0.476830293017619,1.1443927032421637,False,True,1.1443927032422314,1.1443927032421637,True,False,2.5272005529931705,1.1443927032421637,False
EURJPY,early_back_inside_1,通常通り入る。エントリー後1本以内に終値がブレイク水準内へ戻れば次足始値で撤退,1,2020-07-14 10:00:00,2020-07-14 11:00:00,2020-07-22 04:00:00,long,3m,121.95,122.1,121.70205356053538,123.29383931839384,123.29383931839384,2.999999999999992,2.9685887376783446,137,TP,122.1,0.159178575785846,0.942337869650228,1.5077405914405075,1.382095542153739,0.9166666666666272,0.9166666666666272,0.08333333333337281,0.9166666666666272,1.1693631072178283,2.952658658237542,3.455238855384348,0.6666666666666666,2.952658658237542,2.952658658237542,0.6666666666666666,3.078303707524221,2.3872559364473513,0.5,4.774511872894703,5.0886244961114455,0.5416666666666666,False,True,0.31411262321674266,0.6282252464335746,False,False,0.8166928203635487,0.6282252464335746,False,True,0.8166928203635487,0.6910477710768695,False,True,0.8166928203635487,1.193627968223765,False
EURJPY,early_back_inside_1,通常通り入る。エントリー後1本以内に終値がブレイク水準内へ戻れば次足始値で撤退,1,2020-08-05 09:00:00,2020-08-05 10:00:00,2020-08-06 11:00:00,long,3m,125.17,125.31,124.94576508452589,126.40270474642236,124.94576508452589,-0.9999999999999885,-1.034318511128219,25,SL,125.34,0.1456939661896473,1.1668293783609107,2.0591106676956845,1.578651511900067,0.7666666666666871,0.8666666666666919,0.13333333333330807,0.8666666666666919,0.9013725421806968,2.6768438680044193,3.157303023800134,1.0,2.745480890260978,4.186858357647928,0.5,3.2259400460565955,4.392769424417506,0.4166666666666667,5.696872847291436,2.5395698234913997,0.4583333333333333,False,False,1.098192356104352,0.2745480890260393,False,False,1.098192356104352,0.2745480890260393,False,False,1.098192356104352,0.8236442670782153,False,True,1.1668293783609107,1.0295553338477934,False
EURJPY,early_back_inside_1,通常通り入る。エントリー後1本以内に終値がブレイク水準内へ戻れば次足始値で撤退,1,2020-09-16 12:00:00,2020-09-16 13:00:00,2020-09-21 08:00:00,short,3m,124.44,124.36,124.79656866788886,123.05029399633341,123.05029399633341,2.999999999999996,2.97136761998877,66,TP,124.35,0.1746274671555457,0.5153828402025543,2.863238001125193,1.832472320720166,0.6400000000000148,0.8200000000000216,0.1799999999999784,0.8200000000000216,1.1990958096962743,2.347855160922639,3.3786208413277476,0.3333333333333333,2.347855160922639,3.0350322811927115,0.5,2.8059732411026603,1.7752075606976327,0.3333333333333333,5.497416962160336,4.466651281755308,0.375,False,True,0.3435885601350362,1.0880304404275605,False,True,0.3435885601350362,2.6914437210576754,False,True,0.3435885601350362,2.6914437210576754,False,True,0.3435885601350362,2.6914437210576754,False
EURJPY,early_back_inside_1,通常通り入る。エントリー後1本以内に終値がブレイク水準内へ戻れば次足始値で撤退,1,2020-09-28 00:00:00,2020-09-28 01:00:00,2020-09-28 02:00:00,short,3m,122.5,122.39,122.75489612358454,121.29531162924638,122.62,-0.6303163698770219,-0.6645726943268283,1,early_back_inside,122.38,0.14595844943381572,0.8221517867961324,3.0830692004853995,3.0830692004853995,1.0,1.0,0.0,1.0,0.8871858494074643,0.9591770845954555,2.7405059559870435,0.3333333333333333,1.2332276801941013,2.6034806581877206,0.3333333333333333,1.918354169190911,1.986866818090621,0.4166666666666667,3.6311703916827884,4.590347476278244,0.5416666666666666,True,False,2.192404764789654,-0.06851264889971016,True,False,2.192404764789654,-0.06851264889971016,True,False,2.192404764789654,-0.06851264889971016,True,False,2.192404764789654,0.0685126488996128,True
EURJPY,early_back_inside_1,通常通り入る。エントリー後1本以内に終値がブレイク水準内へ戻れば次足始値で撤退,1,2021-02-24 07:00:00,2021-02-24 08:00:00,2021-02-25 08:00:00,long,3m,128.42,128.55,128.2259184846971,129.52224454590876,129.52224454590876,3.000000000000005,2.96142945706637,24,TP,128.55,0.1296326061211666,1.0028341162756065,2.391373661887563,1.9285271466835046,0.8064516129032199,0.838709677419411,0.16129032258058898,0.838709677419411,1.1250227099357248,1.9285271466835046,2.699938005357082,1.0,1.9285271466835046,2.5456558336223223,0.6666666666666666,4.474182980305827,5.245593838979185,0.5833333333333334,5.091311667244535,5.091311667244535,0.4583333333333333,False,True,0.30856434346951855,1.2342573738774165,False,True,0.4628465152040586,1.2342573738774165,False,True,0.4628465152040586,1.6971038890814751,False,True,0.4628465152040586,1.6971038890814751,False
EURJPY,early_back_inside_1,通常通り入る。エントリー後1本以内に終値がブレイク水準内へ戻れば次足始値で撤退,1,2021-03-23 18:00:00,2021-03-23 19:00:00,2021-03-26 07:00:00,short,3m,128.72,128.63,128.99201531866663,127.54395404400012,128.99201531866663,-1.0000000000000255,-1.0345289255881156,60,SL,128.63,0.14480612746665059,0.6215206605862087,1.7264462794060698,1.58833057705371,0.9200000000000728,1.0,0.0,1.0,1.1822704436064735,1.1739834699960412,2.002677684110986,0.6666666666666666,1.933619832934806,2.3479669399922787,0.8333333333333334,6.215206605861891,5.731801647628238,0.8333333333333334,7.527305778210488,8.355999992325433,0.7083333333333334,False,False,0.2762314047049162,0.2762314047049162,False,False,0.8286942141149449,0.2762314047049162,False,False,0.8286942141149449,0.2762314047049162,False,True,0.8286942141149449,1.4502148747011536,False
EURJPY,early_back_inside_1,通常通り入る。エントリー後1本以内に終値がブレイク水準内へ戻れば次足始値で撤退,1,2021-04-20 04:00:00,2021-04-20 05:00:00,2021-04-20 09:00:00,long,3m,130.65,130.88,130.5477774797242,131.87666756082737,130.5477774797242,-0.999999999999995,-1.037625384304502,4,SL,130.85,0.13288900811031748,1.5050153721815662,3.1605322815813746,2.78427843853609,0.880952380952418,1.0,0.0,1.0,1.2050937232466399,1.0535107605272673,3.1605322815813746,0.6666666666666666,3.6120368932358873,4.816049190981183,0.8333333333333334,3.6120368932358873,5.493306108462952,0.5833333333333334,5.643807645681194,7.750829166735515,0.5833333333333334,False,False,0.677256917481769,0.677256917481769,False,True,0.677256917481769,0.677256917481769,False,False,0.8277584546997973,0.677256917481769,True,False,2.78427843853609,0.677256917481769,False
EURJPY,early_back_inside_1,通常通り入る。エントリー後1本以内に終値がブレイク水準内へ戻れば次足始値で撤退,1,2021-07-08 04:00:00,2021-07-08 05:00:00,2021-07-09 06:00:00,short,3m,130.04,129.93,130.28445911488558,128.86662265534332,130.28445911488558,-1.0000000000000386,-1.0352649980634243,25,SL,129.92,0.14178364595422316,0.8463599535220602,1.974839891551407,1.6927199070441203,0.8571428571428862,1.0,0.0,1.0,1.2783251153024342,2.2569598760586933,3.1738498257077254,0.6666666666666666,2.6096098566927517,2.9622598373272107,0.6666666666666666,4.020209779229585,4.654979744371331,0.75,6.559289639795566,6.841409624303052,0.625,False,True,0.49370997288800206,2.11589988380495,False,True,0.49370997288800206,2.11589988380495,False,False,1.4811299186636053,2.11589988380495,False,False,1.4811299186636053,2.11589988380495,False
EURJPY,early_back_inside_1,通常通り入る。エントリー後1本以内に終値がブレイク水準内へ戻れば次足始値で撤退,1,2021-08-31 01:00:00,2021-08-31 02:00:00,2021-08-31 12:00:00,long,3m,129.78,129.84,129.6433645299804,130.42990641005878,129.6433645299804,-1.000000000000049,-1.0635694058592424,10,SL,129.85,0.07865418800783643,0.8899716820294297,2.161359799214742,2.0342209874959942,0.9411764705881271,0.9411764705881271,0.05882352941187288,0.9411764705881271,0.8204249745464158,1.271388117184951,2.797053857807037,0.3333333333333333,1.3985269289033377,2.542776234369902,0.5,1.907082175777246,3.0513314812438104,0.5833333333333334,3.3056091046809453,3.687025539836467,0.5416666666666666,False,True,0.2542776234367734,0.762832870311043,False,False,0.5085552468739082,0.762832870311043,False,True,0.5085552468739082,1.1442493054665643,False,True,0.6356940585922949,2.161359799214742,False
EURJPY,early_back_inside_1,通常通り入る。エントリー後1本以内に終値がブレイク水準内へ戻れば次足始値で撤退,1,2022-02-24 02:00:00,2022-02-24 03:00:00,2022-02-24 18:00:00,short,3m,129.17,128.86,129.49236561203458,126.9629031638963,129.49236561203458,-0.9999999999999868,-1.0197670457755648,15,SL,128.85,0.25294624481382805,1.265090929638104,3.637136422709577,2.9650568663393697,0.8152173913043589,0.9782608695652368,0.021739130434763134,0.9782608695652368,1.247874192988926,1.7790341198035768,3.044125049441793,0.6666666666666666,2.0557727606620033,4.585954619938211,0.6666666666666666,3.7952727889144247,5.613841000269269,0.75,4.585954619938211,5.49523872561569,0.625,False,False,0.4744090986143171,1.9767045775595797,False,True,0.4744090986143171,1.9767045775595797,False,True,0.4744090986143171,1.9767045775595797,False,True,1.2255568380869484,1.9767045775595797,False
EURJPY,early_back_inside_1,通常通り入る。エントリー後1本以内に終値がブレイク水準内へ戻れば次足始値で撤退,1,2022-04-18 23:00:00,2022-04-19 00:00:00,2022-04-19 06:00:00,long,3m,137.28,137.38,137.01750875030277,138.4674737490917,138.4674737490917,3.000000000000029,2.9655164089880275,6,TP,137.44,0.14499649987889382,1.1034749123850178,1.5862451865534262,1.5862451865534262,1.0,1.0,0.0,1.0,0.7558903033155971,1.7241795506016269,3.10352319108285,1.0,2.7586872809624463,3.86216219334766,0.8333333333333334,3.9311293753716625,5.3104730158530815,0.8333333333333334,5.03460428775668,5.724276107997292,0.625,False,True,0.5517374561924109,1.2414092764332185,False,True,0.5517374561924109,2.758687280962642,False,True,0.5517374561924109,4.275965285492066,False,True,0.5517374561924109,6.138079200141894,False
EURJPY,early_back_inside_1,通常通り入る。エントリー後1本以内に終値がブレイク水準内へ戻れば次足始値で撤退,1,2023-01-03 00:00:00,2023-01-03 01:00:00,2023-01-04 14:00:00,short,3m,139.17,138.71,139.4417004486672,136.5148986539984,139.4417004486672,-0.9999999999999833,-1.0170834936930067,37,SL,138.72,0.29268017946688396,1.5375144323734604,3.416698738607776,2.1525202053228836,0.6299999999999955,0.6500000000000057,0.3499999999999943,0.6500000000000057,1.2533593787281856,2.2550211674811207,2.4941900791836416,0.3333333333333333,2.357522129639358,2.4258561044115483,0.5,2.494190079183739,2.7675259782723067,0.5833333333333334,3.177529826905255,4.817545221436953,0.625,False,True,0.4441708360189954,0.5466717981772325,False,True,0.4441708360189954,0.9566756468101812,False,True,0.4441708360189954,1.605848407145651,False,True,0.4441708360189954,1.7425163566899349,False
EURJPY,early_back_inside_1,通常通り入る。エントリー後1本以内に終値がブレイク水準内へ戻れば次足始値で撤退,1,2023-02-27 14:00:00,2023-02-27 15:00:00,2023-03-09 08:00:00,long,3m,144.13,144.23,143.75181676839512,145.66454969481464,143.75181676839512,-0.9999999999999858,-1.0261406071434778,184,SL,144.27,0.19127329264195211,0.7319370000185195,2.509498285777611,1.6729988571851235,0.6666666666666864,0.6666666666666864,0.3333333333333136,0.6666666666666864,1.0647033605685448,1.5684364286110068,1.9344049286201923,0.3333333333333333,1.5684364286110068,2.143529785768277,0.5,2.561779500064595,2.8231855714998124,0.4166666666666667,2.614060714351579,2.614060714351579,0.4166666666666667,False,True,0.4705309285833021,0.2614060714350688,False,True,0.4705309285833021,0.8364994285924875,False,True,0.4705309285833021,1.254749142888657,False,True,0.4705309285833021,1.3593115714627737,False
EURJPY,early_back_inside_1,通常通り入る。エントリー後1本以内に終値がブレイク水準内へ戻れば次足始値で撤退,1,2023-03-30 21:00:00,2023-03-30 22:00:00,2023-03-31 06:00:00,long,3m,145.08,145.23,144.56290689141844,147.23127932574468,144.56290689141844,-0.9999999999999807,-1.018738013988114,8,SL,145.24,0.2668372434326267,0.5996164476207937,1.686421258933582,1.4240890630993983,0.8444444444444024,0.9333333333333333,0.06666666666666667,0.9333333333333333,0.8973062642956934,1.0868048113126818,2.098657566672831,0.6666666666666666,2.548369902388453,3.4477945738196967,0.6666666666666666,4.084887049416757,3.860030881558946,0.5,7.232873399426004,5.658880224421433,0.5,False,True,0.03747602797637283,1.386613035123132,False,True,0.03747602797637283,1.386613035123132,True,False,1.1617568672653211,1.386613035123132,True,False,1.9862294827439257,1.386613035123132,True
EURJPY,early_back_inside_1,通常通り入る。エントリー後1本以内に終値がブレイク水準内へ戻れば次足始値で撤退,1,2023-08-10 02:00:00,2023-08-10 03:00:00,2023-08-18 14:00:00,long,3m,158.02,158.13,157.71065014111875,159.3880495766437,157.71065014111875,-1.0000000000000244,-1.0298080462775092,154,SL,158.13,0.16773994355249486,0.6557770181051736,1.5500184064305644,1.1327057585454385,0.7307692307692476,0.7307692307692476,0.2692307692307524,0.7307692307692476,0.7871615541344396,1.7884827766506122,2.026947146870829,1.0,2.026947146870829,2.682724164976003,0.8333333333333334,3.2192689979712372,2.7423402575311417,0.6666666666666666,6.140457533167457,6.557770181052583,0.625,False,True,0.2980804627750173,0.29808046277518674,False,True,0.2980804627750173,1.3115540362105167,False,True,0.2980804627750173,2.026947146870829,False,True,0.2980804627750173,2.6231080724210334,False
EURJPY,early_back_inside_1,通常通り入る。エントリー後1本以内に終値がブレイク水準内へ戻れば次足始値で撤退,1,2023-10-03 12:00:00,2023-10-03 13:00:00,2023-10-06 02:00:00,short,3m,156.63,156.11,156.74232672460275,154.2130198261918,156.74232672460275,-1.0000000000000067,-1.0197682614282138,61,SL,156.11,0.252930689841092,2.055899188535328,5.258357539907899,3.8350427170756456,0.7293233082706689,0.7293233082706689,0.270676691729331,0.7293233082706689,1.4253366077070913,1.0674861171240781,3.795506194219119,0.3333333333333333,1.265168731406373,3.795506194219119,0.3333333333333333,1.8582165742531453,2.8861661685208095,0.4166666666666667,3.5582870570805225,4.388554037065892,0.5833333333333334,False,True,0.31629218285153704,1.0674861171241905,False,True,0.31629218285153704,1.186095685693545,False,True,0.31629218285153704,1.186095685693545,False,True,0.31629218285153704,1.462851345688668,False
EURJPY,early_back_inside_1,通常通り入る。エントリー後1本以内に終値がブレイク水準内へ戻れば次足始値で撤退,1,2023-10-31 07:00:00,2023-10-31 08:00:00,2023-11-01 09:00:00,long,3m,159.89,160.09,159.4547517489151,161.99574475325474,159.4547517489151,-0.9999999999999867,-1.0196773465784943,25,SL,160.09,0.25409930043396456,0.7870938631410878,1.9677346578525516,1.9677346578525516,1.0,1.0,0.0,1.0,1.5100756110249143,2.439990975737182,3.581277077291631,1.0,5.430947655673025,6.611588450384601,0.8333333333333334,5.706430507772355,7.398682313525577,0.6666666666666666,7.634810472467891,8.461259028765994,0.7083333333333334,False,True,0.9051579426121336,2.5580550552083396,False,True,0.9051579426121336,2.7154738278365125,False,True,0.9051579426121336,2.7154738278365125,False,True,0.9051579426121336,2.7154738278365125,False
EURJPY,early_back_inside_1,通常通り入る。エントリー後1本以内に終値がブレイク水準内へ戻れば次足始値で撤退,1,2023-11-06 08:00:00,2023-11-06 09:00:00,2023-11-07 10:00:00,long,3m,160.78,160.84,160.4842977154739,161.90710685357834,160.4842977154739,-0.9999999999999808,-1.0351417478710747,25,SL,160.86,0.14228091381044397,0.5622679659381004,1.8273708892986764,1.265102923360576,0.6923076923076671,1.0,0.0,1.0,0.7592116913143825,1.6165204020717139,2.178788368009814,0.6666666666666666,1.757087393556289,2.319355359494389,0.5,3.514174787112578,4.287293240277441,0.5,7.0986330699673434,7.309483557194306,0.625,False,False,0.28113398296915004,0.4217009744533256,False,False,0.8434019489070507,0.4217009744533256,False,True,0.8434019489070507,0.7028349574224757,False,False,1.405669914845151,0.7028349574224757,False
EURJPY,early_back_inside_1,通常通り入る。エントリー後1本以内に終値がブレイク水準内へ戻れば次足始値で撤退,1,2024-04-23 05:00:00,2024-04-23 06:00:00,2024-04-25 03:00:00,long,3m,165.14,165.33,164.87749174943718,166.6875247516885,166.6875247516885,2.9999999999999813,2.9723761942805473,45,TP,165.33,0.18100330022513275,1.0497046173395914,4.530304137991417,3.3148566863352213,0.7317073170731792,0.7317073170731792,0.2682926829268208,0.7317073170731792,0.950106856628339,1.7126759546063215,2.596637737629152,0.0,2.0441616232398436,2.486142514751416,0.16666666666666666,2.0441616232398436,2.320399680434655,0.3333333333333333,3.425351909212957,2.817628183384938,0.4583333333333333,False,False,0.6629713372670443,0.27623805719449707,True,False,1.9889140118011326,0.27623805719449707,True,False,2.4308949033125478,0.27623805719449707,True,True,2.4308949033125478,1.5469331202897174,True
EURJPY,early_back_inside_1,通常通り入る。エントリー後1本以内に終値がブレイク水準内へ戻れば次足始値で撤退,1,2024-06-14 07:00:00,2024-06-14 08:00:00,2024-06-17 06:00:00,short,3m,168.1,167.88,168.80246064346326,165.1126180696102,168.80246064346326,-0.9999999999999982,-1.0135507136142494,21,SL,167.88,0.3689842573853077,0.5962313990275914,2.3849255961103655,1.3821727886548534,0.5795454545454473,0.5795454545454473,0.4204545454545528,0.5795454545454473,1.8720854191693939,3.84840266645088,4.309126929335805,1.0,3.84840266645088,4.363329783792887,0.5,3.84840266645088,1.92420133322544,0.25,4.688546910535224,5.149271173420149,0.5,False,True,0.1084057089140865,0.5420285445705095,False,False,1.3008685069693462,0.5420285445705095,True,False,1.3008685069693462,0.5420285445705095,True,False,1.3008685069693462,0.6233328262560937,True
EURJPY,early_back_inside_1,通常通り入る。エントリー後1本以内に終値がブレイク水準内へ戻れば次足始値で撤退,1,2024-07-23 05:00:00,2024-07-23 06:00:00,2024-07-24 03:00:00,short,3m,169.99,169.71,170.4452777193341,167.50416684199777,167.50416684199777,2.99999999999999,2.9829996208625538,21,TP,169.7,0.2941110877336324,0.9860219899722541,2.9240652116416004,2.414053837518134,0.8255813953488607,0.9069767441860634,0.09302325581393658,0.9069767441860634,1.1008665748243949,1.0540235065219015,1.836040946844827,0.6666666666666666,2.448054595793006,3.3320743109405475,0.5,3.2640727943906103,4.420098575737418,0.5833333333333334,3.4680773440400356,3.43407658576526,0.4583333333333333,False,True,0.20400454964942522,0.7480166820478603,False,True,0.20400454964942522,1.1220250230717421,False,True,0.20400454964942522,1.1220250230717421,False,True,0.20400454964942522,1.4960333640957206,False
GBPJPY,early_back_inside_1,通常通り入る。エントリー後1本以内に終値がブレイク水準内へ戻れば次足始値で撤退,1,2015-04-10 08:00:00,2015-04-10 09:00:00,2015-04-15 19:00:00,short,3m,176.45,176.1,176.82386213783184,173.92841358650443,176.82386213783184,-0.9999999999999807,-1.0276295705420824,80,SL,176.11,0.28954485513274325,1.1742567480403006,3.3500854282328643,2.3485134960806993,0.7010309278350301,0.804123711340179,0.195876288659821,0.804123711340179,1.152903183933097,2.0722177906595847,4.040824691785994,1.0,2.555735275146756,4.006287728608367,0.8333333333333334,2.624809201502108,4.282583434029579,0.75,4.489805213095636,5.62952499795831,0.5833333333333334,False,False,0.48351748448717097,0.5180544476648962,False,True,0.5525914108425232,0.6216653371978754,False,True,0.5525914108425232,1.277867637573378,False,False,0.5525914108425232,1.6232372693500408,False
GBPJPY,early_back_inside_1,通常通り入る。エントリー後1本以内に終値がブレイク水準内へ戻れば次足始値で撤退,1,2015-07-30 11:00:00,2015-07-30 12:00:00,2015-07-30 13:00:00,long,3m,194.34,194.38,193.79125588820304,196.1462323353909,194.32,-0.10191184726564863,-0.13588246302083265,1,early_back_inside,194.39,0.2354976447187861,0.21231634847002082,1.3588246302085678,0.9766552029623854,0.7187499999999833,0.8124999999999889,0.1875000000000111,0.8124999999999889,0.8992885797993988,2.420406372559034,2.2930165634769732,1.0,3.269671766439479,3.609377923991561,0.8333333333333334,3.9490840815437633,4.670959666342027,0.5833333333333334,4.373716778483925,3.8641575421556826,0.4583333333333333,True,False,1.316361360514467,0.2972428878582222,True,False,1.316361360514467,0.6794123151044046,True,False,2.0807002150068317,0.6794123151044046,True,False,3.52445138460348,0.6794123151044046,True
GBPJPY,early_back_inside_1,通常通り入る。エントリー後1本以内に終値がブレイク水準内へ戻れば次足始値で撤退,1,2015-08-21 14:00:00,2015-08-21 15:00:00,2015-08-24 06:00:00,short,3m,191.95,191.8,192.67808517354564,189.1657444793631,189.1657444793631,2.9999999999999862,2.9772231662684434,13,TP,191.76,0.35123406941825663,0.5409498011246223,1.9645019093473297,1.366610023893851,0.6956521739130721,1.0,0.0,1.0,1.5895703304861946,1.110370644413673,1.5943783612094389,0.3333333333333333,3.7297065235435,4.099830071681391,0.5,4.0428879873524535,3.7866486078724373,0.5833333333333334,5.751150517219687,5.551853222068607,0.5416666666666666,False,True,0.25623937948009706,1.2811968974004042,False,True,0.25623937948009706,1.2811968974004042,False,False,0.25623937948009706,1.2811968974004042,False,True,0.8256602227692286,3.217227764583306,False
GBPJPY,early_back_inside_1,通常通り入る。エントリー後1本以内に終値がブレイク水準内へ戻れば次足始値で撤退,1,2015-11-17 15:00:00,2015-11-17 16:00:00,2015-11-20 13:00:00,long,3m,187.64,187.67,187.15554373719024,189.21336878842922,187.15554373719024,-0.9999999999999972,-1.0388759967480008,69,SL,187.68,0.20578250512389845,0.19437998374029455,1.166279902441215,0.4859499593504602,0.4166666666666272,0.9583333333333728,0.04166666666662719,0.9583333333333728,0.9944389176473661,1.3120648902462286,1.4578498780515186,1.0,3.450244711388502,3.596029699193654,0.6666666666666666,3.450244711388502,2.0895848252071305,0.5,4.081979658544114,3.7418146869988056,0.5833333333333334,False,True,0.0485949959351427,0.7289249390257593,False,True,0.0485949959351427,1.2634698943112241,True,False,0.8261149308959066,1.2634698943112241,True,True,0.8261149308959066,1.2634698943112241,True
GBPJPY,early_back_inside_1,通常通り入る。エントリー後1本以内に終値がブレイク水準内へ戻れば次足始値で撤退,1,2016-01-05 09:00:00,2016-01-05 10:00:00,2016-01-07 08:00:00,short,long,174.85,174.72,175.60942166471582,172.05173500585252,172.05173500585252,3.0000000000000058,2.9775134778099126,46,TP,174.74,0.3557686658863297,0.309189680114018,1.264866873193848,0.7589201239162767,0.5999999999999748,1.0,0.0,1.0,1.4896576754489372,2.6421663573383203,3.091896801140579,0.6666666666666666,3.2324375648288197,3.3167620230416683,0.6666666666666666,3.2324375648288197,2.8670315792394097,0.5833333333333334,3.569735397680454,2.6702745100759366,0.5416666666666666,False,True,0.02810815273761621,1.0118934985551422,False,True,0.08432445821292851,1.0118934985551422,False,True,0.08432445821292851,1.3210831786691601,False,True,0.8713527348669013,1.630272858783258,False
GBPJPY,early_back_inside_1,通常通り入る。エントリー後1本以内に終値がブレイク水準内へ戻れば次足始値で撤退,1,2016-08-29 02:00:00,2016-08-29 03:00:00,2016-08-30 00:00:00,long,3m,133.98,133.95,133.33099703302938,135.80700890091185,133.33099703302938,-0.9999999999999819,-1.0323100228385815,21,SL,134.0,0.24760118678824933,0.08077505709661402,0.8481380995140454,0.6058129282243182,0.7142857142857143,0.7142857142857143,0.2857142857142857,0.7142857142857143,1.2364322389137952,1.2924009135451355,1.0096882137071588,0.3333333333333333,1.4135634991899992,1.4135634991899992,0.5,6.21967939643618,5.9369666965980885,0.6666666666666666,6.381229510629293,5.735029053856611,0.5833333333333334,False,True,0.28271269983797687,0.48465034257945455,False,True,0.28271269983797687,0.6462004567725678,False,True,0.28271269983797687,1.3731759706417497,True,False,0.8885256280622951,1.3731759706417497,False
GBPJPY,early_back_inside_1,通常通り入る。エントリー後1本以内に終値がブレイク水準内へ戻れば次足始値で撤退,1,2017-01-26 10:00:00,2017-01-26 11:00:00,2017-01-30 12:00:00,long,3m,143.98,144.18,143.47892716320877,146.28321851037376,143.47892716320877,-0.9999999999999866,-1.028527706324368,47,SL,144.27,0.28042913471650005,1.0341293542598422,1.5690238478424001,1.3907256833149146,0.8863636363636745,1.0,0.0,1.0,0.9024082789346798,2.1039183414249583,2.3178761388581233,0.6666666666666666,2.603153202102141,3.352005493117864,0.8333333333333334,3.7442614550784135,4.279155948661175,0.75,5.919499062314529,4.6357522777162465,0.6666666666666666,False,False,1.3907256833149146,0.10697889871653189,True,False,1.6403431136534552,0.10697889871653189,True,False,2.3178761388581233,0.10697889871653189,True,True,2.7457917337242512,0.3922559619605494,True
GBPJPY,early_back_inside_1,通常通り入る。エントリー後1本以内に終値がブレイク水準内へ戻れば次足始値で撤退,1,2017-03-22 14:00:00,2017-03-22 15:00:00,2017-03-22 19:00:00,short,3m,138.41,137.99,138.6432437552596,136.03026873422124,138.6432437552596,-0.9999999999999869,-1.0306164426968392,4,SL,138.04,0.2612975021038358,1.4160104747307227,1.9135276685550073,1.9135276685550073,1.0,1.0,0.0,1.0,1.1216464805505508,0.9184932809064383,2.066609882039486,0.6666666666666666,3.1764559298013597,3.750514230367884,0.6666666666666666,3.788784783738949,4.592466404532082,0.5833333333333334,6.81215850005583,8.075086761302183,0.5833333333333334,False,False,0.6505994073087634,0.8802227275352642,True,False,2.028339328668312,0.8802227275352642,True,False,2.257962648894922,0.8802227275352642,True,False,2.870291502832511,0.8802227275352642,True
GBPJPY,early_back_inside_1,通常通り入る。エントリー後1本以内に終値がブレイク水準内へ戻れば次足始値で撤退,1,2017-04-19 11:00:00,2017-04-19 12:00:00,2017-04-19 13:00:00,long,3m,140.06,140.1,139.32556397893367,142.423308063199,139.69,-0.5294175230065649,-0.555242768031252,1,early_back_inside,140.1,0.3097744084265322,0.12912622512352778,1.3558253637972713,1.2266991386737434,0.9047619047619209,0.9047619047619209,0.09523809523807912,0.9047619047619209,1.4451573985281385,1.2589806949546942,1.7432040391679464,0.6666666666666666,2.0014564894150935,2.356553608504818,0.6666666666666666,2.6148060587519653,2.421116721066628,0.5,7.392476388323411,7.198787050638074,0.5416666666666666,True,False,1.388106920078222,0.12912622512352778,True,False,1.388106920078222,0.12912622512352778,True,False,1.5495147014826087,0.12912622512352778,True,False,3.389563409493224,0.12912622512352778,True
GBPJPY,early_back_inside_1,通常通り入る。エントリー後1本以内に終値がブレイク水準内へ戻れば次足始値で撤退,1,2017-09-15 06:00:00,2017-09-15 07:00:00,2017-09-15 10:00:00,long,long,148.41,148.68,147.83192860393623,151.2242141881913,151.2242141881913,2.999999999999987,2.976417079867544,3,TP,148.67,0.3392285584255068,0.7664449043050892,2.4762066139088463,1.7981976601004208,0.7261904761904556,0.7738095238094936,0.2261904761905064,0.7738095238094936,1.4289355131055794,2.122462811921856,2.5056852640744007,1.0,2.7415144653990047,3.596395320200925,0.8333333333333334,3.6848312706976727,1.8276763102659754,0.5833333333333334,7.988714194872578,8.224543396197182,0.5,False,True,0.5895730033115941,0.4127011023181829,False,True,0.5895730033115941,3.065779617220524,False,True,0.5895730033115941,7.163311990236296,False,True,0.5895730033115941,8.371936647025123,False
GBPJPY,early_back_inside_1,通常通り入る。エントリー後1本以内に終値がブレイク水準内へ戻れば次足始値で撤退,1,2017-11-29 15:00:00,2017-11-29 16:00:00,2017-11-29 17:00:00,long,3m,150.09,150.24,149.5058720258636,152.44238392240922,150.06,-0.24518885853893793,-0.2724320650432385,1,early_back_inside,150.22,0.29365118965455994,0.4427021056952723,1.0556742520426172,0.9194582195210173,0.8709677419355105,0.9677419354839005,0.03225806451609946,0.9677419354839005,1.3519245383126477,2.4178345772589065,2.247564536606834,0.6666666666666666,2.724320650432579,2.7583746585629547,0.5,4.01837295938802,4.324859032561693,0.5833333333333334,10.556742520426171,8.683772073253762,0.5,True,False,1.804862430911562,0.27243206504329665,True,False,1.804862430911562,0.5108101219561206,True,False,1.804862430911562,0.5108101219561206,True,False,1.804862430911562,0.5108101219561206,True
GBPJPY,early_back_inside_1,通常通り入る。エントリー後1本以内に終値がブレイク水準内へ戻れば次足始値で撤退,1,2018-01-17 18:00:00,2018-01-17 19:00:00,2018-01-19 14:00:00,long,3m,153.63,153.98,153.27003660808026,156.10989017575918,153.27003660808026,-0.999999999999994,-1.0281704665727873,43,SL,153.99,0.2839853567678932,1.2676709957769008,3.0283251565780853,2.3240634922575514,0.7674418604651001,0.7790697674418666,0.22093023255813338,0.7790697674418666,1.2516218514747228,2.4649158251217185,4.57770081808312,0.6666666666666666,2.746620490849852,4.718553150947186,0.6666666666666666,3.4508821551702855,4.57770081808312,0.5833333333333334,4.57770081808312,5.387601732051628,0.625,False,True,0.5634093314563671,0.6690485811044421,False,False,0.5634093314563671,0.8803270804005923,False,False,0.5986224146724588,0.8803270804005923,False,False,1.126818662912834,0.8803270804005923,False
GBPJPY,early_back_inside_1,通常通り入る。エントリー後1本以内に終値がブレイク水準内へ戻れば次足始値で撤退,1,2018-02-28 12:00:00,2018-02-28 13:00:00,2018-03-02 06:00:00,short,3m,147.99,147.78,148.44474409224892,145.7857677232532,145.7857677232532,2.9999999999999947,2.969913233929884,41,TP,147.74,0.2658976368995738,0.940211439691816,2.3317243704357207,1.9932482521466541,0.8548387096774149,0.8548387096774149,0.14516129032258507,0.8548387096774149,1.1421297126537049,2.8958512342507245,3.7232373011795183,1.0,2.8958512342507245,4.136930334643969,0.6666666666666666,4.738665656046718,5.528443265387874,0.8333333333333334,5.152358689511169,5.490834807800128,0.625,False,False,1.2786875579808825,-0.07521691517527687,False,False,1.2786875579808825,0.0,False,True,1.2786875579808825,2.93345969183847,False,True,1.2786875579808825,3.0838935221892374,False
GBPJPY,early_back_inside_1,通常通り入る。エントリー後1本以内に終値がブレイク水準内へ戻れば次足始値で撤退,1,2018-05-23 08:00:00,2018-05-23 09:00:00,2018-05-29 06:00:00,short,3m,147.01,146.84,147.5682921687066,144.65512349388027,144.65512349388027,2.9999999999999902,2.972538493671423,90,TP,146.85,0.29131686748263236,0.5492301265718348,2.265574272108855,1.3387484335189266,0.5909090909091164,0.5909090909091164,0.40909090909088364,0.5909090909091164,1.3610637909697725,3.947591534735166,4.359514129664067,1.0,4.153552832199616,4.256533480931841,0.6666666666666666,6.590761518862212,7.10566476252324,0.5833333333333334,8.993643322614002,8.787682025149552,0.625,False,True,-0.034326882910709185,2.093939857555114,False,True,-0.034326882910709185,2.093939857555114,False,True,-0.034326882910709185,3.123746344877365,False,True,1.0641333702329603,3.1924001106988813,False
GBPJPY,early_back_inside_1,通常通り入る。エントリー後1本以内に終値がブレイク水準内へ戻れば次足始値で撤退,1,2018-08-29 13:00:00,2018-08-29 14:00:00,2018-08-31 07:00:00,long,3m,143.7,144.45,143.9509475877786,145.94715723666417,143.9509475877786,-1.0000000000000178,-1.0400759509626778,41,SL,143.97,0.19962096488855752,1.3525633449910597,3.4064558318292404,3.256171015719123,0.9558823529411753,1.0,0.0,1.0,1.2799778886895699,1.2022785288809419,3.356360893125773,0.6666666666666666,2.504746935168534,4.759019176820158,0.8333333333333334,3.206076077015655,4.60873436071004,0.6666666666666666,4.057690034973037,2.9556013834988875,0.4583333333333333,False,True,-1.45275322239771,5.911202766997775,False,True,-1.45275322239771,7.3639559893954845,False,True,-1.45275322239771,7.3639559893954845,False,True,-1.45275322239771,7.564335744208927,False
GBPJPY,early_back_inside_1,通常通り入る。エントリー後1本以内に終値がブレイク水準内へ戻れば次足始値で撤退,1,2018-09-11 07:00:00,2018-09-11 08:00:00,2018-09-11 08:00:00,long,3m,145.62,145.7,145.12694284093934,147.41917147718198,145.12694284093934,-0.9999999999999872,-1.0349005324927063,0,SL,145.71,0.22922286362426414,0.39263099054346057,1.7450266246375614,1.003390309166663,0.5750000000000373,0.7500000000000178,0.24999999999998224,0.7500000000000178,0.893924251729346,1.6577752934056398,2.312160277644741,0.6666666666666666,2.3557859432606394,2.312160277644741,0.6666666666666666,3.9699355710503808,3.926309905434482,0.5833333333333334,10.601036744673063,9.379518107426783,0.6666666666666666,True,False,3.490053249275123,0.21812832807961766,True,False,3.490053249275123,0.21812832807961766,True,False,3.490053249275123,0.21812832807961766,True,False,5.365956870760504,0.21812832807961766,True
GBPJPY,early_back_inside_1,通常通り入る。エントリー後1本以内に終値がブレイク水準内へ戻れば次足始値で撤退,1,2018-10-14 22:00:00,2018-10-14 23:00:00,2018-10-15 00:00:00,short,3m,146.93,146.9,147.63156810906324,144.70529567281034,146.99,-0.12302340531936125,-0.15036193983474896,1,early_back_inside,146.88,0.2926272436252887,0.17086584072136746,0.649290194741041,0.06834633628856641,0.10526315789479196,0.7368421052632445,0.2631578947367555,0.7368421052632445,1.1487785647865,1.298580389482082,1.640312070924817,0.0,2.6655071152527303,1.9820437523674546,0.5,5.638572743803864,5.057628885351389,0.5833333333333334,6.185343434112103,5.228494726072659,0.5,True,False,0.649290194741041,-0.06834633628856641,True,True,0.649290194741041,0.4784243540196735,True,False,0.649290194741041,0.4784243540196735,True,True,0.649290194741041,0.4784243540196735,True
GBPJPY,early_back_inside_1,通常通り入る。エントリー後1本以内に終値がブレイク水準内へ戻れば次足始値で撤退,1,2018-11-06 18:00:00,2018-11-06 19:00:00,2018-11-09 09:00:00,long,3m,148.36,148.57,147.9529091749148,150.42127247525556,147.9529091749148,-1.000000000000018,-1.0324101399453345,62,SL,148.56,0.24683633003407535,0.8102534986336045,0.8507661735653654,0.4456394242485631,0.5238095238095689,0.8095238095238546,0.19047619047614536,0.8095238095238546,0.9868954692528589,1.6205069972673243,2.147171771379179,0.6666666666666666,3.808191443578264,3.0789632948078354,0.6666666666666666,4.213318192895066,2.75486189535444,0.5833333333333334,4.334856217690119,3.8081914435781488,0.625,False,False,0.6482027989069067,0.08102534986340651,False,True,0.6482027989069067,0.08102534986340651,False,True,0.6482027989069067,0.44563942424844794,False,True,0.6482027989069067,0.44563942424844794,False
GBPJPY,early_back_inside_1,通常通り入る。エントリー後1本以内に終値がブレイク水準内へ戻れば次足始値で撤退,1,2018-12-20 15:00:00,2018-12-20 16:00:00,2019-01-02 03:00:00,short,3m,141.18,141.15,141.74962179910057,139.35113460269832,139.35113460269832,3.000000000000008,2.9666456422532046,173,TP,141.15,0.2398487196402237,0.1250788415506305,1.417560204240321,1.042323679588548,0.7352941176471129,0.8823529411764853,0.11764705882351466,0.8823529411764853,1.1334985620195888,2.376497989461861,2.4598838838289874,1.0,2.376497989461861,1.9178755704429615,0.5,2.418190936645365,3.2520498803162745,0.6666666666666666,3.4188216690504087,4.044215876803562,0.5416666666666666,False,True,0.500315366202522,0.750473049303783,False,True,0.500315366202522,1.4175602042404394,False,True,0.500315366202522,1.834489676075835,False,True,0.500315366202522,2.5015768310124913,False
GBPJPY,early_back_inside_1,通常通り入る。エントリー後1本以内に終値がブレイク水準内へ戻れば次足始値で撤退,1,2019-01-17 17:00:00,2019-01-17 18:00:00,2019-01-23 15:00:00,long,3m,140.88,141.23,140.5272479280902,143.33825621572936,143.33825621572936,2.9999999999999885,2.9715404609969513,92,TP,140.98,0.281100828763917,0.35574423753826595,1.6008490689222474,1.0672327126147978,0.6666666666666456,0.7999999999999874,0.20000000000001264,0.7999999999999874,0.9159007245713634,1.7075723401837373,1.9565933064605132,0.6666666666666666,2.5969329340294527,3.0238260190754125,0.6666666666666666,4.233356426705598,2.490209662767963,0.5833333333333334,4.233356426705598,3.6641656466443515,0.5,False,True,-0.8537861700919191,1.7075723401838383,False,True,-0.8537861700919191,4.268930850459495,False,True,-0.8537861700919191,4.268930850459495,False,True,-0.8537861700919191,4.268930850459495,False
GBPJPY,early_back_inside_1,通常通り入る。エントリー後1本以内に終値がブレイク水準内へ戻れば次足始値で撤退,1,2019-05-08 03:00:00,2019-05-08 04:00:00,2019-05-08 05:00:00,short,3m,143.68,143.66,144.12209585032647,142.27371244902054,143.73,-0.15148372345377242,-0.19476478729767227,1,early_back_inside,143.65,0.18483834013059428,0.16230398941477814,1.4066345749279747,1.0820265960984186,0.7692307692307524,0.8846153846153763,0.11538461538462379,0.8846153846153763,0.9459482895444458,1.6230398941477815,1.4066345749279747,1.0,2.1640531921969908,2.542762500831422,0.8333333333333334,2.4345598412216725,1.731242553757531,0.5833333333333334,8.493908779373186,7.898794151518947,0.625,True,False,0.5951146278540841,-0.054101329804874795,True,False,1.0820265960984186,-0.054101329804874795,True,False,1.4607359047328496,-0.054101329804874795,True,True,1.4607359047328496,2.0558505325870873,True
GBPJPY,early_back_inside_1,通常通り入る。エントリー後1本以内に終値がブレイク水準内へ戻れば次足始値で撤退,1,2019-07-03 06:00:00,2019-07-03 07:00:00,2019-07-03 08:00:00,short,3m,135.35,135.24,135.67123097413264,133.9463070776021,135.41,-0.3942202907430755,-0.44059914847751624,1,early_back_inside,135.23,0.17249238965305444,0.6956828660172697,2.14502217021986,1.6232600207069077,0.7567567567567506,0.7837837837838295,0.21621621621617054,0.7837837837838295,0.9532862053620033,0.6956828660172697,1.4493393042025902,0.3333333333333333,2.4348900310604438,1.8551543093794407,0.6666666666666666,3.652335046590666,3.536387902254399,0.6666666666666666,9.623612979905344,9.623612979905179,0.625,True,False,1.2174450155302219,0.5217621495129523,True,False,1.4493393042025902,0.5217621495129523,True,False,1.4493393042025902,0.5217621495129523,True,False,1.7392071650431742,0.5217621495129523,True
GBPJPY,early_back_inside_1,通常通り入る。エントリー後1本以内に終値がブレイク水準内へ戻れば次足始値で撤退,1,2019-07-30 03:00:00,2019-07-30 04:00:00,2019-07-31 13:00:00,short,long,132.24,132.2,132.7227485396765,130.63175438097045,132.7227485396765,-1.0000000000000084,-1.0382593130004012,33,SL,132.19,0.20909941587060354,0.23912070625272688,1.0521311075117536,0.6695379775075537,0.6363636363637069,1.0,0.0,1.0,1.2634852022373868,3.538986452539597,3.252041605036379,1.0,3.538986452539597,3.538986452539597,0.6666666666666666,4.256348571297641,4.4954692775502325,0.5833333333333334,10.138717945113337,9.5648282501069,0.625,False,True,0.04782414125049101,2.869448475032043,False,True,0.04782414125049101,2.869448475032043,False,True,0.04782414125049101,2.869448475032043,True,False,0.6695379775075537,2.869448475032043,False
GBPJPY,early_back_inside_1,通常通り入る。エントリー後1本以内に終値がブレイク水準内へ戻れば次足始値で撤退,1,2019-10-01 14:00:00,2019-10-01 15:00:00,2019-10-01 16:00:00,short,3m,131.99,131.8,132.4214309842031,129.9357070473907,132.4214309842031,-0.9999999999999952,-1.03218378308836,1,SL,131.81,0.24857239368124176,0.7241351194888956,2.252864816187599,2.212635087327143,0.9821428571428734,0.9821428571428734,0.017857142857126543,0.9821428571428734,1.1762665051479266,3.66090532630482,4.385040445793716,1.0,3.9827431571886978,5.109175565282611,0.6666666666666666,3.9827431571886978,4.224121530351777,0.4166666666666667,3.9827431571886978,5.310324209585007,0.4583333333333333,False,True,0.7643648483493518,0.20114864430250914,True,False,4.183891801491207,0.20114864430250914,True,False,4.183891801491207,0.20114864430250914,True,False,4.183891801491207,0.20114864430250914,True
GBPJPY,early_back_inside_1,通常通り入る。エントリー後1本以内に終値がブレイク水準内へ戻れば次足始値で撤退,1,2019-10-11 10:00:00,2019-10-11 11:00:00,2019-10-15 15:00:00,long,3m,135.65,135.94,134.8906052943302,139.08818411700946,139.08818411700946,3.0000000000000107,2.9809413942228677,51,TP,135.95,0.41975788226792704,0.7146977166434628,2.8587908665740542,1.9296838349374648,0.6749999999999923,0.7333333333333191,0.2666666666666809,0.7333333333333191,1.700887428723361,3.311432753781601,3.5020188115531643,0.6666666666666666,3.311432753781601,3.7402513837676516,0.8333333333333334,3.359079268224458,4.454949100411115,0.5833333333333334,9.672242431908751,10.625172720766702,0.5833333333333334,False,True,0.07146977166435305,3.4543722971103072,False,True,0.07146977166435305,3.4543722971103072,False,True,0.07146977166435305,3.7164281265462233,False,True,0.07146977166435305,4.526418872075535,False
GBPJPY,early_back_inside_1,通常通り入る。エントリー後1本以内に終値がブレイク水準内へ戻れば次足始値で撤退,1,2019-11-18 07:00:00,2019-11-18 08:00:00,2019-11-18 15:00:00,long,3m,140.72,140.96,140.6037101941711,142.02886941748673,140.6037101941711,-0.9999999999999988,-1.0561340786988036,7,SL,140.95,0.14251592233156335,1.613854762592033,3.017206730063548,1.8945251560862562,0.6279069767441338,0.6744186046511336,0.32558139534886643,0.6744186046511336,0.9005830685385648,0.8420111804826698,2.526033541448408,0.6666666666666666,1.4735195658448215,2.596201139821914,0.8333333333333334,2.806703934942631,4.139888304040441,0.5833333333333334,7.367597829224706,7.578100624345423,0.6666666666666666,False,True,0.0,1.6840223609657383,False,True,0.0,2.105027951207173,False,True,0.0,4.069720705667135,False,False,1.052513975603387,4.069720705667135,False
GBPJPY,early_back_inside_1,通常通り入る。エントリー後1本以内に終値がブレイク水準内へ戻れば次足始値で撤退,1,2020-01-17 06:00:00,2020-01-17 07:00:00,2020-01-17 08:00:00,long,3m,144.15,144.24,143.84785693739022,145.4164291878294,144.12,-0.3060107686245385,-0.3570125633952466,1,early_back_inside,144.25,0.15685722504391883,0.637522434634395,1.4663015996591264,1.2112926258054046,0.826086956521766,0.9565217391304723,0.04347826086952761,0.9565217391304723,0.8593547728603763,0.6375224346345761,1.1475403823420196,0.6666666666666666,1.657558330049463,0.7650269215613463,0.6666666666666666,1.9125673039031847,2.550089738537761,0.6666666666666666,5.928958642100072,5.737701911709917,0.625,True,False,1.0200358954150681,0.12750448692695146,True,False,1.0837881388784532,0.637522434634395,True,False,3.7613823643431656,1.5300538431226927,True,False,5.036427233611955,1.5300538431226927,True
GBPJPY,early_back_inside_1,通常通り入る。エントリー後1本以内に終値がブレイク水準内へ戻れば次足始値で撤退,1,2020-02-27 21:00:00,2020-02-27 22:00:00,2020-02-28 15:00:00,short,3m,141.25,141.17,141.9027836080771,138.97164917576868,138.97164917576868,2.9999999999999893,2.9727068130624925,17,TP,141.16,0.29311344323084265,0.30704835304712913,1.5352417652355486,1.364659346876097,0.8888888888889239,0.9777777777777974,0.022222222222202572,0.9777777777777974,1.1867087067003856,1.4670087978918067,1.8422901182826776,0.6666666666666666,2.2516879223455164,1.1940769285165485,0.5,3.5481143018777748,3.3775318835183232,0.6666666666666666,4.093978040628291,4.1963274916439035,0.625,False,False,0.1705824183595485,1.1599604448446776,False,False,0.2729318693752582,1.1599604448446776,False,True,0.5458637387504194,1.1599604448446776,False,True,0.5458637387504194,3.3092989161744844,False
GBPJPY,early_back_inside_1,通常通り入る。エントリー後1本以内に終値がブレイク水準内へ戻れば次足始値で撤退,1,2020-03-18 16:00:00,2020-03-18 17:00:00,2020-03-19 12:00:00,short,long,126.52,124.99,127.03940891063121,118.84177326810637,127.03940891063121,-1.0000000000000018,-1.00975891140917,19,SL,125.0,0.8197635642524844,1.8541931677410355,4.428106051907874,3.3546257968999087,0.7575757575757586,0.7658402203856762,0.2341597796143238,0.7658402203856762,1.1919182897501346,1.1100761727923465,2.8788788657031934,0.6666666666666666,2.537316966382474,4.537893805260966,0.8333333333333334,3.5742013036060754,5.855346845498036,0.75,4.330516937816242,5.501586306915839,0.625,False,False,1.4760353506359523,0.5245414882425394,False,False,1.5858231039890442,0.5245414882425394,False,True,1.5858231039890442,0.5245414882425394,False,False,1.5858231039890442,1.0002884194392372,False
GBPJPY,early_back_inside_1,通常通り入る。エントリー後1本以内に終値がブレイク水準内へ戻れば次足始値で撤退,1,2020-04-21 09:00:00,2020-04-21 10:00:00,2020-04-21 11:00:00,short,3m,132.46,132.41,133.06642281982496,130.44073154052512,132.48,-0.10663858398259138,-0.13710675083473559,1,early_back_inside,132.4,0.262569127929983,0.22851125139129816,2.551708973869352,2.3993681396085225,0.9402985074626974,1.0,0.0,1.0,1.0522357440351016,1.8661752196955657,3.6561800222606626,0.6666666666666666,2.0566012625215753,3.6561800222606626,0.6666666666666666,4.03703210791279,5.217673573434461,0.6666666666666666,5.598525659086588,6.6268262903473225,0.6666666666666666,True,False,0.761704171304255,0.22851125139129816,True,True,0.761704171304255,1.5234083426086185,True,True,0.761704171304255,1.7138343854347362,True,True,1.5614935511737986,1.7900048025650968,True
GBPJPY,early_back_inside_1,通常通り入る。エントリー後1本以内に終値がブレイク水準内へ戻れば次足始値で撤退,1,2020-05-06 08:00:00,2020-05-06 09:00:00,2020-05-08 14:00:00,short,3m,131.88,131.58,132.0884348809851,130.0546953570448,132.0884348809851,-1.0000000000000275,-1.0393364042239723,51,SL,131.57,0.20337395239402564,1.5242856636792632,3.1960828431984596,2.6552072851187978,0.830769230769255,0.830769230769255,0.169230769230745,0.830769230769255,0.8172206472846504,0.8850690950394595,3.1469123379185286,0.3333333333333333,0.8850690950394595,3.097741832638458,0.3333333333333333,2.901059811518454,4.425345475197856,0.5,5.359585075517248,6.736359223356717,0.5416666666666666,False,True,0.19668202112000413,0.7867280844795972,False,True,0.3933640422398685,0.7867280844795972,False,True,0.3933640422398685,1.4259446531192612,False,True,0.3933640422398685,3.097741832638458,False
GBPJPY,early_back_inside_1,通常通り入る。エントリー後1本以内に終値がブレイク水準内へ戻れば次足始値で撤退,1,2020-05-29 14:00:00,2020-05-29 15:00:00,2020-05-29 16:00:00,long,3m,133.16,133.17,132.44738395881456,135.3378481235563,132.74,-0.5950601363548079,-0.6227373519991938,1,early_back_inside,133.19,0.28904641647417534,0.1037895586665454,2.2833702906639006,1.487650340887118,0.6515151515151653,0.6515151515151653,0.3484848484848348,0.6515151515151653,1.402833363200062,2.733125044885663,2.5947389666635368,0.6666666666666666,3.8402136706620817,4.670530139994346,0.5,3.8402136706620817,2.83691460355211,0.5,3.8402136706620817,2.110387692886292,0.5,True,False,1.7644224973311735,-0.06919303911106305,True,False,2.5601424471080545,-0.06919303911106305,True,False,2.5601424471080545,-0.06919303911106305,True,False,2.5601424471080545,0.3113686759996362,True
GBPJPY,early_back_inside_1,通常通り入る。エントリー後1本以内に終値がブレイク水準内へ戻れば次足始値で撤退,1,2020-09-08 12:00:00,2020-09-08 13:00:00,2020-09-10 16:00:00,short,3m,138.25,138.17,138.80927920640897,136.25216238077303,136.25216238077303,3.0000000000000155,2.968714765317775,51,TP,138.24,0.2557116825635931,0.03910654335280125,1.877114080936127,1.0167701271737217,0.5416666666666593,0.5624999999999741,0.4375000000000259,0.5624999999999741,1.2320426706959091,3.5195889017553355,2.659244947992819,1.0,5.122957179221632,5.3575964393386615,0.8333333333333334,5.6313422428084925,5.944194589631125,0.6666666666666666,6.257046936453868,5.865981502925522,0.625,False,True,-0.039106543352912394,1.4078355607021786,False,True,0.35195889017554466,1.4078355607021786,False,True,0.35195889017554466,1.4078355607021786,False,True,0.35195889017554466,2.3072860578173855,False
GBPJPY,early_back_inside_1,通常通り入る。エントリー後1本以内に終値がブレイク水準内へ戻れば次足始値で撤退,1,2020-11-09 11:00:00,2020-11-09 12:00:00,2020-11-19 02:00:00,long,3m,137.62,138.1,137.28456773718003,140.54629678845993,137.28456773718003,-0.9999999999999932,-1.0245268686460984,181,SL,138.09,0.3261729051279894,1.4409535329599865,3.280468681419531,2.881907065919973,0.8785046728971997,1.0,0.0,1.0,1.179163879466436,3.587054539496107,6.101058575724241,0.6666666666666666,3.587054539496107,5.211959587302144,0.3333333333333333,3.587054539496107,6.039741404108891,0.5833333333333334,5.273276758917407,7.848597966760804,0.625,False,True,0.0,0.8584404026144656,False,True,0.0,1.931490905882526,False,True,0.0,1.931490905882526,False,True,0.0,2.054125249113139,False
GBPJPY,early_back_inside_1,通常通り入る。エントリー後1本以内に終値がブレイク水準内へ戻れば次足始値で撤退,1,2020-12-11 07:00:00,2020-12-11 08:00:00,2020-12-13 22:00:00,short,3m,137.58,137.51,138.22914783384977,135.3525564984507,138.22914783384977,-1.0000000000000164,-1.0278106935161428,13,SL,137.5,0.2876591335399051,0.2781069351615586,3.337283221938209,2.190092114396916,0.6562499999999898,0.7708333333333364,0.22916666666666358,0.7708333333333364,1.0577612409719388,1.772931711654726,3.337283221938209,0.3333333333333333,1.8424584454450417,3.232993121252637,0.3333333333333333,2.190092114396916,3.615390157099669,0.4166666666666667,4.2411307612131015,5.666428803915855,0.5,False,False,1.0081376399604647,0.06952673379041435,False,True,1.0081376399604647,0.834320805484577,False,True,1.0081376399604647,1.321007942017181,False,True,1.0081376399604647,2.5724891502440466,False
GBPJPY,early_back_inside_1,通常通り入る。エントリー後1本以内に終値がブレイク水準内へ戻れば次足始値で撤退,1,2020-12-24 07:00:00,2020-12-24 08:00:00,2020-12-28 00:00:00,long,3m,140.67,140.85,140.14895544135797,142.95313367592607,140.14895544135797,-0.9999999999999986,-1.0285288570511442,37,SL,140.84,0.28041782345681027,0.6062382123374521,1.7473924943842898,1.3194596386167003,0.7551020408163218,0.8775510204081609,0.1224489795918391,0.8775510204081609,0.9229635366556826,1.3194596386167003,1.6760703517563245,0.6666666666666666,1.6404092804423924,1.8187146370121539,0.6666666666666666,3.7800735592802384,3.708751416652273,0.75,6.989569977537058,7.381841761990614,0.625,False,True,0.5349160697094868,0.6062382123373508,False,True,0.5349160697094868,1.212476424674803,False,False,0.5349160697094868,1.212476424674803,False,False,1.3551207099306324,1.212476424674803,False
GBPJPY,early_back_inside_1,通常通り入る。エントリー後1本以内に終値がブレイク水準内へ戻れば次足始値で撤退,1,2021-01-27 14:00:00,2021-01-27 15:00:00,2021-01-27 16:00:00,long,long,142.67,142.61,142.20162866170415,143.8351140148876,142.46,-0.36731275173707306,-0.4162877853019697,1,early_back_inside,142.68,0.1633485353183464,0.06121879195629484,2.0814389265100224,2.0814389265100224,1.0,1.0,0.0,1.0,1.1402864407364075,1.530469798904413,2.3263140943346796,0.6666666666666666,2.4487516782470955,1.0407194632550982,0.6666666666666666,2.693626846071927,1.8365637586853651,0.5,3.060939597808826,1.7141261747729495,0.5416666666666666,True,False,1.2855946310797557,-0.367312751737073,True,False,1.469251006948292,0.0,True,True,1.469251006948292,0.367312751737073,True,False,1.7753449667292442,0.6121879195617304,True
GBPJPY,early_back_inside_1,通常通り入る。エントリー後1本以内に終値がブレイク水準内へ戻れば次足始値で撤退,1,2021-03-31 11:00:00,2021-03-31 12:00:00,2021-03-31 13:00:00,long,3m,152.51,152.58,152.0973423711277,154.027972886617,152.44,-0.29006067992151674,-0.3314979199102628,1,early_back_inside,152.61,0.1930630515489315,0.5179654998599145,1.3467102996354243,1.1913206496776265,0.8846153846154855,0.8846153846154855,0.11538461538451449,0.8846153846154855,0.9711631892500786,1.2431171996635593,1.6056930495653816,0.3333333333333333,2.0718619994392165,2.434437849341186,0.5,3.3149791991027753,3.4185722990747878,0.5,6.888941148135361,6.370975648275594,0.5416666666666666,True,False,1.139524099691694,0.6733551498177122,True,False,2.0718619994392165,0.6733551498177122,True,False,2.0718619994392165,0.6733551498177122,True,False,2.0718619994392165,0.6733551498177122,True
GBPJPY,early_back_inside_1,通常通り入る。エントリー後1本以内に終値がブレイク水準内へ戻れば次足始値で撤退,1,2021-06-17 10:00:00,2021-06-17 11:00:00,2021-06-18 12:00:00,short,3m,154.07,153.85,154.35700658463938,152.32898024608187,152.32898024608187,2.999999999999999,2.960552780563574,25,TP,153.79,0.2028026338557501,1.3806526802761356,3.2050865792124728,2.909232433439005,0.907692307692305,0.9846153846153988,0.015384615384601258,0.9846153846153988,1.5581020017563467,2.021669996118602,4.092649016532876,0.3333333333333333,3.10646853062127,5.02952047814881,0.5,3.3530136520992064,4.684357308079811,0.4166666666666667,4.3885031623063435,6.065009988355946,0.5,False,False,1.5778887774585408,0.24654512147779628,False,True,1.5778887774585408,0.29585414577346764,False,True,1.5778887774585408,2.0709790204141334,False,True,1.5778887774585408,3.303704627803535,False
GBPJPY,early_back_inside_1,通常通り入る。エントリー後1本以内に終値がブレイク水準内へ戻れば次足始値で撤退,1,2021-07-08 05:00:00,2021-07-08 06:00:00,2021-07-08 07:00:00,short,3m,151.29,151.24,151.8244598815851,149.48662035524472,151.4,-0.273757027712605,-0.3079766561766502,1,early_back_inside,151.18,0.23378395263403787,0.47051989138098665,2.480923063645589,2.224275850164885,0.8965517241378803,0.9655172413792934,0.03448275862070655,0.9655172413792934,1.4431362529823597,3.1653156329271015,4.961846127291056,1.0,3.3791883108276273,4.961846127291056,0.6666666666666666,4.833522520550887,5.902885910053151,0.6666666666666666,6.416180337014316,6.287856730274025,0.5833333333333334,True,False,1.026588853922208,0.0,True,False,2.224275850164885,0.0,True,True,2.224275850164885,0.7699416404417471,True,True,2.224275850164885,2.2670503857450632,True
GBPJPY,early_back_inside_1,通常通り入る。エントリー後1本以内に終値がブレイク水準内へ戻れば次足始値で撤退,1,2021-08-16 11:00:00,2021-08-16 12:00:00,2021-08-16 13:00:00,short,3m,151.16,150.98,151.44940683824623,149.5717794852613,151.22,-0.5112835613913994,-0.5538905248406424,1,early_back_inside,150.96,0.18776273529849202,1.0651740862319814,3.302039667319354,3.0890048500728366,0.9354838709677094,0.9354838709677094,0.06451612903229059,0.9354838709677094,1.5991427457793592,1.9705720595293017,2.8759700328264706,0.3333333333333333,2.2368655810873728,3.0890048500728366,0.5,2.5564178069569974,3.78136800612364,0.6666666666666666,6.071492291522717,7.509477307935877,0.6666666666666666,True,False,1.4379850164131598,-0.10651740862310731,True,False,1.9705720595293017,-0.10651740862310731,True,False,1.9705720595293017,-0.10651740862310731,True,False,1.9705720595293017,-0.10651740862310731,True
GBPJPY,early_back_inside_1,通常通り入る。エントリー後1本以内に終値がブレイク水準内へ戻れば次足始値で撤退,1,2021-10-08 12:00:00,2021-10-08 13:00:00,2021-10-11 10:00:00,long,3m,152.53,152.76,152.28370340568742,154.1888897829377,154.1888897829377,2.999999999999976,2.9580093575330757,20,TP,152.75,0.19051863772503036,1.1547426678408128,2.0470438202631978,1.8370906079285454,0.8974358974359142,0.8974358974359142,0.10256410256408574,0.8974358974359142,1.0173497322252734,2.1520204264305987,2.939344972685732,0.6666666666666666,2.3094853356816256,2.7818800634347056,0.6666666666666666,2.5194385480162778,2.8343683665183312,0.5,4.776435580614278,4.618970671363251,0.5833333333333334,False,True,0.10497660616740086,0.7873245462551335,False,False,0.4723947277530801,0.7873245462551335,False,False,0.4723947277530801,0.7873245462551335,False,True,0.4723947277530801,0.7873245462551335,False
GBPJPY,early_back_inside_1,通常通り入る。エントリー後1本以内に終値がブレイク水準内へ戻れば次足始値で撤退,1,2021-10-15 03:00:00,2021-10-15 04:00:00,2021-10-15 09:00:00,long,long,156.04,156.09,155.7300187918068,157.1699436245796,157.1699436245796,2.999999999999999,2.9444415443229235,5,TP,156.08,0.14399248327727798,0.27779227838577364,1.1806171831388472,0.9028249047534683,0.7647058823531379,0.8823529411765689,0.11764705882343107,0.8823529411765689,0.7464383349499079,1.9445459486994288,1.3195133223319315,1.0,3.4724034798203944,3.4029554102240493,0.8333333333333334,4.5141245237663545,4.097436106188089,0.75,6.667014681255015,6.805910820448099,0.5833333333333334,False,True,1.0417210439461577,0.6944806959640394,False,True,1.0417210439461577,3.958539966995202,False,True,1.0417210439461577,5.139157150134049,False,True,1.0417210439461577,8.19487221237598,False
GBPJPY,early_back_inside_1,通常通り入る。エントリー後1本以内に終値がブレイク水準内へ戻れば次足始値で撤退,1,2022-02-24 02:00:00,2022-02-24 03:00:00,2022-03-01 15:00:00,short,3m,155.01,154.94,155.54804242114986,153.11587273655044,153.11587273655044,2.9999999999999964,2.9671075581171418,83,TP,154.95,0.24321696845994087,0.2466933141216444,2.9192042171060475,2.343586484155622,0.8028169014084722,0.9436619718309978,0.05633802816900224,0.9436619718309978,1.1339541142699054,1.7679687512050792,2.2202398270947996,0.6666666666666666,1.7679687512050792,3.4125908453493365,0.6666666666666666,3.618168607117412,4.111555235360584,0.6666666666666666,5.42725291067606,5.591715120090451,0.5833333333333334,False,True,0.2878088664753297,2.055777617680292,False,True,0.2878088664753297,2.055777617680292,False,True,0.2878088664753297,2.343586484155505,False,True,0.2878088664753297,3.5770530547636104,False
GBPJPY,early_back_inside_1,通常通り入る。エントリー後1本以内に終値がブレイク水準内へ戻れば次足始値で撤退,1,2022-03-16 19:00:00,2022-03-16 20:00:00,2022-03-22 06:00:00,long,3m,156.05,156.12,155.42339344731275,158.20981965806175,158.20981965806175,2.9999999999999996,2.9712893886472505,81,TP,156.11,0.278642621074899,0.21532958514582126,0.7895418122014126,0.5742122270555914,0.7272727272727507,1.0,0.0,1.0,1.1446874011945185,3.0505024562323317,3.1581672488053445,0.6666666666666666,5.1320217793084675,3.804156004242706,0.8333333333333334,6.352222761801421,5.81389879893697,0.75,6.60344061113828,6.711105403711191,0.5416666666666666,False,False,0.21532958514582126,0.10766479257280863,True,False,0.32299437771873185,0.5383239628644512,True,True,0.32299437771873185,0.5383239628644512,True,True,0.5742122270555914,1.4355305676386723,True
GBPJPY,early_back_inside_1,通常通り入る。エントリー後1本以内に終値がブレイク水準内へ戻れば次足始値で撤退,1,2022-04-13 16:00:00,2022-04-13 17:00:00,2022-04-19 02:00:00,long,3m,164.57,164.63,163.99869116295986,166.5239265111204,166.5239265111204,3.0000000000000036,2.968319784507138,80,TP,164.64,0.25252353481605466,0.27720188556279785,1.0296070035191403,0.9108061954206697,0.8846153846152796,0.9615384615383901,0.038461538461609934,0.9615384615383901,1.1651242647597808,2.455216700699211,2.3364158926008534,1.0,4.316429360906858,4.1184280140762235,1.0,4.316429360906858,3.564024242950515,0.8333333333333334,6.534044445409353,6.969647408436703,0.7916666666666666,False,True,0.19800134683052165,0.4356029630273502,False,True,0.19800134683052165,0.712804848590148,False,True,0.23760161619660347,0.8316056566885061,True,False,1.1088075422511914,0.8316056566885061,False
GBPJPY,early_back_inside_1,通常通り入る。エントリー後1本以内に終値がブレイク水準内へ戻れば次足始値で撤退,1,2022-05-11 14:00:00,2022-05-11 15:00:00,2022-05-12 06:00:00,short,3m,159.71,159.68,160.6756066492711,156.69318005218673,156.69318005218673,3.00000000000001,2.979911745251386,15,TP,159.69,0.39824265970843514,0.050220636871631995,2.033935793300061,1.632170698327219,0.8024691358024739,0.9135802469135889,0.08641975308641109,0.9135802469135889,1.0503881124773014,2.3854802514013422,3.8669890391136654,0.6666666666666666,3.2894517150902187,1.2052952849185257,0.5,3.2894517150902187,2.6365834357593596,0.6666666666666666,3.2894517150902187,1.607060379891439,0.5833333333333334,False,True,-0.025110318435780314,2.1845977039148856,False,True,-0.025110318435780314,2.1845977039148856,False,True,-0.025110318435780314,2.1845977039148856,False,True,-0.025110318435780314,2.1845977039148856,False
GBPJPY,early_back_inside_1,通常通り入る。エントリー後1本以内に終値がブレイク水準内へ戻れば次足始値で撤退,1,2022-09-06 04:00:00,2022-09-06 05:00:00,2022-09-07 08:00:00,long,3m,163.53,163.69,162.9480217957965,165.91593461261044,165.91593461261044,3.0000000000000147,2.973045030316704,27,TP,163.7,0.2967912816813912,0.5727931057708239,2.089010150458468,1.4151359083750388,0.6774193548386845,0.90322580645161,0.09677419354839005,0.90322580645161,1.1580564243744897,2.7965781046459393,3.8410831798751732,0.6666666666666666,3.6052271951460164,3.7736957556668016,0.8333333333333334,5.1888316640419365,6.300724163479446,0.8333333333333334,8.895139995500463,9.063608556021343,0.75,False,True,0.5054056815624522,1.9205415899376825,False,True,0.5054056815624522,1.9205415899376825,False,True,0.5054056815624522,2.6954969683335257,False,True,0.5054056815624522,2.830271816750173,False
GBPJPY,early_back_inside_1,通常通り入る。エントリー後1本以内に終値がブレイク水準内へ戻れば次足始値で撤退,1,2022-12-20 02:00:00,2022-12-20 03:00:00,2023-01-03 00:00:00,short,3m,164.01,161.98,163.56420209097138,157.2273937270858,157.2273937270858,3.0000000000000036,2.987375348060731,239,TP,161.99,0.6336808363885582,3.187724614669214,8.127119685914167,7.4801062740258155,0.9203883495145584,0.9378640776698988,0.06213592233010121,0.9378640776698988,1.9817389652215849,0.7259174865088499,7.4801062740258155,0.3333333333333333,1.2466843790042952,6.722627157668784,0.3333333333333333,1.5465198625623344,6.517476563655424,0.5,2.256656534147049,6.249202709945611,0.5,False,True,0.031561629848181616,0.7101366715847591,False,True,0.031561629848181616,1.7674512714997852,False,True,0.2840546686338588,1.8936977908926462,False,True,0.2840546686338588,2.714300166946086,False
GBPJPY,early_back_inside_1,通常通り入る。エントリー後1本以内に終値がブレイク水準内へ戻れば次足始値で撤退,1,2023-03-13 08:00:00,2023-03-13 09:00:00,2023-03-13 10:00:00,short,3m,161.15,160.86,162.2326897605183,156.74193071844513,161.17,-0.22583398588398085,-0.24040392045712888,1,early_back_inside,160.85,0.5490759042073183,0.5463725464935688,2.5133137138703128,1.8758790762945172,0.7463768115942062,0.8333333333333403,0.1666666666666598,0.8333333333333403,1.8159497339182424,2.167277767757737,3.7335457343725995,0.6666666666666666,2.167277767757737,3.0961110967968035,0.5,2.167277767757737,2.312977113489372,0.4166666666666667,4.316343117298986,4.116006516918097,0.5,True,False,0.7649215650909963,0.14569934573158383,True,True,1.0745326747706507,0.7102843104415877,True,True,1.0745326747706507,1.5298431301819408,True,False,2.003366003809666,1.5298431301819408,True
GBPJPY,early_back_inside_1,通常通り入る。エントリー後1本以内に終値がブレイク水準内へ戻れば次足始値で撤退,1,2023-03-30 10:00:00,2023-03-30 11:00:00,2023-04-02 23:00:00,long,3m,164.2,164.23,163.4197975468374,166.66060735948773,163.4197975468374,-1.0000000000000093,-1.0246851881550352,35,SL,164.22,0.32408098126503243,0.061712970387652256,2.314236389535776,2.036528022791472,0.8799999999999955,0.9066666666666757,0.09333333333332423,0.9066666666666757,0.9668996224782848,2.4993753006986448,1.2034029225585612,0.3333333333333333,3.209074460156251,2.962222578605817,0.6666666666666666,3.3016439157376856,3.363356886125338,0.5833333333333334,3.579352282481989,2.4685188155048623,0.5416666666666666,False,True,0.30856485193808586,0.5554167334886072,False,True,0.30856485193808586,0.6171297038761717,True,False,0.6479861890700417,0.6171297038761717,True,False,1.4193983189153003,0.6171297038761717,True
GBPJPY,early_back_inside_1,通常通り入る。エントリー後1本以内に終値がブレイク水準内へ戻れば次足始値で撤退,1,2023-05-19 10:00:00,2023-05-19 11:00:00,2023-05-19 13:00:00,long,3m,172.26,172.42,171.78366511747953,174.32900464756133,171.78366511747953,-1.0000000000000209,-1.0314299915804983,2,SL,172.41,0.254533953008178,0.5893123421345139,1.4929246000740275,0.7857497895126108,0.5263157894736606,0.8684210526315475,0.13157894736845255,0.8684210526315475,1.0444005359996376,3.1429991580506664,3.1037116685749577,1.0,3.8894614580876805,3.8108864791363746,0.6666666666666666,3.8894614580876805,2.43582434748925,0.4166666666666667,3.8894614580876805,2.317961879062347,0.5416666666666666,False,False,0.8250372789883195,0.23572493685380558,True,False,1.4143496211227218,0.23572493685380558,True,False,4.282336352843986,0.23572493685380558,True,False,4.282336352843986,0.23572493685380558,True
GBPJPY,early_back_inside_1,通常通り入る。エントリー後1本以内に終値がブレイク水準内へ戻れば次足始値で撤退,1,2023-07-27 15:00:00,2023-07-27 16:00:00,2023-07-28 01:00:00,short,3m,179.45,179.03,180.28476474730948,175.26570575807156,180.28476474730948,-0.999999999999997,-1.0159392428284766,9,SL,179.02,0.5019058989237934,0.8567343020315192,5.040785544511287,4.243823403086567,0.8418972332015788,0.8418972332015788,0.15810276679842114,0.8418972332015788,1.7704474897497704,1.434531854564474,4.861469062690721,0.3333333333333333,1.7931648182056066,5.220102026331797,0.6666666666666666,2.131873728311083,4.921241223297576,0.5833333333333334,2.1916458889179387,4.642304473798898,0.5,False,True,0.09962026767805465,1.3747596939576185,False,True,0.09962026767805465,3.247620726305737,False,True,0.09962026767805465,3.247620726305737,False,True,0.09962026767805465,3.247620726305737,False
GBPJPY,early_back_inside_1,通常通り入る。エントリー後1本以内に終値がブレイク水準内へ戻れば次足始値で撤退,1,2023-11-14 12:00:00,2023-11-14 13:00:00,2023-11-17 01:00:00,long,long,186.73,187.22,186.65992188872985,188.90023433381046,186.65992188872985,-0.9999999999999831,-1.0357093048228863,60,SL,187.18,0.22403124450806142,2.008648396290208,3.8833868994941487,3.213837434064206,0.8275862068965731,0.942528735632202,0.05747126436779807,0.942528735632202,1.3479705286351946,1.6961919790894244,3.303110696121591,0.3333333333333333,2.008648396290081,3.5262938512649895,0.5,2.5889245996627657,4.419026471838331,0.5,6.02594518887037,5.802762033727099,0.5833333333333334,False,True,-0.17854652411464286,3.3031106961214642,False,True,-0.17854652411464286,3.9726601615515333,False,True,-0.17854652411464286,4.820756151096246,False,True,-0.17854652411464286,4.820756151096246,False
GBPJPY,early_back_inside_1,通常通り入る。エントリー後1本以内に終値がブレイク水準内へ戻れば次足始値で撤退,1,2023-11-24 13:00:00,2023-11-24 14:00:00,2023-11-27 01:00:00,long,3m,188.26,188.33,187.8444422872836,189.7866731381492,187.8444422872836,-1.000000000000004,-1.041189748357813,10,SL,188.34,0.1942230850865591,0.41189748357853045,1.5446155634193064,1.1842052652880373,0.7666666666666035,0.8,0.2,0.8,0.8342108203086886,1.6475899343138292,2.162461788787029,1.0,4.736821061152442,2.9862567559439435,0.8333333333333334,5.3546672865200176,5.560616028309356,0.5833333333333334,5.3546672865200176,4.736821061152442,0.5416666666666666,False,True,0.1029743708946692,1.0297437089461066,False,True,0.1029743708946692,1.3901540070773757,False,True,0.1029743708946692,1.3901540070773757,False,True,0.1029743708946692,1.3901540070773757,False
GBPJPY,early_back_inside_1,通常通り入る。エントリー後1本以内に終値がブレイク水準内へ戻れば次足始値で撤退,1,2023-12-07 00:00:00,2023-12-07 01:00:00,2023-12-07 07:00:00,short,3m,184.45,184.45,184.94330419332135,182.97008742003587,182.97008742003587,3.000000000000021,2.959457064685963,6,TP,184.42,0.1973216773285482,0.15203600742786097,1.6217174125637543,1.5203600742786096,0.9375000000000555,0.9687500000000278,0.031249999999972244,0.9687500000000278,0.8557049255789365,2.077825434847337,2.2805401114179142,1.0,3.0407201485570754,3.294113494270225,1.0,4.459722884550396,4.30768687712268,0.75,6.030761627971578,5.878725620543861,0.6666666666666666,False,True,0.20271467657057732,0.9122160445670218,False,True,0.20271467657057732,1.26696672856546,False,True,0.20271467657057732,1.8751107582767599,False,True,0.20271467657057732,6.740262995968167,False
GBPJPY,early_back_inside_1,通常通り入る。エントリー後1本以内に終値がブレイク水準内へ戻れば次足始値で撤退,1,2024-01-19 04:00:00,2024-01-19 05:00:00,2024-01-19 06:00:00,long,long,188.61,188.71,188.16665398533107,190.34003804400686,188.6,-0.20244926258828672,-0.2392582194224826,1,early_back_inside,188.72,0.21733840586758058,0.506123156470586,1.426347077326399,1.0582575089840478,0.7419354838709293,0.7741935483871204,0.22580645161287957,0.7741935483871204,1.0023937172177728,1.4723582733692748,1.3803358812836544,0.3333333333333333,2.5306157823533226,2.254548606096592,0.5,3.58887329133737,3.6348844873801154,0.5833333333333334,5.889433093476707,5.061231564706515,0.625,True,False,0.506123156470586,0.7821903327273169,True,False,3.2667949190378947,0.7821903327273169,True,False,4.647130800321418,0.7821903327273169,True,False,6.119489073690693,0.7821903327273169,True
GBPJPY,early_back_inside_1,通常通り入る。エントリー後1本以内に終値がブレイク水準内へ戻れば次足始値で撤退,1,2024-06-12 08:00:00,2024-06-12 09:00:00,2024-06-12 10:00:00,long,3m,200.7,200.73,200.31272562077862,201.9818231376641,200.72,-0.023965046736516067,-0.07189514020954821,1,early_back_inside,200.74,0.16690975168854874,0.23965046736550122,0.9586018694614941,0.5991261684135828,0.6250000000001554,1.0,0.0,1.0,0.6849982741146161,2.096941589447029,1.4379028041923263,1.0,2.9956308420672326,2.755980374701902,0.8333333333333334,3.774494861004686,3.534844393639355,0.5833333333333334,6.051174300975756,3.1753686925912734,0.5833333333333334,True,False,0.5991261684135828,0.7189514020961632,True,False,0.8387766357789137,0.7189514020961632,True,False,4.67318411362489,0.7189514020961632,True,False,4.912834580990391,0.7189514020961632,True
GBPJPY,early_back_inside_1,通常通り入る。エントリー後1本以内に終値がブレイク水準内へ戻れば次足始値で撤退,1,2024-09-24 04:00:00,2024-09-24 05:00:00,2024-09-27 03:00:00,long,3m,192.69,192.78,191.7446039103753,195.8861882688741,195.8861882688741,3.000000000000003,2.9806837207515167,70,TP,192.79,0.4141584358498785,0.24145349060628982,1.7867558304866682,0.9175232643039425,0.513513513513501,0.7162162162162089,0.28378378378379104,0.7162162162162089,0.9344189831310303,2.2213721135779623,2.1006453682748516,1.0,3.018168632578794,2.8732965382150066,0.6666666666666666,3.2113314250637983,3.6942384062764466,0.6666666666666666,5.915610519854409,2.9940232835181173,0.5833333333333334,False,True,0.6519244246369756,1.086540707728407,False,True,0.6519244246369756,1.086540707728407,False,True,0.6519244246369756,1.2072674530315177,True,False,1.5453023398803096,1.2072674530315177,False
CHFJPY,early_back_inside_1,通常通り入る。エントリー後1本以内に終値がブレイク水準内へ戻れば次足始値で撤退,1,2015-03-04 00:00:00,2015-03-04 01:00:00,2015-03-04 02:00:00,short,3m,124.382,124.378,124.75701384230638,123.24095847308085,124.491,-0.2981421451849076,-0.3509106664565999,1,early_back_inside,124.379,0.18950692115319187,0.015830556381500185,1.0237093126703203,0.5171315084623144,0.5051546391752456,0.8762886597938114,0.12371134020618858,0.8762886597938114,0.7811013701717248,0.6754370722773162,0.6754370722773162,0.3333333333333333,0.8654037488553183,0.29550371912131174,0.5,2.247939006172951,1.0184324605431285,0.5,5.704277149467033,5.487926212253147,0.5,True,False,0.6226685510056239,0.27439631061269487,True,False,0.7018213329131248,0.27439631061269487,True,False,0.8654037488553183,0.27439631061269487,True,False,1.050093573306129,0.4115944659190048,True
CHFJPY,early_back_inside_1,通常通り入る。エントリー後1本以内に終値がブレイク水準内へ戻れば次足始値で撤退,1,2015-04-21 15:00:00,2015-04-21 16:00:00,2015-04-22 12:00:00,long,3m,125.324,125.348,124.85703742538878,126.82088772383365,124.85703742538878,-1.0000000000000036,-1.0407363025905787,20,SL,125.35,0.2454812873056076,0.10591438673542561,1.0469229765772632,0.5377191941952778,0.5136186770427558,0.5330739299610809,0.4669260700389191,0.5330739299610809,0.9829046852583938,2.9981918706647477,2.3423373989568197,1.0,4.656159386100347,3.776255250144343,0.8333333333333334,4.656159386100347,2.49713534880097,0.5833333333333334,4.656159386100347,1.5520531287001156,0.5833333333333334,False,True,0.20775514321177635,1.2302363382347639,False,True,0.20775514321177635,1.2302363382347639,False,False,0.4358784377189271,1.2302363382347639,True,False,0.6028972783401862,1.2302363382347639,False
CHFJPY,early_back_inside_1,通常通り入る。エントリー後1本以内に終値がブレイク水準内へ戻れば次足始値で撤退,1,2015-06-28 21:00:00,2015-06-28 22:00:00,2015-06-29 06:00:00,short,3m,130.893,130.491,131.36540298295662,127.86779105113015,131.36540298295662,-0.9999999999999883,-1.0228727490525542,8,SL,130.258,0.4372014914783102,1.4524195648392328,1.8366817489227034,1.1276265282925115,0.6139476961394729,0.7310087173100761,0.26899128268992395,0.7310087173100761,1.7257529389525093,1.2717248473238454,4.533378862222677,0.3333333333333333,1.2717248473238454,5.139506712116193,0.5,1.7657762268597363,4.668328081632932,0.4166666666666667,3.0397883490887865,4.073636606265635,0.4166666666666667,False,False,0.8897499381455795,1.4066740667341011,False,False,1.0704446556610319,1.4066740667341011,True,False,2.2461039569640096,1.4066740667341011,True,False,2.3444567778900818,1.4066740667341011,True
CHFJPY,early_back_inside_1,通常通り入る。エントリー後1本以内に終値がブレイク水準内へ戻れば次足始値で撤退,1,2015-08-04 18:00:00,2015-08-04 19:00:00,2015-08-05 15:00:00,short,3m,127.163,127.016,127.45117765224188,125.71046704327439,127.45117765224188,-1.000000000000009,-1.0459582423338647,20,SL,127.015,0.217588826120936,0.6801819865406951,1.8291380448864938,1.3603639730814556,0.7437185929648477,0.8793969849246174,0.12060301507538262,0.8793969849246174,1.0655199935037198,1.0754228706117084,1.7372215602188483,0.3333333333333333,3.010264872865998,3.7410009259738883,0.6666666666666666,4.453353682148354,5.0094484143876326,0.5833333333333334,4.453353682148354,3.6307011443727526,0.5416666666666666,False,False,0.5101364899055539,0.13787472700150108,False,False,0.7353318773412956,0.13787472700150108,True,False,0.8548233074092414,0.13787472700150108,True,False,0.8869940770429467,0.13787472700150108,True
CHFJPY,early_back_inside_1,通常通り入る。エントリー後1本以内に終値がブレイク水準内へ戻れば次足始値で撤退,1,2016-02-11 08:00:00,2016-02-11 09:00:00,2016-02-11 12:00:00,short,3m,115.34,115.061,115.79674268331891,112.85377195004331,115.79674268331891,-1.000000000000007,-1.0271834167752731,3,SL,115.064,0.3678713416594493,0.7502623029969886,2.9820208202451486,2.261660275701003,0.7584320875114059,0.769371011850513,0.230628988149487,0.769371011850513,1.239034021003508,1.166168579658324,2.364957259446952,0.3333333333333333,1.6717801316779952,2.8488220780464335,0.6666666666666666,3.4332655387143647,4.042174074480023,0.6666666666666666,7.249817253959761,7.8043589561749265,0.5833333333333334,False,False,0.4702731102118677,0.8644326534530135,False,False,0.7122055195116084,0.8644326534530135,False,True,0.7122055195116084,1.087336671010064,True,False,2.392140676222218,1.6255683231600775,False
CHFJPY,early_back_inside_1,通常通り入る。エントリー後1本以内に終値がブレイク水準内へ戻れば次足始値で撤退,1,2016-03-09 10:00:00,2016-03-09 11:00:00,2016-03-09 12:00:00,short,3m,112.273,112.103,112.59069523295317,110.63991430114046,112.375,-0.5577253612936579,-0.5987345790358588,1,early_back_inside,112.103,0.24384761647658873,0.6971567016170651,3.1084987048572175,2.1611857750128842,0.6952506596306123,0.7282321899736279,0.2717678100263721,0.7282321899736279,1.052745972743597,1.652671475009815,2.833736945984641,0.6666666666666666,1.8946258596887244,2.8296360242104615,0.6666666666666666,3.112599626631455,4.244454036315663,0.5,6.11447436535902,6.270309392779349,0.5,True,False,1.2179737669427888,0.3116700548405401,True,False,2.1242774790449213,0.3116700548405401,True,False,2.2883143500136662,0.3116700548405401,True,False,5.921731041970787,0.3116700548405401,True
CHFJPY,early_back_inside_1,通常通り入る。エントリー後1本以内に終値がブレイク水準内へ戻れば次足始値で撤退,1,2016-04-29 01:00:00,2016-04-29 02:00:00,2016-05-03 21:00:00,short,3m,111.489,111.353,111.93629416285624,109.60311751143124,111.93629416285624,-0.9999999999999912,-1.0342880167051045,67,SL,111.352,0.29164708142812656,0.4697458288598122,2.2664379042068283,0.9086324426850372,0.40090771558245086,0.48260211800302866,0.5173978819969713,0.48260211800302866,1.2542952914272243,1.1657925679732644,1.7075432319137316,0.3333333333333333,1.1897941796667997,1.4263814949319689,0.5,2.2732955075478314,2.564743649541123,0.5,11.699071299778614,12.206533947014066,0.5416666666666666,False,True,0.1028640501152909,0.3874545887675795,False,True,0.1028640501152909,0.7509075658416235,False,True,0.1028640501152909,0.7509075658416235,False,True,0.5897538873276353,0.7509075658416235,False
CHFJPY,early_back_inside_1,通常通り入る。エントリー後1本以内に終値がブレイク水準内へ戻れば次足始値で撤退,1,2016-06-02 13:00:00,2016-06-02 14:00:00,2016-06-06 12:00:00,short,3m,109.834,109.75,110.20552389913227,108.38342830260319,110.20552389913227,-1.000000000000014,-1.0439054900041795,46,SL,109.749,0.22776194956613374,0.3731966650352502,2.2128366962088273,1.4005851311321722,0.632936507936507,0.7837301587301714,0.21626984126982857,0.7837301587301714,1.220191321372098,2.221617794209635,2.928496183276343,1.0,2.458707440232016,2.8670284972705615,0.6666666666666666,3.2709590053086712,3.371941632318183,0.75,4.096382217386507,4.039305080381161,0.625,False,True,0.6234579580588746,0.4961320370468135,False,False,0.6234579580588746,0.4961320370468135,False,False,0.6234579580588746,0.4961320370468135,True,False,0.8781098000828719,0.4961320370468135,False
CHFJPY,early_back_inside_1,通常通り入る。エントリー後1本以内に終値がブレイク水準内へ戻れば次足始値で撤退,1,2016-08-31 13:00:00,2016-08-31 14:00:00,2016-09-01 01:00:00,long,3m,105.139,105.145,104.84121118508041,106.05636644475874,104.84121118508041,-1.000000000000016,-1.065835208598149,11,SL,105.144,0.15189440745979013,0.032917604299113355,1.4417910682984332,0.5266816687848781,0.3652968036530113,0.8356164383561644,0.1643835616438356,0.8356164383561644,0.9876988844964125,1.645880214952487,1.6063790897936256,1.0,1.645880214952487,1.685381340111348,0.6666666666666666,2.4622368015689826,2.38323455125126,0.6666666666666666,4.3714578509138144,3.693355202353427,0.6666666666666666,False,True,0.8031895448968128,1.1784502339059004,False,True,0.8031895448968128,1.1784502339059004,True,False,0.8031895448968128,1.1784502339059004,True,True,0.8031895448968128,1.1784502339059004,True
CHFJPY,early_back_inside_1,通常通り入る。エントリー後1本以内に終値がブレイク水準内へ戻れば次足始値で撤退,1,2016-10-05 14:00:00,2016-10-05 15:00:00,2016-10-07 01:00:00,long,3m,105.813,105.976,105.56918400735414,107.19644797793758,105.56918400735414,-1.0000000000000049,-1.0491622757255332,34,SL,105.974,0.20340799632292927,0.791512639180609,2.1828050422123573,1.932077436012281,0.8851351351351314,0.9864864864864861,0.013513513513513946,0.9864864864864861,0.937947124466907,1.361795037596445,2.3892866002594784,0.6666666666666666,2.256548455800545,3.4020294802048605,0.8333333333333334,2.6744277994673618,3.775662775718653,0.75,5.722488894448586,5.496342426111308,0.75,False,False,0.25072760620007606,0.3293872473608377,False,True,0.25072760620007606,0.8062613218982605,False,True,0.25072760620007606,1.6862660573847088,False,True,0.25072760620007606,2.3253756418162985,False
CHFJPY,early_back_inside_1,通常通り入る。エントリー後1本以内に終値がブレイク水準内へ戻れば次足始値で撤退,1,2017-02-22 07:00:00,2017-02-22 08:00:00,2017-02-24 19:00:00,short,3m,112.161,112.037,112.30742007297044,111.22573978108868,111.22573978108868,2.999999999999975,2.9260409932579123,59,TP,112.039,0.13521003648522262,0.9022998822527019,1.9894972813604026,1.4939719361888877,0.7509293680297574,0.8475836431226834,0.15241635687731656,0.8475836431226834,0.9541484893874291,1.8563710692247528,2.788254554174301,0.6666666666666666,3.313363502042662,3.46867741620092,0.6666666666666666,3.313363502042662,4.208267483621231,0.5,5.332444386099911,5.901928738013593,0.5833333333333334,False,True,-0.014791801348370489,1.6197022476504046,False,True,-0.014791801348370489,2.573773434622456,False,True,-0.014791801348370489,3.8828478539563447,False,True,-0.014791801348370489,3.9715986620467776,False
CHFJPY,early_back_inside_1,通常通り入る。エントリー後1本以内に終値がブレイク水準内へ戻れば次足始値で撤退,1,2017-05-16 08:00:00,2017-05-16 09:00:00,2017-05-17 05:00:00,long,3m,114.351,114.659,114.28974347351091,115.76676957946728,114.28974347351091,-1.0000000000000158,-1.0541628883047163,20,SL,114.659,0.18462826324454504,1.6682169597839565,2.25859244230486,2.182764398678341,0.9664268585131996,0.98800959232615,0.01199040767384996,0.98800959232615,1.0953233587697258,2.4373299737102867,3.3851805190420436,0.3333333333333333,2.4373299737102867,3.8184836254794927,0.5,2.4373299737102867,2.6702303934204137,0.5,3.937641979749726,5.378374808654049,0.5833333333333334,False,False,1.110339210245858,0.06499546596560969,False,True,1.110339210245858,0.6012080601818127,False,True,1.110339210245858,1.3107418969730262,False,False,1.110339210245858,1.641135515631568,False
CHFJPY,early_back_inside_1,通常通り入る。エントリー後1本以内に終値がブレイク水準内へ戻れば次足始値で撤退,1,2017-05-25 07:00:00,2017-05-25 08:00:00,2017-05-25 11:00:00,long,3m,114.962,115.149,114.861787058212,116.01063882536401,114.861787058212,-0.9999999999999898,-1.0696347451319577,3,SL,115.152,0.14360647089400094,1.3230601575066965,1.859247695022562,1.6781973576795643,0.9026217228464545,1.0,0.0,1.0,0.7077708494389107,1.3160966829934702,2.339727436432913,1.0,1.9706632872336909,2.8828784484620047,0.8333333333333334,3.2797964957140335,3.9970343705728966,0.6666666666666666,4.0666691157048644,3.238015648634873,0.5833333333333334,False,False,1.2255715143220207,0.08356169415832185,False,False,1.2325349888352473,0.08356169415832185,False,False,1.685160832192791,0.08356169415832185,True,False,2.284019640327398,0.08356169415832185,False
CHFJPY,early_back_inside_1,通常通り入る。エントリー後1本以内に終値がブレイク水準内へ戻れば次足始値で撤退,1,2017-06-27 09:00:00,2017-06-27 10:00:00,2017-06-27 15:00:00,long,long,115.526,115.59,115.23186469206496,116.66440592380515,116.66440592380515,3.0000000000000084,2.9441551850463332,5,TP,115.588,0.17906765396752364,0.34623785271259633,1.2732617809431142,1.088973891596073,0.8552631578947278,0.8903508771929548,0.10964912280704515,0.8903508771929548,1.2469382557122681,4.272128343953977,4.394986936851952,0.3333333333333333,4.272128343953977,2.619121821325998,0.3333333333333333,4.272128343953977,3.144063081890244,0.5,4.294466269935463,4.741224789564548,0.5416666666666666,False,True,0.3797447416847856,1.211832484494206,False,True,0.3797447416847856,1.915477152910102,False,True,0.3797447416847856,2.5911994138492793,False,True,0.3797447416847856,7.483205203788679,False
CHFJPY,early_back_inside_1,通常通り入る。エントリー後1本以内に終値がブレイク水準内へ戻れば次足始値で撤退,1,2017-07-27 09:00:00,2017-07-27 10:00:00,2017-07-28 00:00:00,short,3m,116.425,116.14,116.59300048170678,114.78099855487966,114.78099855487966,2.999999999999997,2.955849936572568,14,TP,116.14,0.2265002408533905,1.2582768076810653,2.525383628047654,1.9911678605759964,0.7884615384615232,0.8636363636363591,0.13636363636364088,0.8636363636363591,1.322657401335647,1.858717670293835,2.9183191925515644,0.6666666666666666,1.858717670293835,2.4944785836484473,0.5,2.27814327285419,3.5584951122489383,0.5,3.417214909281254,3.103749458946678,0.4583333333333333,False,True,0.3487855010764814,0.463575665987784,False,True,0.3487855010764814,0.9845464144311565,False,True,0.3487855010764814,1.0596015222577293,False,True,0.3487855010764814,2.9094891798661036,False
CHFJPY,early_back_inside_1,通常通り入る。エントリー後1本以内に終値がブレイク水準内へ戻れば次足始値で撤退,1,2017-11-17 15:00:00,2017-11-17 16:00:00,2017-11-17 17:00:00,short,3m,113.283,113.251,113.55233715566833,112.34698853299503,113.306,-0.18251980867745882,-0.2488906481965776,1,early_back_inside,113.253,0.15066857783416335,0.19911251855726209,1.825198086774871,1.6592709879771212,0.9090909090908903,0.9636363636363457,0.036363636363654216,0.9636363636363457,1.1371879881550964,1.3738763780451084,1.8384722546786572,0.3333333333333333,1.5066180570832517,1.446884301516073,0.5,1.7190047435442999,1.1814009434396922,0.5,3.6902186772611003,1.9446655979092282,0.5,True,False,0.5707892198641199,0.856183829796227,True,False,0.6637083951908107,0.856183829796227,True,False,0.8760950816519532,0.856183829796227,True,False,1.3672392940931681,0.856183829796227,True
CHFJPY,early_back_inside_1,通常通り入る。エントリー後1本以内に終値がブレイク水準内へ戻れば次足始値で撤退,1,2017-11-28 16:00:00,2017-11-28 17:00:00,2017-11-28 18:00:00,short,3m,113.061,113.032,113.3112618650542,112.19421440483735,113.125,-0.3330207652303319,-0.4046381340971039,1,early_back_inside,113.031,0.13963093252710623,0.21485210660021414,1.0098049010210064,0.5013215820670985,0.4964539007091527,0.9716312056737253,0.02836879432627473,0.9716312056737253,1.090923833567426,1.6400377470482335,1.5827438519547752,0.6666666666666666,2.1055506446819967,1.912183748741804,0.5,2.4922844365623824,1.5540969044081479,0.5,2.535254857882425,1.181686586301076,0.5416666666666666,True,False,1.1243926912077196,0.4153807394271146,True,False,1.4968030093146896,0.47983637140717883,True,False,2.234461908642125,0.47983637140717883,True,False,2.3418879619422324,0.47983637140717883,True
CHFJPY,early_back_inside_1,通常通り入る。エントリー後1本以内に終値がブレイク水準内へ戻れば次足始値で撤退,1,2017-12-01 17:00:00,2017-12-01 18:00:00,2017-12-04 15:00:00,long,3m,114.704,114.923,114.46848961481223,116.28653115556332,114.46848961481223,-0.9999999999999983,-1.0440033949757754,21,SL,114.923,0.22725519259388743,0.9636743499690613,1.7073317250592996,1.6149245956102116,0.9458762886597925,0.9690721649484528,0.030927835051547146,0.9690721649484528,1.4455033614013453,2.552196908593819,3.1286413827761423,0.3333333333333333,2.552196908593819,2.3585819707004503,0.3333333333333333,2.552196908593819,2.1429653353192237,0.3333333333333333,2.8822223709119283,2.7106091305064792,0.4166666666666667,False,False,0.9108702759981538,0.004400339497596466,False,False,0.9108702759981538,0.004400339497596466,False,False,0.9108702759981538,0.004400339497596466,False,False,0.9108702759981538,1.0824835164035405,False
CHFJPY,early_back_inside_1,通常通り入る。エントリー後1本以内に終値がブレイク水準内へ戻れば次足始値で撤退,1,2018-01-25 14:00:00,2018-01-25 15:00:00,2018-01-26 17:00:00,long,3m,116.157,116.278,115.83654507730338,117.60236476808986,115.83654507730338,-1.000000000000006,-1.0453047388798913,26,SL,116.28,0.22072746134830945,0.5572482882223242,1.8982685590662054,1.6762753385549158,0.8830548926014493,0.8830548926014493,0.1169451073985507,0.8830548926014493,1.3259523201521148,2.097609410137649,2.500821586168415,0.3333333333333333,2.097609410137649,2.586900590040113,0.5,2.740936702231671,3.5020563154133177,0.6666666666666666,3.8509028047883116,2.6457967505839575,0.5833333333333334,False,True,0.2537065377272156,3.3525506771097673,False,False,0.5617787621102677,3.3525506771097673,False,False,0.9060947775972537,3.3525506771097673,True,False,1.114496576444584,3.3525506771097673,False
CHFJPY,early_back_inside_1,通常通り入る。エントリー後1本以内に終値がブレイク水準内へ戻れば次足始値で撤退,1,2018-02-22 01:00:00,2018-02-22 02:00:00,2018-02-22 03:00:00,short,3m,114.338,114.294,114.63243858228428,113.27868425314716,114.354,-0.1772847516232777,-0.23637966883106493,1,early_back_inside,114.293,0.1692192911421385,0.26592712743483254,1.6310197149341548,0.8096003657462735,0.49637681159418573,0.6449275362318497,0.35507246376815027,0.6449275362318497,0.9926567441348418,2.091960069154593,2.239697362173935,1.0,3.3565912974005845,2.990202810712505,0.8333333333333334,3.386138756004436,2.3401587214270974,0.5,4.042092337010564,3.6402468999978286,0.625,True,False,0.5614017134736847,0.4136644204543426,True,False,0.5614017134736847,0.4136644204543426,True,False,0.5614017134736847,0.4136644204543426,True,True,0.7859623988631418,0.4136644204543426,True
CHFJPY,early_back_inside_1,通常通り入る。エントリー後1本以内に終値がブレイク水準内へ戻れば次足始値で撤退,1,2018-03-01 18:00:00,2018-03-01 19:00:00,2018-03-01 20:00:00,short,long,112.495,112.458,112.88049208425272,111.19052374724181,112.719,-0.6177630533874579,-0.6651012183980161,1,early_back_inside,112.453,0.21124604212636344,0.19882029304425014,2.0260734624509076,1.9740014809392734,0.9742990654205383,0.9742990654205383,0.02570093457946167,0.9742990654205383,1.319026651225684,2.196490856488769,2.0402749119540013,0.3333333333333333,2.5515270940677874,1.5479579958444518,0.5,2.5515270940677874,2.6035990755793543,0.75,2.5515270940677874,2.972836762661533,0.625,True,False,1.4627492988254873,0.37870532008426355,True,False,2.0402749119540013,0.37870532008426355,True,False,2.0402749119540013,0.37870532008426355,True,False,2.0402749119540013,0.37870532008426355,True
CHFJPY,early_back_inside_1,通常通り入る。エントリー後1本以内に終値がブレイク水準内へ戻れば次足始値で撤退,1,2018-03-16 01:00:00,2018-03-16 02:00:00,2018-03-20 01:00:00,short,3m,111.507,111.402,111.73631715189939,110.39904854430185,111.73631715189939,-0.9999999999999963,-1.0598234337854975,47,SL,111.399,0.1671585759496927,0.646093084883107,1.6810384893717594,1.2263803926021373,0.7295373665480213,0.7330960854092482,0.26690391459075186,0.7330960854092482,1.0713565785566388,1.166556958816721,1.7528266099142418,0.6666666666666666,1.2503097661163547,1.4058506939585558,0.5,2.710001550481836,2.4587431285828503,0.5,4.552563311074287,4.576492684588505,0.5833333333333334,False,True,0.41876403649825344,0.3230465424415535,False,True,0.41876403649825344,0.3230465424415535,False,True,0.41876403649825344,0.3230465424415535,True,True,1.2981685131447047,1.0169983743530104,False
CHFJPY,early_back_inside_1,通常通り入る。エントリー後1本以内に終値がブレイク水準内へ戻れば次足始値で撤退,1,2018-05-22 07:00:00,2018-05-22 08:00:00,2018-05-22 08:00:00,long,3m,111.557,111.646,111.39781311302762,112.39056066091712,111.39781311302762,-1.0000000000000242,-1.0805844347539713,0,SL,111.646,0.12409344348618544,0.7172014693097502,3.1427929554023284,2.925214981566775,0.9307692307692282,1.0,0.0,1.0,0.983887608439629,0.9831301039976491,2.9171565380913456,0.3333333333333333,1.1120651996039415,3.3281371553362806,0.5,1.4424613820949292,2.5545265816988705,0.5,2.369182381764804,1.7970328950120897,0.5,True,False,2.25636417310937,0.01611688695074359,True,False,2.25636417310937,0.01611688695074359,True,False,2.25636417310937,0.01611688695074359,True,False,2.7318123381573938,0.01611688695074359,True
CHFJPY,early_back_inside_1,通常通り入る。エントリー後1本以内に終値がブレイク水準内へ戻れば次足始値で撤退,1,2018-08-24 08:00:00,2018-08-24 09:00:00,2018-08-27 02:00:00,long,3m,113.174,113.176,112.9538147544233,113.8425557367301,112.9538147544233,-0.99999999999998,-1.0900149780337307,17,SL,113.176,0.11109262278835041,0.018002995606698973,1.332221674898794,1.2332051990617579,0.925675675675703,0.9391891891891853,0.06081081081081471,0.9391891891891853,0.866219064490373,1.161193216634834,1.2872141858819828,0.3333333333333333,1.9893310145449057,1.8633100452977571,0.5,3.231537711409949,3.1595257289830254,0.5833333333333334,4.869810311623393,3.5375886367245992,0.5833333333333334,False,True,0.32405392092134905,0.5220868725954215,False,True,0.32405392092134905,0.8191363001066582,True,False,0.3330554187247625,0.8191363001066582,True,True,1.2512081946684568,1.1161857276178948,True
CHFJPY,early_back_inside_1,通常通り入る。エントリー後1本以内に終値がブレイク水準内へ戻れば次足始値で撤退,1,2018-09-13 12:00:00,2018-09-13 13:00:00,2018-09-17 10:00:00,long,3m,115.292,115.338,115.06598091911115,116.15405724266652,116.15405724266652,2.9999999999999876,2.9264757459856785,45,TP,115.337,0.13600954044442243,0.3308591430642327,2.154260642618087,1.9557451567796518,0.9078498293515784,0.9931740614334629,0.006825938566537175,0.9931740614334629,0.9661465876519636,2.213080045829576,3.330648706846505,0.6666666666666666,2.213080045829576,2.8086265033451947,0.5,4.279111583630638,3.6468029991079174,0.5833333333333334,6.205447038804546,7.30831084901855,0.5833333333333334,False,True,0.6690707115299277,1.1984453404325954,False,True,0.6690707115299277,2.970379862176528,False,True,0.6690707115299277,2.970379862176528,False,True,0.6690707115299277,3.8232612087420708,False
CHFJPY,early_back_inside_1,通常通り入る。エントリー後1本以内に終値がブレイク水準内へ戻れば次足始値で撤退,1,2019-02-20 00:00:00,2019-02-20 01:00:00,2019-02-27 06:00:00,long,3m,110.617,110.658,110.40210942147829,111.42567173556513,110.40210942147829,-1.000000000000024,-1.07815840706429,125,SL,110.658,0.12794528926085438,0.32044946896330173,1.9695918580184588,1.8445384067157664,0.9365079365079705,0.9642857142857123,0.03571428571428773,0.9642857142857123,1.208718743202931,1.125481061724786,1.3208770793853954,0.0,1.6960374332936945,1.3365087607983153,0.3333333333333333,3.900104512504951,4.064237167339721,0.5,5.533615220147189,5.103743981294003,0.4583333333333333,False,True,0.2891861061376842,1.3443246015046642,False,True,0.2891861061376842,1.3443246015046642,True,False,0.7737682299358667,1.3443246015046642,True,False,0.7737682299358667,1.3443246015046642,True
CHFJPY,early_back_inside_1,通常通り入る。エントリー後1本以内に終値がブレイク水準内へ戻れば次足始値で撤退,1,2019-04-18 14:00:00,2019-04-18 15:00:00,2019-04-23 11:00:00,short,3m,110.368,110.358,110.57516888497885,109.70649334506345,109.70649334506345,2.9999999999999982,2.907905775719398,68,TP,110.361,0.10858444248942577,0.06446595699630239,1.5748112351973875,0.5986124578235744,0.38011695906433135,0.6900584795321657,0.3099415204678343,0.6900584795321657,1.131063620908061,2.818083262984902,2.00765408931596,1.0,3.407486298380508,2.7259890387043018,0.8333333333333334,4.310009696329919,3.8955856870674146,0.5833333333333334,5.930868043667672,5.525653456833136,0.5833333333333334,False,True,0.3591674746941708,1.427460476348584,False,True,0.3591674746941708,1.427460476348584,False,True,0.3591674746941708,1.5195547006291843,False,True,0.3591674746941708,1.7405808389025201,False
CHFJPY,early_back_inside_1,通常通り入る。エントリー後1本以内に終値がブレイク水準内へ戻れば次足始値で撤退,1,2019-08-01 12:00:00,2019-08-01 13:00:00,2019-08-02 01:00:00,short,3m,109.065,109.059,109.34554973827532,108.19935078517402,108.19935078517402,2.9999999999999805,2.930204089103724,12,TP,109.06,0.14327486913766402,0.03489795544807833,2.9453874398204696,2.5754691120705218,0.8744075829383942,0.8933649289099478,0.10663507109005219,0.8933649289099478,1.457046638242135,1.7169794080469816,3.957428147815634,0.6666666666666666,1.7169794080469816,3.433958816094062,0.6666666666666666,1.9054283674667831,3.6642853220514984,0.5833333333333334,3.4618771804524853,4.445999524089227,0.5416666666666666,False,True,0.2722040524952689,0.6770203356933941,False,True,0.2722040524952689,1.9612650961838274,False,True,0.2722040524952689,1.9612650961838274,False,True,0.2722040524952689,4.920611718183508,False
CHFJPY,early_back_inside_1,通常通り入る。エントリー後1本以内に終値がブレイク水準内へ戻れば次足始値で撤退,1,2019-12-03 08:00:00,2019-12-03 09:00:00,2019-12-03 10:00:00,long,3m,110.174,110.198,110.01862798444019,110.7361160466794,110.01862798444019,-1.000000000000016,-1.1115001129780189,1,SL,110.198,0.08968600777990189,0.267600271146922,1.6279016494778613,1.5052515252021688,0.924657534246598,0.9589041095890357,0.04109589041096424,0.9589041095890357,1.1115545627931798,1.5275515477978645,2.0516020787941773,0.3333333333333333,1.795151818944945,2.631402666279413,0.3333333333333333,2.988203027808959,3.0997031407868034,0.4166666666666667,6.210556292871614,5.742255818364064,0.5416666666666666,False,True,1.2265012427573991,0.10035010168015515,True,False,3.0774031181912664,0.3679503728272356,True,False,3.0774031181912664,0.3679503728272356,True,False,3.0774031181912664,0.3679503728272356,True
CHFJPY,early_back_inside_1,通常通り入る。エントリー後1本以内に終値がブレイク水準内へ戻れば次足始値で撤退,1,2019-12-27 07:00:00,2019-12-27 08:00:00,2019-12-27 15:00:00,long,3m,111.849,111.919,111.7485019246411,112.43049422607668,112.43049422607668,3.000000000000021,2.882696623067988,7,TP,111.917,0.08524903767944576,0.7976629631373915,2.0176180832299018,1.43110119857007,0.7093023255814068,0.8779069767441793,0.12209302325582068,0.8779069767441793,0.9445189109906338,0.7507416123647116,1.4193708608768167,0.6666666666666666,1.853393355525189,2.052809096309495,0.5,2.5689439548103072,1.3724495101041367,0.5,3.1554608394701393,2.2170338240143748,0.5,False,True,0.023460675386339933,2.2170338240142082,False,True,0.023460675386339933,4.093887854925904,False,True,0.023460675386339933,4.1408092056985835,False,True,0.023460675386339933,5.161348585006788,False
CHFJPY,early_back_inside_1,通常通り入る。エントリー後1本以内に終値がブレイク水準内へ戻れば次足始値で撤退,1,2020-01-09 13:00:00,2020-01-09 14:00:00,2020-01-10 11:00:00,long,3m,112.574,112.59,112.32952987825969,113.37141036522095,112.32952987825969,-0.9999999999999772,-1.0767842386926199,21,SL,112.59,0.13023506087015888,0.12285478190820633,2.395668247209205,1.2746183622971905,0.5320512820512759,0.6346153846154136,0.3653846153845865,0.6346153846154136,0.9550461929066584,1.2515830906894085,1.5894337409369488,0.6666666666666666,2.2037076504776527,2.856373679364842,0.8333333333333334,2.9715500374036425,3.3324359592589645,0.6666666666666666,4.130992041662033,4.476521115778761,0.5833333333333334,False,True,0.36088592185521284,0.1996390206007398,False,False,0.5374896708482799,0.43767016054785546,False,False,0.6680228766256741,0.43767016054785546,True,False,0.698736572102753,0.43767016054785546,False
CHFJPY,early_back_inside_1,通常通り入る。エントリー後1本以内に終値がブレイク水準内へ戻れば次足始値で撤退,1,2020-02-28 15:00:00,2020-02-28 16:00:00,2020-02-28 16:00:00,short,3m,111.624,111.452,111.97558434797156,109.88124695608532,111.97558434797156,-1.0000000000000133,-1.0381982388845277,0,SL,111.452,0.26179217398577853,0.6570097088132997,3.158994355747715,2.5478225335958107,0.8065296251511525,0.8415961305925024,0.1584038694074976,0.8415961305925024,1.6393191214144778,2.322452924177301,3.835103184003299,1.0,3.5982741029194405,5.038347708864877,0.8333333333333334,3.5982741029194405,4.39661729560534,0.75,5.385951682713757,7.360800633042178,0.75,True,False,2.200218559746931,0.48511763383306644,True,False,2.200218559746931,0.48511763383306644,True,False,2.200218559746931,0.48511763383306644,True,False,2.200218559746931,0.48511763383306644,True
CHFJPY,early_back_inside_1,通常通り入る。エントリー後1本以内に終値がブレイク水準内へ戻れば次足始値で撤退,1,2020-03-09 01:00:00,2020-03-09 02:00:00,2020-03-10 04:00:00,short,3m,111.321,110.569,111.41172531713514,108.04082404859459,111.41172531713514,-0.9999999999999941,-1.0237325254069685,26,SL,110.57,0.42136265856756944,1.782312658062876,4.388143947747328,3.1184538384748564,0.7106544077879959,0.7295835586803683,0.27041644131963166,0.7295835586803683,1.8775187046504387,1.526001383667674,2.6983881387716084,0.6666666666666666,2.0291309222952814,4.257615058009053,0.5,2.9262203826784545,5.204542821746849,0.5,2.9262203826784545,3.659555417753582,0.5,False,True,1.4880293430165554,1.14865422969696,False,False,1.4880293430165554,1.14865422969696,False,False,1.4880293430165554,1.14865422969696,False,True,1.4880293430165554,1.14865422969696,False
CHFJPY,early_back_inside_1,通常通り入る。エントリー後1本以内に終値がブレイク水準内へ戻れば次足始値で撤退,1,2020-04-23 09:00:00,2020-04-23 10:00:00,2020-04-23 13:00:00,short,3m,110.298,110.275,110.6119506038098,109.26414818857063,110.6119506038098,-1.0000000000000122,-1.0593558811703578,3,SL,110.275,0.1684753019048963,0.13651852669170197,2.029971136024772,1.5491884985452007,0.7631578947368323,0.871345029239733,0.12865497076026697,0.871345029239733,1.1073304921810556,3.715678161261759,3.596966398921068,0.6666666666666666,3.715678161261759,3.139926113909652,0.3333333333333333,3.715678161261759,3.2111531713140327,0.4166666666666667,5.609130770594829,5.134283721232233,0.375,False,True,0.4689114612454515,1.0446635085975589,False,True,0.5460741067668923,1.0446635085975589,False,True,0.5460741067668923,1.0446635085975589,True,False,4.10742697698577,1.0446635085975589,False
CHFJPY,early_back_inside_1,通常通り入る。エントリー後1本以内に終値がブレイク水準内へ戻れば次足始値で撤退,1,2020-05-20 22:00:00,2020-05-20 23:00:00,2020-05-21 00:00:00,long,3m,111.516,111.529,111.2657362099763,112.3187913700711,111.502,-0.1025587301526372,-0.1785281598953674,1,early_back_inside,111.528,0.1316318950118492,0.09116331569123307,0.774888183375481,0.5013982363017818,0.6470588235294118,0.8039215686274974,0.19607843137250258,0.8039215686274974,0.848837641242894,1.040781187474875,0.36465326276493226,0.6666666666666666,1.2003169899345327,1.0027964726035636,0.8333333333333334,1.815669370850356,1.0559750734234856,0.6666666666666666,5.0291762489662135,4.094752263131075,0.6666666666666666,True,False,0.5469798941473984,0.05317860081981398,True,True,0.5469798941473984,0.34186243384201603,True,False,1.0179903585520667,0.34186243384201603,True,False,1.405434450239807,0.34186243384201603,True
CHFJPY,early_back_inside_1,通常通り入る。エントリー後1本以内に終値がブレイク水準内へ戻れば次足始値で撤退,1,2020-05-28 15:00:00,2020-05-28 16:00:00,2020-05-29 04:00:00,long,3m,111.655,111.664,111.30160287792091,112.75119136623725,111.30160287792091,-1.000000000000011,-1.0551880762332595,12,SL,111.664,0.18119856103954188,0.04966926860989986,1.589416595516717,1.1313555627810001,0.7118055555555578,0.9895833333333328,0.010416666666667181,0.9895833333333328,1.3013201458279324,2.770441426907617,2.7759602345309653,1.0,3.6424130313924996,2.814591887894247,0.6666666666666666,3.6424130313924996,2.0254023977591977,0.5833333333333334,3.6424130313924996,2.742847388791032,0.625,False,True,0.3973541488791989,0.3918353412558505,True,False,0.3973541488791989,0.5794748004488317,True,True,0.3973541488791989,0.5794748004488317,True,False,0.7064073757852163,0.5794748004488317,True
CHFJPY,early_back_inside_1,通常通り入る。エントリー後1本以内に終値がブレイク水準内へ戻れば次足始値で撤退,1,2020-07-22 04:00:00,2020-07-22 05:00:00,2020-07-22 06:00:00,long,3m,114.625,114.639,114.4311390487716,115.2625828536852,114.617,-0.1058399851919147,-0.2020581535482878,1,early_back_inside,114.642,0.10393047561420095,0.16357088620571122,0.7697453468505746,0.596552643809185,0.7749999999999867,0.8749999999999334,0.1250000000000666,0.8749999999999334,0.8875052024343582,1.0583998519195572,1.0391562182482006,0.6666666666666666,1.491381609523031,0.6927708121655581,0.5,2.5401596446069097,1.972472451304623,0.6666666666666666,6.052122789612683,3.665912214375942,0.7083333333333334,True,False,0.596552643809185,0.038487267342576584,True,False,0.8082326141930145,0.12508361886327135,True,False,1.0680216687550987,0.41373812393225395,True,True,1.5972215947149457,1.4047852580023363,True
CHFJPY,early_back_inside_1,通常通り入る。エントリー後1本以内に終値がブレイク水準内へ戻れば次足始値で撤退,1,2020-07-31 13:00:00,2020-07-31 14:00:00,2020-08-03 05:00:00,long,3m,115.674,115.94,115.52504706980191,117.18485879059423,115.52504706980191,-1.0000000000000062,-1.0481982377867909,15,SL,115.947,0.20747646509904044,1.3158118915785342,2.1689207004042217,1.6580193798645901,0.764444444444458,0.8599999999999955,0.14000000000000443,0.8599999999999955,1.356867964978235,2.111082815060107,3.393155940187954,0.6666666666666666,3.2003629890408827,4.68004888909443,0.5,3.5281110059908416,4.925859901806917,0.5833333333333334,3.5281110059908416,3.489552415761455,0.5416666666666666,False,True,0.9495052843991886,1.5953616707417766,False,True,0.9495052843991886,1.6917581463152778,False,False,0.9495052843991886,1.6917581463152778,False,False,1.3254515391359323,1.6917581463152778,False
CHFJPY,early_back_inside_1,通常通り入る。エントリー後1本以内に終値がブレイク水準内へ戻れば次足始値で撤退,1,2020-08-28 03:00:00,2020-08-28 04:00:00,2020-08-28 05:00:00,long,3m,117.638,117.868,117.51654402286165,118.92236793141504,117.51654402286165,-0.9999999999999853,-1.0569061313534929,1,SL,117.869,0.17572798856917418,1.314531634265323,1.718565166875009,1.6787308749276264,0.9768211920530101,0.9834437086092862,0.01655629139071383,0.9834437086092862,1.1541791238445893,2.0827644075373124,3.351771136719878,0.6666666666666666,2.6745881736134844,3.852545092630535,0.6666666666666666,3.4940364651036067,3.6761360854347176,0.6666666666666666,6.874260667500198,6.470227134890512,0.625,False,False,0.9332605541970563,0.0625967444888018,True,False,3.6704454722993427,0.0625967444888018,True,False,3.8753075451718733,0.0625967444888018,True,False,6.162934025581716,0.0625967444888018,True
CHFJPY,early_back_inside_1,通常通り入る。エントリー後1本以内に終値がブレイク水準内へ戻れば次足始値で撤退,1,2020-10-20 09:00:00,2020-10-20 10:00:00,2020-10-21 08:00:00,long,3m,116.177,116.245,115.98409708872434,117.02770873382698,115.98409708872434,-1.0000000000000164,-1.0766568678832535,22,SL,116.245,0.1304514556378301,0.5212667016057295,1.7477765877368707,1.479477550145704,0.8464912280701866,0.8728070175438725,0.1271929824561275,0.8728070175438725,1.0917564980166092,2.3993599647441144,2.6063335080287566,0.6666666666666666,2.3993599647441144,1.977747191386582,0.6666666666666666,3.365236500072445,3.6948610319701363,0.5833333333333334,6.117218057079211,5.649611162991758,0.625,False,True,0.1303166754015141,1.057864776788063,False,True,0.1303166754015141,1.1191902710946962,False,True,0.1303166754015141,1.8857589499266323,False,True,0.1303166754015141,2.6216648816053603,False
CHFJPY,early_back_inside_1,通常通り入る。エントリー後1本以内に終値がブレイク水準内へ戻れば次足始値で撤退,1,2020-10-30 05:00:00,2020-10-30 06:00:00,2020-10-30 07:00:00,short,3m,114.039,113.999,114.26008435053058,113.21574694840824,114.065,-0.2527918654100668,-0.3293954609889112,1,early_back_inside,113.999,0.1305421752652928,0.3064143823152688,1.6929394622916234,0.8196584726932107,0.48416289592759076,0.4932126696832899,0.5067873303167101,0.4932126696832899,1.0019105928148768,1.509090832902484,1.6699583836179808,0.6666666666666666,1.509090832902484,1.731241260080991,0.5,1.8001844961019184,1.5397322711340433,0.4166666666666667,5.890816500010163,6.220211960999075,0.5833333333333334,True,False,0.7277341579986409,0.6741116410934389,True,False,1.156714293240039,0.6741116410934389,True,True,1.156714293240039,1.669958383617872,True,True,1.156714293240039,1.669958383617872,True
CHFJPY,early_back_inside_1,通常通り入る。エントリー後1本以内に終値がブレイク水準内へ戻れば次足始値で撤退,1,2020-12-02 01:00:00,2020-12-02 02:00:00,2020-12-04 12:00:00,long,3m,116.102,116.123,115.85122135891545,116.93833592325366,116.93833592325366,2.9999999999999756,2.9264106998246615,58,TP,116.121,0.1358893205422771,0.13981967033296097,1.2951716830848812,1.000814482383729,0.7727272727272397,0.8977272727272699,0.10227272727273003,0.8977272727272699,1.060741140919925,1.111198432646648,1.560093163715782,0.6666666666666666,1.2142234528921088,1.5453753036807611,0.6666666666666666,5.754683273706599,5.085020642111522,0.75,8.558435610384636,8.433333800086697,0.7083333333333334,False,False,0.21340897050827515,0.64022691152493,False,True,0.21340897050827515,0.64022691152493,True,False,0.5004072411918645,0.64022691152493,True,True,0.9198662521909566,0.8536358820332052,True
CHFJPY,early_back_inside_1,通常通り入る。エントリー後1本以内に終値がブレイク水準内へ戻れば次足始値で撤退,1,2021-01-29 09:00:00,2021-01-29 10:00:00,2021-01-29 11:00:00,long,long,117.88,117.906,117.627836428332,118.74049071500401,117.863,-0.15458530296457448,-0.22648544387835617,1,early_back_inside,117.905,0.1390817858340015,0.17975035228440317,2.192954297869167,1.3301526069042975,0.6065573770492024,0.8491803278688741,0.15081967213112585,0.8491803278688741,1.2847754496976722,2.444604791067352,2.660305213808595,1.0,2.8472455801843046,3.65252715841821,0.6666666666666666,4.047977933443857,4.961109723048383,0.6666666666666666,5.334990455799906,4.874829553951886,0.5416666666666666,True,False,0.7190014091374084,0.3379306622945799,True,False,0.733381437320226,0.3379306622945799,True,False,1.3301526069042975,0.3379306622945799,True,False,1.862213649665996,0.7261914232288172,True
CHFJPY,early_back_inside_1,通常通り入る。エントリー後1本以内に終値がブレイク水準内へ戻れば次足始値で撤退,1,2021-04-27 14:00:00,2021-04-27 15:00:00,2021-04-29 09:00:00,long,3m,118.736,118.83,118.51400124096897,119.77799627709311,119.77799627709311,3.000000000000002,2.9367086122067803,42,TP,118.831,0.15799937951551837,0.6012681840352934,1.8544376623404037,1.5253224458158656,0.8225255972696455,0.8225255972696455,0.17747440273035456,0.8225255972696455,1.2034336163934907,1.6202595275056535,1.5696264172711298,0.6666666666666666,3.3227978591424865,4.132927622895314,0.6666666666666666,3.6519130756671143,3.563305132756586,0.4166666666666667,4.987361358103405,3.886091210501865,0.5416666666666666,False,True,0.4240522982144159,0.1075953592483963,False,True,0.4240522982144159,0.46202713089024117,False,True,0.4240522982144159,1.075953592484233,False,True,0.4240522982144159,1.1519032578360633,False
CHFJPY,early_back_inside_1,通常通り入る。エントリー後1本以内に終値がブレイク水準内へ戻れば次足始値で撤退,1,2021-06-17 12:00:00,2021-06-17 13:00:00,2021-06-18 06:00:00,short,3m,120.884,120.742,121.05265151541562,119.81004545375315,119.81004545375315,2.999999999999982,2.9356191777359983,17,TP,120.74,0.1553257577078104,0.9270838406009241,1.5837682276932454,1.3326830208638285,0.8414634146341463,0.8780487804878049,0.12195121951219512,0.8780487804878049,1.376845456698874,1.8219772700698107,1.8348534345226624,1.0,5.691264688133237,5.298541672323185,1.0,6.457396473074248,6.998195380091454,0.8333333333333334,9.084134021443441,8.981124705821177,0.75,False,True,1.0107789095440936,1.010778909544002,False,True,1.0107789095440936,2.1889479569742516,False,True,1.0107789095440936,3.734087691309125,False,True,1.0107789095440936,5.208408521153589,False
CHFJPY,early_back_inside_1,通常通り入る。エントリー後1本以内に終値がブレイク水準内へ戻れば次足始値で撤退,1,2021-09-13 10:00:00,2021-09-13 11:00:00,2021-09-14 06:00:00,short,3m,119.28,119.21,119.4618701810611,118.45438945681668,119.4618701810611,-1.0000000000000144,-1.0794059857175464,19,SL,119.208,0.12593509053055205,0.5717230971659596,2.1995458043745195,1.5484167214911406,0.7039711191335981,0.9458483754512617,0.054151624548738314,0.9458483754512617,1.1674293496368067,1.9613278472220363,3.3350514001346516,0.6666666666666666,2.6680411201076986,3.4144573858521836,0.6666666666666666,2.6680411201076986,3.6288535472894186,0.5,4.907289917341041,4.716715551619054,0.5416666666666666,False,True,0.1985149642937736,0.5955448928812079,False,False,0.7067132728856624,0.5955448928812079,True,False,1.4372483414865733,0.5955448928812079,True,False,1.6040009114933116,0.5955448928812079,True
CHFJPY,early_back_inside_1,通常通り入る。エントリー後1本以内に終値がブレイク水準内へ戻れば次足始値で撤退,1,2021-12-29 14:00:00,2021-12-29 15:00:00,2022-01-04 11:00:00,long,long,125.507,125.522,125.23818119429232,126.37345641712304,126.37345641712304,3.0000000000000058,2.929532505958721,72,TP,125.514,0.14190940285383838,0.04932724582880912,1.740547102818839,1.000638415385701,0.5748987854250849,0.9514170040485811,0.048582995951418864,0.9514170040485811,1.0146340988378122,2.353614300977725,2.614344028930288,0.6666666666666666,2.7482322676086985,2.522736286676628,0.5,2.7482322676086985,2.0717443248126868,0.5,3.354252716363426,3.0653359907943294,0.4583333333333333,False,True,0.35233747020622286,2.5297830360808864,False,True,0.35233747020622286,2.5297830360808864,False,True,0.35233747020622286,2.5297830360808864,False,True,0.35233747020622286,2.5297830360808864,False
CHFJPY,early_back_inside_1,通常通り入る。エントリー後1本以内に終値がブレイク水準内へ戻れば次足始値で撤退,1,2022-03-14 06:00:00,2022-03-14 07:00:00,2022-03-14 08:00:00,long,3m,125.912,125.983,125.66208795564471,126.94573613306588,125.778,-0.6388043191455812,-0.7011266917451826,1,early_back_inside,125.984,0.16045602217764554,0.44872108271682826,0.959764538033435,0.772797420234631,0.8051948051947189,0.9480519480518881,0.05194805194811187,0.9480519480518881,0.9165122437905412,0.9348355889935768,0.8288875555742456,0.3333333333333333,2.1314251429052664,2.4617337176829674,0.5,3.084957443678715,2.9166870376597824,0.6666666666666666,3.6707877461146303,3.3903370694165575,0.5833333333333334,True,False,1.6203816875887482,-0.006232237259898135,True,False,1.6203816875887482,-0.006232237259898135,True,True,1.6203816875887482,2.922919274919858,True,True,1.6203816875887482,2.922919274919858,True
CHFJPY,early_back_inside_1,通常通り入る。エントリー後1本以内に終値がブレイク水準内へ戻れば次足始値で撤退,1,2022-03-18 08:00:00,2022-03-18 09:00:00,2022-03-21 08:00:00,long,long,127.072,127.08,126.78043213841738,127.97870358474783,127.97870358474783,2.999999999999997,2.933237164045731,23,TP,127.082,0.14978393079130603,0.06676283595417125,1.3486092862754737,1.0081188229088778,0.7475247524752356,0.8762376237623469,0.12376237623765302,0.8762376237623469,0.8431811586133183,1.301875301107478,1.6089843464969884,1.0,1.7959202871687816,2.2766127060392702,0.6666666666666666,3.2580263945665173,3.6586034102918297,0.6666666666666666,5.8951584147586535,6.068741788239632,0.6666666666666666,False,True,0.06676283595417125,1.4954875253748212,False,True,0.06676283595417125,2.7639814085052135,False,True,0.06676283595417125,2.7639814085052135,False,True,0.06676283595417125,3.091119304680994,False
CHFJPY,early_back_inside_1,通常通り入る。エントリー後1本以内に終値がブレイク水準内へ戻れば次足始値で撤退,1,2022-05-31 12:00:00,2022-05-31 13:00:00,2022-06-02 06:00:00,long,3m,133.628,133.831,133.32783697149884,135.34048908550344,135.34048908550344,2.9999999999999902,2.9602514515830705,41,TP,133.826,0.25158151425057523,0.7870212586557511,1.4547968720606308,1.0016634201072065,0.6885245901638568,0.975409836065535,0.024590163934465056,0.975409836065535,1.131335593537194,2.047050243473273,2.2139941468243802,1.0,3.179883873356495,2.031150824106415,0.8333333333333334,3.179883873356495,1.7926595336046722,0.75,3.4819728413253315,3.9788296965372765,0.7083333333333334,False,True,0.0953965162006971,1.7409864206627221,False,True,0.0953965162006971,2.4087620340674887,False,True,0.0953965162006971,2.4087620340674887,False,True,0.0953965162006971,2.4087620340674887,False
CHFJPY,early_back_inside_1,通常通り入る。エントリー後1本以内に終値がブレイク水準内へ戻れば次足始値で撤退,1,2022-06-17 02:00:00,2022-06-17 03:00:00,2022-06-22 14:00:00,long,3m,137.788,137.996,136.7919252215571,141.60822433532869,141.60822433532869,3.0000000000000084,2.9833897359549084,83,TP,137.994,0.6020373892214443,0.34217143932935523,3.4798503174516386,0.6361731129279296,0.18281622911694986,0.6653937947494063,0.3346062052505937,0.6653937947494063,1.682105474510642,1.5630258466453473,1.7573659359731792,0.6666666666666666,1.8885870219296024,2.1543512466514403,0.6666666666666666,2.704150986544783,2.0513676095717535,0.6666666666666666,5.096029009041373,4.956502791062399,0.5833333333333334,False,True,0.1710857196647012,0.571393083151954,False,True,0.1710857196647012,0.571393083151954,False,True,0.1710857196647012,0.571393083151954,False,True,0.1710857196647012,2.6078114550830795,False
CHFJPY,early_back_inside_1,通常通り入る。エントリー後1本以内に終値がブレイク水準内へ戻れば次足始値で撤退,1,2022-08-19 07:00:00,2022-08-19 08:00:00,2022-08-22 14:00:00,long,3m,142.56,142.836,142.39060134995503,144.17219595013492,142.39060134995503,-1.000000000000026,-1.0449035936637305,30,SL,142.838,0.22269932502248357,1.248319903852088,2.20476644888984,1.9218738088082965,0.8716904276985946,0.9898167006110069,0.010183299388993077,0.9898167006110069,1.0518836450595572,1.8859509338772562,3.363279165414519,0.3333333333333333,1.8859509338772562,2.83790711954874,0.3333333333333333,2.510110885803364,3.2779623374533777,0.4166666666666667,4.337687147917728,4.333196788551459,0.5416666666666666,False,False,1.724297996687766,0.07184574986208066,False,True,1.724297996687766,0.4580166553702218,False,True,1.724297996687766,1.1270802009600343,False,True,1.724297996687766,2.1014881834633705,False
CHFJPY,early_back_inside_1,通常通り入る。エントリー後1本以内に終値がブレイク水準内へ戻れば次足始値で撤退,1,2022-09-22 06:00:00,2022-09-22 07:00:00,2022-09-22 07:00:00,long,3m,150.706,151.043,150.15384101378874,153.7104769586338,150.15384101378874,-1.0000000000000107,-1.022493165238325,0,SL,151.044,0.4445794931056307,0.7602689850557603,2.467500226645327,2.3347905517391583,0.9462169553327283,0.9899726526891562,0.010027347310843752,0.9899726526891562,1.8597372070049667,1.6240065302077786,2.5732181032654933,1.0,3.6978763651822244,4.442400134571139,1.0,3.7541092782780736,4.332183624903284,0.75,4.550367327715086,4.979986783767282,0.625,True,False,4.53237279552446,0.9222197747717119,True,False,15.158144054113713,0.9222197747717119,True,False,15.158144054113713,0.9222197747717119,True,False,16.94635069056135,0.9222197747717119,True
CHFJPY,early_back_inside_1,通常通り入る。エントリー後1本以内に終値がブレイク水準内へ戻れば次足始値で撤退,1,2023-04-11 14:00:00,2023-04-11 15:00:00,2023-04-13 08:00:00,long,3m,147.561,147.676,147.18113421218285,149.1605973634514,149.1605973634514,2.99999999999998,2.9595850016461793,41,TP,147.676,0.24743289390856824,0.46477248106905156,1.8995049226303515,1.661056432342721,0.874468085106388,0.8829787234042406,0.11702127659575948,0.8829787234042406,1.0145822004309386,1.661056432342721,1.657014932507318,0.6666666666666666,1.661056432342721,1.9035464224656395,0.5,2.3359869048518114,3.3948598617222374,0.5,3.471648358594665,3.281697866331527,0.5,False,True,0.008082999670691201,0.8770054642783232,False,True,0.008082999670691201,0.8770054642783232,False,True,0.008082999670691201,1.21649145045057,False,True,0.008082999670691201,1.7540109285566463,False
CHFJPY,early_back_inside_1,通常通り入る。エントリー後1本以内に終値がブレイク水準内へ戻れば次足始値で撤退,1,2023-05-22 09:00:00,2023-05-22 10:00:00,2023-05-23 09:00:00,long,3m,153.958,154.08,153.62779356533022,155.43661930400938,153.62779356533022,-0.9999999999999979,-1.0442275882575294,23,SL,154.082,0.2261032173348956,0.5484220943938674,1.0879986711361782,0.8580152121968387,0.7886178861788758,0.9065040650406588,0.09349593495934114,0.9065040650406588,1.0549281827252333,2.923443583825492,3.042858072120877,0.6666666666666666,3.0472808309466557,3.2595732545830076,0.8333333333333334,3.533784301780004,2.7421104719694624,0.75,4.643896767044948,4.696969872954036,0.6666666666666666,False,True,0.12383724712116341,0.7739827945075541,False,True,0.12383724712116341,1.2295269535605804,False,True,0.12383724712116341,1.5612338654923175,False,True,0.7960965886363199,1.5612338654923175,False
CHFJPY,early_back_inside_1,通常通り入る。エントリー後1本以内に終値がブレイク水準内へ戻れば次足始値で撤退,1,2023-06-15 00:00:00,2023-06-15 01:00:00,2023-06-15 15:00:00,long,3m,155.546,155.817,155.34813628243086,157.22359115270748,157.22359115270748,2.9999999999999996,2.957343681648747,14,TP,155.819,0.23443185878457962,1.1645174909902367,1.612408833678873,1.4887055104600226,0.9232804232803606,0.9576719576719075,0.04232804232809245,0.9576719576719075,1.0842818063609154,0.8915170535420023,1.6166744655139014,0.6666666666666666,2.3674256684966974,2.252253608948146,0.6666666666666666,2.3674256684966974,1.8214247936001076,0.5833333333333334,3.9585063429998235,4.918273505903854,0.5833333333333334,False,True,0.17489090524028086,1.5313618288113964,False,True,0.17489090524028086,1.5313618288113964,False,True,0.17489090524028086,1.6550651520301258,False,True,0.17489090524028086,2.546582205572128,False
CHFJPY,early_back_inside_1,通常通り入る。エントリー後1本以内に終値がブレイク水準内へ戻れば次足始値で撤退,1,2023-09-21 07:00:00,2023-09-21 08:00:00,2023-10-03 14:00:00,short,3m,163.827,163.755,164.33910179998247,162.0026946000526,162.0026946000526,2.9999999999999774,2.9657593933102158,198,TP,163.755,0.292050899991236,0.24653236816651938,4.988856394702827,3.913701344643349,0.7844886753603333,0.8634179821551238,0.13658201784487628,0.8634179821551238,1.6581375144427728,0.7738377111893201,3.6808652191528126,0.0,1.537403240371653,3.697985522497693,0.16666666666666666,1.9037777319524365,3.561023095738451,0.4166666666666667,2.3180890728989647,4.4101901416453835,0.4583333333333333,False,True,0.3252857635530302,1.6058844537512744,False,True,0.3252857635530302,1.7394228198414237,False,True,0.3252857635530302,2.489292106347969,False,True,0.3252857635530302,2.667343261134867,False
CHFJPY,early_back_inside_1,通常通り入る。エントリー後1本以内に終値がブレイク水準内へ戻れば次足始値で撤退,1,2023-10-11 13:00:00,2023-10-11 14:00:00,2023-10-11 15:00:00,long,3m,165.304,165.322,164.86827752356476,166.6831674293057,165.263,-0.13003543589804792,-0.174115244677009,1,early_back_inside,165.322,0.22686123821761725,0.07934365580220511,2.084974955246688,1.2033787796667148,0.5771670190274946,0.6131078224101509,0.38689217758984906,0.6131078224101509,0.9805906075048556,2.3494538079208303,2.7946598765887383,1.0,3.0459147866289915,3.583688453732868,0.8333333333333334,3.5175687405643012,4.16554192961558,0.8333333333333334,4.258109528051548,4.214029719272462,0.6666666666666666,True,False,0.7361328066093266,0.4804699156911518,True,False,1.24305060756788,0.4804699156911518,True,False,1.3444341677595657,0.4804699156911518,True,True,1.6529928292125438,0.4804699156911518,True
CHFJPY,early_back_inside_1,通常通り入る。エントリー後1本以内に終値がブレイク水準内へ戻れば次足始値で撤退,1,2023-11-14 13:00:00,2023-11-14 14:00:00,2023-11-15 07:00:00,long,3m,168.413,168.473,168.07529020536188,169.66612938391444,169.66612938391444,2.999999999999983,2.949712075816022,17,TP,168.472,0.19885489731907188,0.29669875268562923,3.761536728963682,0.9051826353121618,0.24064171122995873,0.5267379679144525,0.47326203208554746,0.5267379679144525,1.1963628776829365,1.558925649704231,0.7543188627601348,0.6666666666666666,1.558925649704231,1.4533210089178836,0.8333333333333334,1.558925649704231,1.4231482544074783,0.5833333333333334,4.39013578126377,2.8664116784885123,0.625,False,True,0.11063343320491506,2.7557782452835973,False,True,0.11063343320491506,3.565413824646118,False,True,0.11063343320491506,4.656661779438994,False,True,0.11063343320491506,4.656661779438994,False
CHFJPY,early_back_inside_1,通常通り入る。エントリー後1本以内に終値がブレイク水準内へ戻れば次足始値で撤退,1,2024-03-06 07:00:00,2024-03-06 08:00:00,2024-03-06 09:00:00,short,3m,169.197,169.113,169.4927402825307,167.97377915240796,169.345,-0.6109438757824087,-0.6636114512808444,1,early_back_inside,169.113,0.189870141265339,0.4424076341872795,2.8914498948666383,1.795964324498336,0.6211293260473985,0.6466302367941783,0.3533697632058217,0.6466302367941783,0.9129698999877736,1.0006839344711775,2.1751708680874327,1.0,1.0533515099696134,2.2173049284861217,0.8333333333333334,2.5227768663772885,3.023118833613027,0.5833333333333334,3.318057256404447,3.623529194295614,0.625,True,False,1.2956223572627472,0.27913815014194904,True,False,1.4536250837582043,0.27913815014194904,True,False,1.4536250837582043,0.27913815014194904,True,True,1.4536250837582043,0.6214773908820809,True
CHFJPY,early_back_inside_1,通常通り入る。エントリー後1本以内に終値がブレイク水準内へ戻れば次足始値で撤退,1,2024-04-26 03:00:00,2024-04-26 04:00:00,2024-04-26 08:00:00,long,3m,170.702,170.779,170.34517246091107,172.08048261726674,170.34517246091107,-1.0000000000000182,-1.0461012688175395,4,SL,170.778,0.2169137695444579,0.3503696430134497,3.2639698322834647,2.0192355742092123,0.6186440677965949,0.7019774011299248,0.29802259887007515,0.7019774011299248,1.1712795701178855,0.9589063914053065,1.2677848924830133,0.0,1.304665907536978,1.1479215935573008,0.0,1.9961849398004516,2.369605217222662,0.4166666666666667,3.978539498955699,3.7526432817496094,0.4166666666666667,False,True,0.02305063440876062,1.3830380645269473,False,True,0.02305063440876062,1.3830380645269473,False,True,0.02305063440876062,3.180987548411848,False,True,2.1068279849626075,5.444559847354263,False
CHFJPY,early_back_inside_1,通常通り入る。エントリー後1本以内に終値がブレイク水準内へ戻れば次足始値で撤退,1,2024-05-30 08:00:00,2024-05-30 09:00:00,2024-06-03 00:00:00,long,3m,172.713,173.019,172.55847257929386,174.40058226211843,174.40058226211843,3.0000000000000298,2.956571532767144,36,TP,173.016,0.23026371035306908,1.3158825571576165,2.436337011767001,2.2582802961120225,0.926916221033871,0.9572192513368951,0.042780748663104856,0.9572192513368951,1.462446876528585,3.0095927792416335,4.242961248656792,0.6666666666666666,3.0095927792416335,3.422163217954416,0.5,3.6393055541190904,1.7675386163799716,0.5,3.6393055541190904,3.9215905911330933,0.625,False,True,0.7773695634693669,0.4473132124991653,False,True,0.7773695634693669,1.2594255497549147,False,False,1.4418251121330832,1.2594255497549147,False,True,1.4418251121330832,1.6459389081279414,False
CHFJPY,early_back_inside_1,通常通り入る。エントリー後1本以内に終値がブレイク水準内へ戻れば次足始値で撤退,1,2024-07-23 03:00:00,2024-07-23 04:00:00,2024-07-24 01:00:00,short,3m,175.854,175.778,176.2602205395452,174.33133838136436,174.33133838136436,3.0000000000000004,2.9585252008990657,21,TP,175.775,0.24111026977260505,0.3276509128977123,1.9368731180153367,1.3520784506916657,0.6980728051391953,0.781584582441098,0.218415417558902,0.781584582441098,0.934864678666806,1.5718948859269248,1.5055352073652883,0.6666666666666666,2.268671510823284,2.455308106777489,0.5,2.687566981743099,2.948858216079057,0.4166666666666667,5.470526001418301,6.142417746853957,0.5416666666666666,False,False,0.4811076695712169,0.2447013146957255,False,False,0.5391723883126195,0.2447013146957255,True,False,0.8917081806709161,0.5184349887621522,True,True,1.1156720958161743,3.1852645709546663,True
CHFJPY,early_back_inside_1,通常通り入る。エントリー後1本以内に終値がブレイク水準内へ戻れば次足始値で撤退,1,2024-12-19 09:00:00,2024-12-19 10:00:00,2024-12-23 22:00:00,long,3m,175.016,175.216,174.305816841446,177.94654947566204,174.305816841446,-1.0000000000000095,-1.0219735992827688,60,SL,175.216,0.45509157927700544,0.43947198565561885,1.3689552353171774,1.120653563421775,0.8186195826645327,0.8186195826645327,0.18138041733546728,0.8186195826645327,1.659445351645265,5.5109787001210115,3.662999000439274,1.0,5.869148368430334,6.0581213222622,1.0,7.780851506032061,7.543536633778101,0.8333333333333334,7.780851506032061,7.319405921093745,0.625,False,False,0.7097472568337804,0.10767063648556947,True,False,0.8437862124587482,0.23511751232573452,True,False,0.9272858897332702,0.23511751232573452,True,True,1.3601657956040238,0.9492594890160292,True
AUDJPY,early_back_inside_1,通常通り入る。エントリー後1本以内に終値がブレイク水準内へ戻れば次足始値で撤退,1,2015-03-06 12:00:00,2015-03-06 13:00:00,2015-03-06 13:00:00,long,3m,93.959,93.998,93.71623409786797,94.8432977063961,93.71623409786797,-1.0000000000000202,-1.0443630684387673,0,SL,93.998,0.1408829510660155,0.2768255470580447,2.1081330122111623,1.8029151013523599,0.8552188552188802,0.9360269360269649,0.06397306397303514,0.9360269360269649,0.9330269497841363,1.3273430076886068,2.3139776497672115,0.6666666666666666,1.6893456461491267,2.8747268348334396,0.6666666666666666,2.7966478343812042,3.832969113111287,0.6666666666666666,4.9757617560943626,1.9448769203564515,0.5,True,False,2.299781467866732,1.4054220081407411,True,False,4.237560297273045,1.4054220081407411,True,False,4.237560297273045,1.4054220081407411,True,False,5.92690594342207,1.4054220081407411,True
AUDJPY,early_back_inside_1,通常通り入る。エントリー後1本以内に終値がブレイク水準内へ戻れば次足始値で撤退,1,2015-03-30 11:00:00,2015-03-30 12:00:00,2015-03-30 13:00:00,short,3m,91.798,91.797,92.1798849069622,90.64834527911337,91.827,-0.0783525269721903,-0.11099941321057201,1,early_back_inside,91.796,0.191442453481105,0.010447003596267298,0.6738317319608367,0.26639859170537283,0.39534883720919217,0.6356589147286087,0.36434108527139125,0.6356589147286087,1.0026899119242205,1.8804606473324932,1.3267694567289903,0.6666666666666666,1.8804606473324932,1.1961819117753894,0.5,2.8102439674024353,2.235658769606398,0.6666666666666666,6.89502237355245,6.210743637995346,0.75,True,False,0.3604216240720012,0.18804606473325675,True,True,0.684278735557104,0.5432441870072356,True,True,0.684278735557104,0.8409837895014846,True,False,0.684278735557104,0.8409837895014846,True
AUDJPY,early_back_inside_1,通常通り入る。エントリー後1本以内に終値がブレイク水準内へ戻れば次足始値で撤退,1,2015-05-13 09:00:00,2015-05-13 10:00:00,2015-05-18 07:00:00,long,3m,95.947,96.084,95.63980396003187,97.41658811990442,95.63980396003187,-0.9999999999999858,-1.0281407281363402,69,SL,96.081,0.22209801998406992,0.6033372112439883,2.066655074335696,1.0355787954188014,0.5010893246187571,0.7320261437908641,0.26797385620913594,0.7320261437908641,1.0403537894225134,1.9991173268084457,2.1927255363867686,1.0,1.9991173268084457,1.9000619637683631,0.6666666666666666,2.9536508251944698,1.6974487211864835,0.5,2.9536508251944698,2.1477003713685376,0.5416666666666666,False,True,0.24313589109833225,0.9320209158768764,False,True,0.24313589109833225,1.2516995875061439,False,True,0.24313589109833225,2.2827758664231026,False,True,0.24313589109833225,3.1202439357618026,False
AUDJPY,early_back_inside_1,通常通り入る。エントリー後1本以内に終値がブレイク水準内へ戻れば次足始値で撤退,1,2015-06-28 21:00:00,2015-06-28 22:00:00,2015-06-29 01:00:00,short,3m,94.39,93.454,93.97896828439269,91.8790951468219,93.97896828439269,-0.9999999999999988,-1.0238109622459353,3,SL,93.452,0.26248414219634986,3.57354921387341,1.9886915667823928,0.39621441177274075,0.19923371647509755,0.22222222222222524,0.7777777777777748,0.22222222222222524,1.7285181067008926,0.5371753082687823,4.990777686752839,0.0,0.7086142364396876,5.0593532580212015,0.16666666666666666,2.1144134474411107,5.699391923192527,0.4166666666666667,4.285973204272469,8.236688060121871,0.5416666666666666,False,True,0.4457412132443537,2.9868471041329605,False,True,0.7048044824803702,2.9868471041329605,False,False,1.828681900489602,2.9868471041329605,False,False,4.8307680204599945,2.9868471041329605,False
AUDJPY,early_back_inside_1,通常通り入る。エントリー後1本以内に終値がブレイク水準内へ戻れば次足始値で撤退,1,2015-10-09 06:00:00,2015-10-09 07:00:00,2015-10-13 13:00:00,long,3m,87.507,87.548,87.12339262086965,88.82182213739105,87.12339262086965,-1.0000000000000016,-1.0294389608244465,54,SL,87.548,0.21230368956517476,0.19311958300851995,1.3753882497192627,0.5981996839532449,0.4349315068493179,0.455479452054799,0.544520547945201,0.455479452054799,0.9632991970842482,1.5261157291406084,1.2387914714937975,1.0,1.9547469987448893,2.22794055519602,0.8333333333333334,3.659851609698338,2.275042892515199,0.6666666666666666,7.790726592588197,7.8802210334946174,0.7083333333333334,False,True,0.0,0.9373365126511727,False,True,0.4804438406553978,1.5826385339235964,False,True,0.4804438406553978,2.425770371936478,False,True,0.4804438406553978,3.6834027783578938,False
AUDJPY,early_back_inside_1,通常通り入る。エントリー後1本以内に終値がブレイク水準内へ戻れば次足始値で撤退,1,2015-11-19 00:00:00,2015-11-19 01:00:00,2015-11-24 22:00:00,long,3m,88.098,88.144,87.83310377695291,89.07668866914129,89.07668866914129,3.0,2.9597936575829835,93,TP,88.142,0.15544811152354754,0.28305265061603363,1.9620695099521406,1.5760886227484168,0.803278688524578,0.9311475409836023,0.06885245901639772,0.9311475409836023,1.0538927417488964,1.5246245044547089,1.5117584748811905,0.6666666666666666,4.03993328606549,4.49024432113644,0.8333333333333334,4.03993328606549,3.0942801124163664,0.5833333333333334,4.03993328606549,2.4702776781037405,0.5416666666666666,False,True,0.28305265061603363,2.058564731753163,False,True,0.28305265061603363,2.058564731753163,False,True,0.28305265061603363,2.058564731753163,False,True,0.28305265061603363,2.058564731753163,False
AUDJPY,early_back_inside_1,通常通り入る。エントリー後1本以内に終値がブレイク水準内へ戻れば次足始値で撤退,1,2016-01-04 05:00:00,2016-01-04 06:00:00,2016-01-06 01:00:00,short,3m,86.212,86.146,86.57869892389256,84.84790322832232,84.84790322832232,3.0000000000000124,2.971111552837864,43,TP,86.147,0.2163494619462787,0.3004398504866065,1.705573920454794,1.021495491654449,0.5989159891598633,0.6720867208671832,0.3279132791328168,0.6720867208671832,1.793243118263646,1.8904599822927408,2.1077011049522154,1.0,7.0626475622085,6.9008722581002715,1.0,7.099624774576063,7.6173057477222095,0.75,7.728237384824965,8.024055083765601,0.625,False,True,0.15253100101628825,0.7996322174490044,False,True,0.15253100101628825,1.714818223546734,False,True,0.15253100101628825,2.5283168956335826,False,True,0.15253100101628825,2.847245352303938,False
AUDJPY,early_back_inside_1,通常通り入る。エントリー後1本以内に終値がブレイク水準内へ戻れば次足始値で撤退,1,2016-02-11 08:00:00,2016-02-11 09:00:00,2016-02-11 12:00:00,short,3m,79.21,78.322,79.34319032270673,75.25842903187983,79.34319032270673,-1.0000000000000042,-1.0122406173678389,3,SL,78.324,0.5105951613533627,1.7352299180658122,4.759152032618433,3.307904437486663,0.6950617283950667,0.6954732510288077,0.30452674897119225,0.6954732510288077,1.3892239301602822,1.0145023674470612,3.1198885547165442,0.0,1.476708079256927,3.924831552826087,0.3333333333333333,2.4872934491462586,4.32828230127029,0.5,4.4712527121267165,6.455211975107174,0.5416666666666666,False,False,0.22326886078951586,1.1418047880726532,False,False,1.045838347908757,1.1418047880726532,False,False,1.045838347908757,1.1418047880726532,True,False,3.1551415327359416,1.1418047880726532,False
AUDJPY,early_back_inside_1,通常通り入る。エントリー後1本以内に終値がブレイク水準内へ戻れば次足始値で撤退,1,2016-04-05 09:00:00,2016-04-05 10:00:00,2016-04-07 00:00:00,short,3m,83.345,83.126,83.70612201460138,81.3856339561959,83.70612201460138,-1.0000000000000064,-1.0215471912552427,38,SL,83.126,0.29006100730068407,0.7550135815841442,1.9926842472860702,1.5203698149708116,0.7629757785466886,0.8581314878892605,0.1418685121107395,0.8581314878892605,1.3221284133478677,2.7752782336769757,2.492579084407992,1.0,4.061214607790611,2.899390055307205,0.6666666666666666,4.216354384828459,5.254067115681587,0.75,6.053898855076682,6.664115311425501,0.7083333333333334,False,False,0.3654403636891202,0.24822364326055668,True,False,1.1721672042858804,0.24822364326055668,True,False,1.1721672042858804,0.24822364326055668,True,True,1.1721672042858804,1.1101112934707902,True
AUDJPY,early_back_inside_1,通常通り入る。エントリー後1本以内に終値がブレイク水準内へ戻れば次足始値で撤退,1,2016-06-03 14:00:00,2016-06-03 15:00:00,2016-06-03 16:00:00,short,3m,78.308,78.191,78.63008079192335,76.87375762422998,78.438,-0.5625388414693496,-0.5910074063210115,1,early_back_inside,78.193,0.2195403959616697,0.5238215932710959,2.309369980768868,1.812878209755458,0.7850098619329455,0.8205128205128291,0.17948717948717086,0.8205128205128291,1.2059493258821032,2.186385780609637,3.029055300219605,0.6666666666666666,2.482458855067179,3.170259381883938,0.5,2.5507834107112326,2.7557570776433917,0.4166666666666667,2.7921968406535322,1.2161770904640818,0.375,True,False,1.279946675731908,0.150314022416917,True,False,1.279946675731908,0.150314022416917,True,False,1.279946675731908,0.150314022416917,True,False,1.9130875580334243,0.150314022416917,True
AUDJPY,early_back_inside_1,通常通り入る。エントリー後1本以内に終値がブレイク水準内へ戻れば次足始値で撤退,1,2016-06-14 07:00:00,2016-06-14 08:00:00,2016-06-14 13:00:00,short,3m,78.034,77.893,78.32493149566804,76.59720551299588,78.32493149566804,-1.0000000000000029,-1.0289397743053144,5,SL,77.893,0.2159657478340187,0.6528813083284458,1.838254463875018,1.4817164444332644,0.8060453400503782,0.9722921914357785,0.027707808564221458,0.9722921914357785,1.0513397291724198,1.4215217138781375,2.329073036093588,0.6666666666666666,1.4770860805443884,2.440201769426089,0.5,1.879927738874706,2.5698519583139636,0.5,3.310710180530596,2.8615648833117797,0.5,False,True,0.4954489361073802,1.7271257305425822,False,True,0.4954489361073802,1.7873204610976434,False,True,0.4954489361073802,1.7873204610976434,True,False,2.0929244777620224,1.7873204610976434,False
AUDJPY,early_back_inside_1,通常通り入る。エントリー後1本以内に終値がブレイク水準内へ戻れば次足始値で撤退,1,2016-10-26 00:00:00,2016-10-26 01:00:00,2016-10-26 13:00:00,long,3m,80.016,80.146,79.80679785200688,81.16360644397938,79.80679785200688,-0.9999999999999845,-1.036851181733191,12,SL,80.139,0.16960107399656274,0.7252312565101048,4.864355988787683,2.688662219257117,0.5527272727272573,0.9115151515151427,0.08848484848485727,0.9115151515151427,1.2182990822070496,0.8726359834430978,2.7535202991076773,0.6666666666666666,1.2205111390048677,2.6532850847932887,0.5,2.7181431646437657,1.2146149499275212,0.5,4.899733123251594,4.345491349983617,0.625,False,True,0.4186294244895931,0.8608436052884886,False,True,0.4186294244895931,1.020040710376091,False,True,0.4186294244895931,1.020040710376091,False,True,0.4186294244895931,1.020040710376091,False
AUDJPY,early_back_inside_1,通常通り入る。エントリー後1本以内に終値がブレイク水準内へ戻れば次足始値で撤退,1,2017-02-10 15:00:00,2017-02-10 16:00:00,2017-02-10 17:00:00,long,3m,87.089,87.124,86.81466272718721,88.05201181843834,87.012,-0.36206435448785523,-0.40247332262262564,1,early_back_inside,87.122,0.15466863640639278,0.21335935175178988,1.9460959053723252,1.603427855589178,0.8239202657807411,0.9269102990033042,0.07308970099669578,0.9269102990033042,1.0405990184830654,1.7715291630299517,2.1982478665335314,0.6666666666666666,1.8620452516518924,1.9008378610613088,0.5,2.2305750410413476,0.9956769748416249,0.5,6.161559461195415,6.025785328262457,0.625,True,False,1.4482574179515129,0.07758521881883268,True,False,1.4482574179515129,0.07758521881883268,True,False,2.2887639551554724,0.36852978938945524,True,False,2.2887639551554724,0.36852978938945524,True
AUDJPY,early_back_inside_1,通常通り入る。エントリー後1本以内に終値がブレイク水準内へ戻れば次足始値で撤退,1,2017-05-02 00:00:00,2017-05-02 01:00:00,2017-05-02 02:00:00,long,3m,84.412,84.418,84.14249385671542,85.24451842985378,84.358,-0.21778098769297868,-0.2631520267956396,1,early_back_inside,84.418,0.1377530716422972,0.043556197538595735,2.199587975698982,1.5389856463636817,0.6996699669967168,0.7326732673267671,0.267326732673233,0.7326732673267671,0.8505033362170541,1.4518732512864903,2.0979568481089594,0.6666666666666666,1.4518732512864903,1.2195735310806808,0.5,2.177809876929684,2.744040444931428,0.6666666666666666,7.22306942515022,7.353738017766006,0.75,True,False,0.7840115556947233,0.5081556379502148,True,False,0.7840115556947233,0.5081556379502148,True,False,0.7840115556947233,0.5081556379502148,True,False,0.9219395145669775,0.8420864857461499,True
AUDJPY,early_back_inside_1,通常通り入る。エントリー後1本以内に終値がブレイク水準内へ戻れば次足始値で撤退,1,2017-05-18 09:00:00,2017-05-18 10:00:00,2017-05-18 11:00:00,short,3m,81.913,81.865,82.45514325572694,80.09457023281917,81.921,-0.094892213808375,-0.11607351153343504,1,early_back_inside,81.866,0.2950716278634715,0.15928335889258644,2.8128763378905273,2.4807535895612873,0.8819277108433745,0.8831325301204886,0.11686746987951133,0.8831325301204886,1.7088297296906045,2.39263939102497,3.514400918545181,0.6666666666666666,2.39263939102497,3.2602253458442196,0.5,3.2703923687522582,1.626723665286105,0.3333333333333333,4.090532216667296,4.375208858092373,0.5,True,False,0.782860763918913,0.020334045816076913,True,False,2.0977957266918548,0.020334045816076913,True,False,2.0977957266918548,0.020334045816076913,True,False,2.900990536426845,0.020334045816076913,True
AUDJPY,early_back_inside_1,通常通り入る。エントリー後1本以内に終値がブレイク水準内へ戻れば次足始値で撤退,1,2017-06-27 11:00:00,2017-06-27 12:00:00,2017-06-27 13:00:00,long,3m,85.084,85.13,84.88152384571451,85.87542846285645,85.017,-0.4547720095110959,-0.5050786477313044,1,early_back_inside,85.13,0.12423807714274296,0.37025685730100855,1.6178614851633213,0.8371024599850231,0.517412935323396,0.7611940298507294,0.2388059701492706,0.7611940298507294,0.9939821628172479,1.5373708640109878,1.8512842865052714,0.6666666666666666,1.8432352243901067,1.45688024285854,0.5,2.1973939574606716,2.374473323996011,0.5833333333333334,4.821388207029076,4.692603213185297,0.5833333333333334,True,False,1.2798008763232005,0.5392871617211834,True,False,2.1651977089996692,0.5392871617211834,True,True,2.1651977089996692,0.5634343480669063,True,True,2.1651977089996692,1.5937142988177129,True
AUDJPY,early_back_inside_1,通常通り入る。エントリー後1本以内に終値がブレイク水準内へ戻れば次足始値で撤退,1,2017-07-27 03:00:00,2017-07-27 04:00:00,2017-07-27 13:00:00,long,3m,89.325,89.33,88.9752758622228,90.39417241333157,88.9752758622228,-1.000000000000017,-1.035238650739483,9,SL,89.331,0.17736206888859538,0.03382910470991938,1.0035967730608881,0.5863711483052425,0.5842696629213529,0.7191011235955173,0.28089887640448274,0.7191011235955173,1.1314685320742126,2.54282103736222,2.7006901926751237,0.6666666666666666,2.54282103736222,1.7478370766791145,0.6666666666666666,3.0502576080110106,3.005152135064398,0.75,6.00466608601045,4.877029262346577,0.6666666666666666,False,True,0.18042189178621,0.5017983865304441,False,True,0.21425099649612936,0.5017983865304441,True,False,0.3608437835725001,0.5017983865304441,True,False,0.8739185383395572,0.5017983865304441,True
AUDJPY,early_back_inside_1,通常通り入る。エントリー後1本以内に終値がブレイク水準内へ戻れば次足始値で撤退,1,2017-08-09 00:00:00,2017-08-09 01:00:00,2017-08-09 23:00:00,short,3m,86.64,86.534,86.86151852511034,85.55144442466899,86.86151852511034,-0.9999999999999816,-1.0381657800754058,22,SL,86.534,0.16375926255517062,0.6472916300797523,3.5234648165663693,2.3387990030241044,0.6637781629116062,0.7573656845753882,0.2426343154246118,0.7573656845753882,1.2777565764074452,2.595273045131199,4.555467509806764,1.0,3.383014745888704,5.129480842141632,1.0,4.097478148901325,5.709600699288603,0.8333333333333334,5.654641975980026,7.016397009072399,0.625,False,True,0.3663914887243341,1.514418153394244,False,True,0.3663914887243341,1.5205246782063466,False,True,0.3663914887243341,1.5205246782063466,True,False,1.5571638270787018,1.5205246782063466,False
AUDJPY,early_back_inside_1,通常通り入る。エントリー後1本以内に終値がブレイク水準内へ戻れば次足始値で撤退,1,2017-09-12 06:00:00,2017-09-12 07:00:00,2017-09-14 22:00:00,long,3m,87.938,88.038,87.73994541540061,88.93216375379816,87.73994541540061,-0.9999999999999825,-1.041938626835029,63,SL,88.039,0.14902729229969486,0.6777282096549633,2.5901295933348045,2.31501220129667,0.8937823834196962,0.9041450777202271,0.09585492227977291,0.9041450777202271,0.9270352893721396,1.3084851572545981,3.0397116730069618,1.0,2.200939136305267,1.7513570566331096,0.8333333333333334,2.764594280968827,1.6037330901736695,0.6666666666666666,4.91185197492512,5.435246037826998,0.7083333333333334,False,True,0.2751173920381345,0.9260048805187061,False,True,0.2751173920381345,1.3822971404844135,False,True,0.2751173920381345,1.3822971404844135,False,True,0.2751173920381345,1.3822971404844135,False
AUDJPY,early_back_inside_1,通常通り入る。エントリー後1本以内に終値がブレイク水準内へ戻れば次足始値で撤退,1,2017-11-13 09:00:00,2017-11-13 10:00:00,2017-11-15 01:00:00,short,3m,86.69,86.667,86.89629757330448,85.97910728008658,85.97910728008658,3.0000000000000155,2.945485685609996,39,TP,86.665,0.11464878665223624,0.21805725756020328,1.212398352035107,0.8460621593338267,0.6978417266186845,0.7553956834531866,0.24460431654681333,0.7553956834531866,0.9472135217851894,2.041015930764152,2.041015930764152,1.0,2.9306895416101186,3.6284727658029925,0.8333333333333334,2.9306895416101186,2.2503508980220266,0.5833333333333334,3.017912444634274,3.192358250682462,0.6666666666666666,False,True,0.23550183816498482,0.340169321794046,True,False,0.6541717726807338,0.340169321794046,True,True,0.6541717726807338,0.7501169660074661,True,False,1.0205079653820142,1.3083435453617154,True
AUDJPY,early_back_inside_1,通常通り入る。エントリー後1本以内に終値がブレイク水準内へ戻れば次足始値で撤退,1,2017-11-27 16:00:00,2017-11-27 17:00:00,2017-11-28 06:00:00,short,3m,84.502,84.406,84.67125944925435,83.61022165223699,84.67125944925435,-1.0000000000000184,-1.04712367470841,13,SL,84.405,0.1326297246271697,0.7313594314748609,2.442891296885234,1.6285941979234535,0.6666666666666521,0.8271604938271675,0.17283950617283247,0.8271604938271675,1.2004139424643812,1.7492308051770864,2.0659018992177787,0.6666666666666666,3.739734824861331,4.531412559963062,0.6666666666666666,3.739734824861331,1.8321684726638987,0.4166666666666667,3.739734824861331,4.380616800896101,0.5,False,False,0.6182626121746136,0.11309681930024727,True,False,0.9198541303086422,0.11309681930024727,True,False,0.9198541303086422,0.11309681930024727,True,False,1.4400994990897795,0.11309681930024727,True
AUDJPY,early_back_inside_1,通常通り入る。エントリー後1本以内に終値がブレイク水準内へ戻れば次足始値で撤退,1,2017-12-14 00:00:00,2017-12-14 01:00:00,2017-12-14 18:00:00,long,3m,86.2,86.467,86.17500835024741,87.34297494925777,86.17500835024741,-1.0000000000000047,-1.042809443388472,17,SL,86.468,0.1459958248762938,1.8356689324991609,3.3562603616588698,2.9658382379557735,0.8836734693877785,0.9714285714285797,0.028571428571420285,0.9714285714285797,1.4502802686252734,1.630183604234322,3.6850368868826116,1.0,1.794571866846193,3.787779551015031,0.6666666666666666,2.8699450847654506,4.88370130176087,0.75,3.0891294349145793,4.239847273197676,0.6666666666666666,False,False,1.0822227288614514,0.0,False,False,1.0822227288614514,0.0,False,False,1.157567349225193,0.0,False,False,1.4589458306803547,0.0,False
AUDJPY,early_back_inside_1,通常通り入る。エントリー後1本以内に終値がブレイク水準内へ戻れば次足始値で撤退,1,2018-02-04 22:00:00,2018-02-04 23:00:00,2018-02-05 15:00:00,short,3m,87.21,87.146,87.46785195834003,86.18044412497989,87.46785195834003,-0.9999999999999906,-1.0388377316840165,16,SL,87.149,0.16092597917001836,0.37905626123639313,0.9569617086952462,0.3852702983058726,0.4025974025973966,0.883116883116876,0.11688311688312407,0.883116883116876,1.0206741707986646,2.174912974307482,2.212197196724094,1.0,2.7901026441830354,2.330263901043674,0.8333333333333334,4.0329100580729245,3.8216327977115934,0.75,4.822092765893108,4.884233136587549,0.625,False,True,0.04349825948617966,1.7337163423764708,False,True,0.04349825948617966,1.7337163423764708,False,False,0.33555800175030176,1.7337163423764708,False,False,0.5965475586672031,1.7337163423764708,False
AUDJPY,early_back_inside_1,通常通り入る。エントリー後1本以内に終値がブレイク水準内へ戻れば次足始値で撤退,1,2018-03-19 01:00:00,2018-03-19 02:00:00,2018-03-19 03:00:00,short,3m,81.487,81.47,81.78895211847683,80.51314364456952,81.533,-0.19752181079988618,-0.23671264627601693,1,early_back_inside,81.472,0.1594760592384127,0.09405800514280294,1.7620199630084787,1.4547638128752927,0.825622775800692,0.8825622775800692,0.1174377224199308,0.8825622775800692,0.9982874447051548,1.022096989218399,1.6177976884562104,0.6666666666666666,1.022096989218399,1.9501359732940846,0.6666666666666666,3.248136444264676,4.332938770244973,0.6666666666666666,6.283074743538969,6.577789826319811,0.625,True,False,0.7524640411424235,0.050164269409465195,True,False,0.7524640411424235,0.050164269409465195,True,True,0.7524640411424235,1.235295134208693,True,False,0.8151693779043219,1.3607058077324898,True
AUDJPY,early_back_inside_1,通常通り入る。エントリー後1本以内に終値がブレイク水準内へ戻れば次足始値で撤退,1,2018-05-03 14:00:00,2018-05-03 15:00:00,2018-05-03 16:00:00,short,3m,81.9,81.821,82.1222615301197,80.9172154096409,81.928,-0.3551731280043809,-0.3966653158553225,1,early_back_inside,81.821,0.15063076505984924,0.5244612544364302,3.3459300283030067,2.8878562744281773,0.8630952380952343,0.8888888888888952,0.11111111111110485,0.8888888888888952,1.39943693188333,1.998263766903178,3.292820027853688,0.6666666666666666,2.914411274652742,4.461240037737279,0.6666666666666666,2.914411274652742,4.016443783974827,0.5,3.166683776786769,4.102747534704804,0.5416666666666666,True,False,1.0422837588165776,0.47135125398711175,True,False,2.3567562699356532,0.47135125398711175,True,False,2.8015525236981054,0.47135125398711175,True,False,3.6313962807176923,0.47135125398711175,True
AUDJPY,early_back_inside_1,通常通り入る。エントリー後1本以内に終値がブレイク水準内へ戻れば次足始値で撤退,1,2018-06-19 05:00:00,2018-06-19 06:00:00,2018-06-19 15:00:00,short,3m,81.026,80.889,81.25321036124976,79.79636891625073,81.25321036124976,-1.000000000000012,-1.0343208248032822,9,SL,80.89,0.18210518062487815,0.7468211477198148,1.6419082585899754,1.4826596315025986,0.9030100334447828,0.9799331103678927,0.02006688963210734,0.9799331103678927,1.264314888905457,2.1306368037889016,2.8939319474143796,0.6666666666666666,5.216765370101829,3.5419091197006827,0.6666666666666666,5.326592009472371,6.3205230957759655,0.5,7.061852911527304,7.737286743656301,0.625,False,True,0.13728329921323681,0.774277807562509,False,False,0.5875725206325163,1.4387289757543973,False,False,0.6754338321289972,1.4387289757543973,False,True,1.0049137502406251,1.4387289757543973,False
AUDJPY,early_back_inside_1,通常通り入る。エントリー後1本以内に終値がブレイク水準内へ戻れば次足始値で撤退,1,2018-08-10 00:00:00,2018-08-10 01:00:00,2018-08-10 06:00:00,short,3m,81.809,81.72,81.9735395490584,80.9593813528248,80.9593813528248,2.999999999999994,2.9506980270083583,5,TP,81.718,0.12676977452919902,0.7178367267588209,1.7038761865925436,1.4120085064817465,0.8287037037036817,0.925925925925904,0.07407407407409601,0.925925925925904,1.168017219059146,0.962374512797603,1.9957438667032286,0.6666666666666666,1.3567902967310248,2.2402816527418987,0.8333333333333334,4.788207616952008,4.938085614846647,0.8333333333333334,6.152886229361739,4.732989407201286,0.7083333333333334,False,False,1.0806992479776407,0.1893195762880604,False,False,1.0806992479776407,0.1893195762880604,False,True,1.0806992479776407,0.1893195762880604,False,True,1.0806992479776407,7.501788210414169,False
AUDJPY,early_back_inside_1,通常通り入る。エントリー後1本以内に終値がブレイク水準内へ戻れば次足始値で撤退,1,2018-10-10 19:00:00,2018-10-10 20:00:00,2018-10-11 12:00:00,short,3m,79.703,79.514,79.89004606472292,78.38586180583123,79.89004606472292,-1.0000000000000113,-1.0332406084589745,16,SL,79.516,0.18802303236146187,0.9945590050930699,1.4679052695491288,1.3030318515924901,0.8876811594202669,0.8876811594202669,0.11231884057973308,0.8876811594202669,1.224299223109463,2.175265417556485,2.7071151529004247,0.3333333333333333,4.127153946268601,3.0794099676411144,0.6666666666666666,4.472856274242121,4.621774200138442,0.5833333333333334,4.632411194845295,3.6378521897522247,0.375,False,True,0.27124336502532087,2.281635364625318,False,True,0.27124336502532087,2.5156492481766155,False,True,0.27124336502532087,2.5156492481766155,False,True,0.27124336502532087,2.5156492481766155,False
AUDJPY,early_back_inside_1,通常通り入る。エントリー後1本以内に終値がブレイク水準内へ戻れば次足始値で撤退,1,2018-12-18 16:00:00,2018-12-18 17:00:00,2018-12-18 18:00:00,short,3m,80.721,80.697,80.99400148036761,79.80599555889717,80.753,-0.18855124873682108,-0.2306385810441109,1,early_back_inside,80.697,0.14850074018380519,0.16161535606014601,1.1111055729134083,0.4781120950112334,0.4303030303030387,0.8242424242424378,0.17575757575756218,0.8242424242424378,1.1879387480603065,2.1009996287818025,0.9629581631916715,0.6666666666666666,2.154871414135153,0.7407370486089707,0.6666666666666666,2.1952752531501893,1.407400392357073,0.6666666666666666,3.27944493338697,2.8148007847140506,0.625,True,False,0.491580041349547,0.040403839015036504,True,False,0.491580041349547,0.07407370486086837,True,True,0.6868652632556206,0.18855124873686893,True,False,1.1582433850976495,0.22895508775190543,True
AUDJPY,early_back_inside_1,通常通り入る。エントリー後1本以内に終値がブレイク水準内へ戻れば次足始値で撤退,1,2019-01-30 19:00:00,2019-01-30 20:00:00,2019-01-30 20:00:00,long,3m,79.102,79.193,78.92179445936408,80.00661662190775,78.92179445936408,-0.9999999999999983,-1.0460905037953072,0,SL,79.193,0.13560277031795942,0.6710777352602642,3.8863512800239923,3.06778393261853,0.7893738140417381,0.8254269449715397,0.1745730550284603,0.8254269449715397,0.9424439265087936,0.6858266964748468,2.617940615575958,0.3333333333333333,1.393776834771463,3.281643870228931,0.5,2.1607228179260956,3.8052319933441017,0.5833333333333334,5.6857245481944885,7.964439055836617,0.625,True,False,2.1091014536752657,0.0,True,False,2.1091014536752657,0.0,True,False,2.1091014536752657,0.0,True,False,2.219718662784112,0.0,True
AUDJPY,early_back_inside_1,通常通り入る。エントリー後1本以内に終値がブレイク水準内へ戻れば次足始値で撤退,1,2019-03-25 00:00:00,2019-03-25 01:00:00,2019-03-25 07:00:00,short,3m,77.728,77.627,77.96080118557015,76.62559644328954,77.96080118557015,-1.0000000000000064,-1.0374474403937186,6,SL,77.625,0.1669005927850751,0.6171338176889033,2.294779147328823,1.959250081400788,0.8537859007832632,0.9347258485639555,0.06527415143604451,0.9347258485639555,1.326461722754604,1.0365451500988194,1.5997546536208114,0.3333333333333333,1.4619480729718486,1.983216443252815,0.5,3.277399983260646,3.5230551922436018,0.5,6.351085890779362,6.051506367629409,0.5416666666666666,False,False,0.43139451333597206,0.5032935988919675,False,False,0.6051506367629325,0.5032935988919675,True,False,0.9826208359319081,0.5032935988919675,True,False,1.8573930435298232,0.5032935988919675,True
AUDJPY,early_back_inside_1,通常通り入る。エントリー後1本以内に終値がブレイク水準内へ戻れば次足始値で撤退,1,2019-04-03 09:00:00,2019-04-03 10:00:00,2019-04-03 11:00:00,long,3m,79.412,79.417,79.14879037967988,80.22162886096038,79.342,-0.27963202777918617,-0.3262373657423397,1,early_back_inside,79.416,0.1341048101600637,0.029827416296375878,0.7531422614852394,0.2684467466680187,0.35643564356437313,0.702970297029689,0.29702970297031095,0.702970297029689,1.0360997661941362,1.8045586859348735,0.49960922296540866,1.0,2.2668836385298654,2.1848582437145665,0.8333333333333334,6.785737207441302,5.592640555583511,0.5833333333333334,6.785737207441302,4.466655590392726,0.5833333333333334,True,False,0.7904265318557623,0.0372842703706288,True,False,0.7904265318557623,0.0372842703706288,True,False,0.8053402400039502,0.0372842703706288,True,True,1.1632692355613086,0.11185281111167447,True
AUDJPY,early_back_inside_1,通常通り入る。エントリー後1本以内に終値がブレイク水準内へ戻れば次足始値で撤退,1,2019-06-13 01:00:00,2019-06-13 02:00:00,2019-06-17 16:00:00,short,3m,74.967,74.955,75.13380034011024,74.41859897966928,74.41859897966928,3.0000000000000187,2.930089618441002,62,TP,74.956,0.08940017005511854,0.12304227154393298,3.8031247568140056,2.5055880750774793,0.6588235294117691,0.9588235294117357,0.041176470588264305,0.9588235294117357,1.0293100800502644,0.9843381723517817,2.449659769830107,0.6666666666666666,1.1744944101925932,2.326617498286174,0.3333333333333333,2.8411579065610773,4.228179876693177,0.5,4.496635741880055,5.4138599479351175,0.5416666666666666,False,True,0.3243841704340918,2.069347294148802,False,True,0.3243841704340918,2.069347294148802,False,True,0.3243841704340918,2.069347294148802,False,True,0.3243841704340918,2.069347294148802,False
AUDJPY,early_back_inside_1,通常通り入る。エントリー後1本以内に終値がブレイク水準内へ戻れば次足始値で撤退,1,2019-06-30 21:00:00,2019-06-30 22:00:00,2019-07-01 00:00:00,long,3m,76.017,76.082,75.86952054122635,76.71943837632092,75.86952054122635,-1.0000000000000049,-1.0588292161140438,2,SL,76.082,0.10623972938682107,0.6118238475865405,0.847140712042964,0.46122105433441346,0.5444444444443391,0.6444444444443391,0.3555555555556608,0.6444444444443391,1.0962223176178416,1.5342659562555012,4.056862743227794,0.6666666666666666,2.324930620828934,4.715749963705566,0.6666666666666666,3.793307855036605,5.986461031770012,0.6666666666666666,4.376893678888514,5.205209041774879,0.5416666666666666,False,True,0.1694281424085928,1.9107729393857522,False,True,0.1694281424085928,1.9107729393857522,True,False,2.6543742310678202,1.9107729393857522,True,False,4.320417631418849,1.9107729393857522,True
AUDJPY,early_back_inside_1,通常通り入る。エントリー後1本以内に終値がブレイク水準内へ戻れば次足始値で撤退,1,2019-07-26 14:00:00,2019-07-26 15:00:00,2019-07-30 13:00:00,short,3m,75.132,75.084,75.2365994230905,74.62620173072851,74.62620173072851,2.999999999999999,2.918086190977434,46,TP,75.082,0.07629971154524878,0.6553104721812659,1.4941078765730034,1.0091781271590825,0.6754385964913112,0.9298245614035503,0.07017543859644967,0.9298245614035503,0.9567010165527179,2.372223909295609,2.870259868153401,0.6666666666666666,2.5032860037317133,2.8833660775970857,0.6666666666666666,4.272624278620796,4.377473954169903,0.75,5.937112877960772,6.435148836818564,0.6666666666666666,False,True,0.18348693221084386,0.7732663571736852,False,True,0.19659314165434252,0.7732663571736852,False,False,0.19659314165434252,0.7732663571736852,False,True,0.4718235399704221,0.7732663571736852,False
AUDJPY,early_back_inside_1,通常通り入る。エントリー後1本以内に終値がブレイク水準内へ戻れば次足始値で撤退,1,2019-08-25 21:00:00,2019-08-25 22:00:00,2019-08-26 01:00:00,short,3m,70.738,70.602,70.97571691115493,69.4808492665352,70.97571691115493,-0.9999999999999909,-1.0334477772529889,3,SL,70.602,0.1868584555774663,0.7278236330258754,0.9954058510501637,0.5619226578508228,0.5645161290321816,0.8494623655913723,0.1505376344086276,0.8494623655913723,1.7406805118499118,0.888372963840418,2.627657380997911,0.3333333333333333,4.184985889898898,2.370778451694643,0.5,5.688797955195088,7.781290900144498,0.5833333333333334,5.763720976241848,6.973192601711352,0.4583333333333333,False,True,0.26758221802421217,3.4571622568730223,False,True,0.26758221802421217,3.4571622568730223,False,False,0.9311861187242706,3.4571622568730223,True,False,4.329480287631986,3.4571622568730223,False
AUDJPY,early_back_inside_1,通常通り入る。エントリー後1本以内に終値がブレイク水準内へ戻れば次足始値で撤退,1,2019-10-02 08:00:00,2019-10-02 09:00:00,2019-10-04 12:00:00,short,3m,71.993,71.937,72.19998346716622,71.14804959850133,72.19998346716622,-1.0000000000000007,-1.0475315050587877,51,SL,71.938,0.1314917335831111,0.41827724451764975,2.1370164674449437,1.8328148350684907,0.8576512455516255,0.8647686832740291,0.1352313167259709,0.8647686832740291,1.1212707692955697,2.9963860789086985,3.3005877112851514,1.0,3.2929826704758103,3.399453241807558,0.6666666666666666,3.2929826704758103,2.121806385826153,0.3333333333333333,5.110587423925403,5.125797505544193,0.4166666666666667,False,True,0.06084032647526896,0.9962603460330831,False,True,0.06084032647526896,0.9962603460330831,False,True,0.06084032647526896,0.9962603460330831,False,True,0.494327652611817,1.0266805092707716,False
AUDJPY,early_back_inside_1,通常通り入る。エントリー後1本以内に終値がブレイク水準内へ戻れば次足始値で撤退,1,2019-12-12 11:00:00,2019-12-12 12:00:00,2019-12-12 13:00:00,long,3m,74.844,74.865,74.7134994085861,75.31950177424169,74.828,-0.24422346906163966,-0.32673139779862304,1,early_back_inside,74.865,0.07575029570694838,0.2772266405565268,1.3993344713804388,0.9108875332569719,0.6509433962263392,0.6886792452829911,0.31132075471700893,0.6886792452829911,0.9252262305947138,1.0957052936281149,1.0032964134425435,0.6666666666666666,1.9009826781018981,1.8745801409059133,0.8333333333333334,3.8943742363891802,3.815166624801601,0.6666666666666666,7.260697728861103,7.141886311479735,0.7083333333333334,True,False,0.8580824588653776,0.03960380579378955,True,False,1.3597306655866492,0.25082410336072963,True,True,1.3597306655866492,3.48513490985348,True,True,1.3597306655866492,7.5775281752114205,True
AUDJPY,early_back_inside_1,通常通り入る。エントリー後1本以内に終値がブレイク水準内へ戻れば次足始値で撤退,1,2019-12-26 14:00:00,2019-12-26 15:00:00,2019-12-27 11:00:00,long,3m,75.973,76.0,75.88525076740976,76.34424769777074,76.34424769777074,2.9999999999999516,2.8910668096175445,20,TP,76.0,0.05737461629512427,0.47059138245244353,1.2723396636678002,0.627455176603258,0.49315068493147485,0.7123287671233063,0.28767123287669366,0.7123287671233063,0.727990149856907,2.405244843645575,2.440103464568143,1.0,2.5795379482576735,1.742931046119996,0.5,2.5795379482576735,1.8997948402708107,0.6666666666666666,7.024012115863837,5.891106935885815,0.625,False,True,0.0871465523059255,1.3594862159737258,False,True,0.0871465523059255,1.9695120821156995,False,True,0.0871465523059255,1.9695120821156995,False,True,0.0871465523059255,3.2244224353222157,False
AUDJPY,early_back_inside_1,通常通り入る。エントリー後1本以内に終値がブレイク水準内へ戻れば次足始値で撤退,1,2020-03-08 21:00:00,2020-03-08 22:00:00,2020-03-09 01:00:00,short,3m,69.374,68.884,69.44428662498922,67.20314012503235,67.20314012503235,2.9999999999999893,2.9776899903683494,3,TP,68.88,0.28014331249460966,1.7633831612864397,0.4747570049617689,0.12493605393728625,0.2631578947367971,0.5488721804511438,0.4511278195488561,0.5488721804511438,1.1475758082136884,0.9209571975949268,3.4303870809641026,0.6666666666666666,1.0137668376626208,3.5160575179496822,0.5,1.9561416445039932,4.080054561438063,0.5,3.016313302200486,4.722582838829907,0.4583333333333333,False,True,1.0601716576965439,1.2993349609478684,False,True,1.0601716576965439,1.2993349609478684,False,True,1.0601716576965439,1.2993349609478684,False,True,1.0601716576965439,16.14887737178109,False
AUDJPY,early_back_inside_1,通常通り入る。エントリー後1本以内に終値がブレイク水準内へ戻れば次足始値で撤退,1,2020-04-27 05:00:00,2020-04-27 06:00:00,2020-04-27 07:00:00,long,3m,69.261,69.297,68.94137693151542,70.36386920545374,69.25,-0.1321624049876142,-0.1673119807821627,1,early_back_inside,69.297,0.1778115342422897,0.2024615565767911,1.2878804571134235,0.6130086018574531,0.47598253275107,0.6375545851528441,0.36244541484715587,0.6375545851528441,0.8788191712715121,1.0966667647908719,1.1978975430792673,0.3333333333333333,3.5430772400936843,2.9300686382362313,0.6666666666666666,4.606000412121758,4.172957638332536,0.75,5.837641547963903,5.69141931265847,0.6666666666666666,True,False,0.7311111765272479,0.12935043892403433,True,False,0.7536069050358069,0.12935043892403433,True,False,1.1754018145707883,0.12935043892403433,True,False,1.2203932715878263,0.12935043892403433,True
AUDJPY,early_back_inside_1,通常通り入る。エントリー後1本以内に終値がブレイク水準内へ戻れば次足始値で撤退,1,2020-05-19 00:00:00,2020-05-19 01:00:00,2020-05-19 02:00:00,long,3m,70.175,70.201,69.87864352552157,71.16806942343526,70.093,-0.3350328240645264,-0.3738097712941853,1,early_back_inside,70.2,0.1611782372392106,0.15510778891881202,2.090852994625131,0.9058294872856612,0.4332344213649833,0.4866468842729967,0.5133531157270034,0.4866468842729967,0.8666488058406681,0.9306467335126076,1.6689598087660718,0.6666666666666666,1.0361200299773503,1.389765788712263,0.6666666666666666,4.2685663510446625,4.0141895772179765,0.75,7.7429808228252766,8.23932574736544,0.7083333333333334,True,False,0.8934208641721879,0.272989708497028,True,False,0.9988941606369307,0.272989708497028,True,False,2.0101969443873346,0.272989708497028,True,True,2.0101969443873346,2.2893909644411434,True
AUDJPY,early_back_inside_1,通常通り入る。エントリー後1本以内に終値がブレイク水準内へ戻れば次足始値で撤退,1,2020-09-21 08:00:00,2020-09-21 09:00:00,2020-09-23 04:00:00,short,3m,75.817,75.793,76.12845678006175,74.78662965981476,74.78662965981476,2.9999999999999787,2.962737375593676,43,TP,75.791,0.1677283900308749,0.15501251753033732,1.6157073942587536,0.7035183487916873,0.4354243542435751,0.5387453874538759,0.4612546125461241,0.5387453874538759,1.1317071202811364,3.243338828327592,3.118136410322212,0.6666666666666666,3.243338828327592,3.06447823117717,0.3333333333333333,3.243338828327592,2.259605544000272,0.4166666666666667,4.024363435884406,3.3506551866177605,0.5,False,True,0.7691005677468137,1.1387458018576573,False,True,0.7691005677468137,1.3653025582481633,False,True,0.7691005677468137,1.5799352748286695,False,True,0.7691005677468137,3.130060450132212,False
AUDJPY,early_back_inside_1,通常通り入る。エントリー後1本以内に終値がブレイク水準内へ戻れば次足始値で撤退,1,2020-11-09 11:00:00,2020-11-09 12:00:00,2020-11-13 01:00:00,long,3m,76.112,76.271,75.85229141545858,77.52712575362425,75.85229141545858,-1.0000000000000107,-1.0298536988767104,85,SL,76.272,0.2093542922707079,0.7642546912442617,4.074432822695669,3.7687309461980183,0.9249706916764439,0.9777256740914521,0.022274325908547915,0.9777256740914521,0.9636805861430752,1.0460736086405522,4.3944644746542165,0.6666666666666666,1.1559352205068891,3.4439227024192394,0.5,2.3214236246543085,4.977208676727926,0.6666666666666666,3.19076333594454,5.865654755299355,0.4583333333333333,False,True,0.8645631194700681,3.5299013551841485,False,True,0.8645631194700681,3.6588693343316137,False,True,0.8645631194700681,3.6588693343316137,False,True,0.8645631194700681,3.6588693343316137,False
AUDJPY,early_back_inside_1,通常通り入る。エントリー後1本以内に終値がブレイク水準内へ戻れば次足始値で撤退,1,2021-03-17 19:00:00,2021-03-17 20:00:00,2021-03-17 21:00:00,long,3m,84.949,84.96,84.65734311886968,85.86797064339095,84.842,-0.38988044666060684,-0.43118134143394043,1,early_back_inside,84.962,0.15132844056515954,0.0859058611286465,1.7049009362448244,0.8854911839410791,0.5193798449612219,0.8255813953488372,0.1744186046511628,0.8255813953488372,1.2555244570598592,4.956107372804534,5.286514530991485,0.3333333333333333,4.956107372804534,4.361374488067968,0.3333333333333333,4.956107372804534,3.971494041407361,0.4166666666666667,4.956107372804534,3.4692751609632118,0.4583333333333333,True,False,0.8656667544498602,0.3105827286957313,True,False,0.8656667544498602,0.3105827286957313,True,False,0.8656667544498602,0.3105827286957313,True,True,0.8656667544498602,2.8282852740804363,True
AUDJPY,early_back_inside_1,通常通り入る。エントリー後1本以内に終値がブレイク水準内へ戻れば次足始値で撤退,1,2021-04-20 06:00:00,2021-04-20 07:00:00,2021-04-20 09:00:00,long,3m,84.484,84.651,84.3773381667813,85.47198549965607,84.3773381667813,-1.0000000000000229,-1.0456768116071409,2,SL,84.652,0.13683091660934507,1.2277926960004926,2.0755543194292656,1.775914435286323,0.8556338028169085,0.9718309859155078,0.028169014084492242,0.9718309859155078,1.1551816396480323,1.4397331018576858,2.287494725286563,1.0,4.026867711287191,4.509214841858814,1.0,4.61153089985882,5.678541219002071,0.8333333333333334,4.7284635375730835,4.52383142157307,0.7083333333333334,False,False,0.3873393624286922,0.4677305508572613,False,False,1.0670103191432505,0.4677305508572613,True,False,2.367885913715132,0.4677305508572613,True,False,3.719919537287068,0.4677305508572613,True
AUDJPY,early_back_inside_1,通常通り入る。エントリー後1本以内に終値がブレイク水準内へ戻れば次足始値で撤退,1,2021-06-17 10:00:00,2021-06-17 11:00:00,2021-06-18 05:00:00,short,3m,83.973,83.831,84.13010305733988,82.93369082798037,82.93369082798037,3.0000000000000004,2.9582083843904527,18,TP,83.83,0.14955152866993868,0.9561921651473234,1.8722643793094431,1.6582913073883885,0.8857142857142988,0.9392857142857292,0.06071428571427085,0.9392857142857292,1.5826341072249286,2.387137083619526,2.507496936575137,1.0,3.035742957880351,4.085548341993118,1.0,3.83814197758433,3.2497160298014056,0.6666666666666666,4.794334142731653,5.94443940430743,0.7083333333333334,False,True,0.6285458987682232,0.5416193383002501,False,True,0.6285458987682232,2.0260575247526926,False,True,0.6285458987682232,2.0461175002452943,False,True,0.6285458987682232,5.095233775120682,False
AUDJPY,early_back_inside_1,通常通り入る。エントリー後1本以内に終値がブレイク水準内へ戻れば次足始値で撤退,1,2021-07-08 06:00:00,2021-07-08 07:00:00,2021-07-09 13:00:00,short,3m,82.133,81.954,82.30253999436964,80.90838001689106,82.30253999436964,-1.0000000000000024,-1.0358638899463934,30,SL,81.953,0.17426999718482206,1.0328800304569559,2.387100514833933,1.8706604996054146,0.7836538461538363,0.9110576923076769,0.08894230769232313,0.9110576923076769,1.3909545353518273,2.042807171348254,3.276524985505244,1.0,3.4027658781166865,3.477362769205196,0.8333333333333334,4.504504577270779,4.929133034236422,0.6666666666666666,6.501405969487635,6.6333850844904525,0.5416666666666666,False,True,0.4016755673999046,2.3469329580939915,False,True,0.4016755673999046,2.4903885178796368,False,True,0.4016755673999046,2.4903885178796368,False,True,0.4016755673999046,3.5060538811623903,False
AUDJPY,early_back_inside_1,通常通り入る。エントリー後1本以内に終値がブレイク水準内へ戻れば次足始値で撤退,1,2021-07-18 22:00:00,2021-07-18 23:00:00,2021-07-19 11:00:00,short,3m,81.319,81.298,81.57346653211643,80.47160040365071,80.47160040365071,2.999999999999991,2.9546224366932976,12,TP,81.3,0.13773326605821545,0.13794779245251299,0.8639888053602263,0.6389160913588826,0.7394957983193969,1.0,0.0,1.0,1.0271780229306349,1.5246861271063423,0.6679577318751251,1.0,2.3305916514339806,2.4830602641445116,0.8333333333333334,4.065829672283442,3.8334965481529863,0.75,4.341725257188365,2.105518937432534,0.5416666666666666,False,True,0.21781230387233463,1.1181031598779156,False,True,0.21781230387233463,2.170862628594131,False,True,0.21781230387233463,2.170862628594131,False,True,0.21781230387233463,2.170862628594131,False
AUDJPY,early_back_inside_1,通常通り入る。エントリー後1本以内に終値がブレイク水準内へ戻れば次足始値で撤退,1,2021-09-03 05:00:00,2021-09-03 06:00:00,2021-09-07 05:00:00,long,3m,81.581,81.647,81.42040123981778,82.3267962805467,81.42040123981778,-0.9999999999999826,-1.055163585140237,47,SL,81.645,0.1132993800911157,0.5648751118366575,1.6240159465305473,1.3327522169897275,0.8206521739130342,0.9293478260869271,0.07065217391307287,0.9293478260869271,0.9919286693723917,1.6240159465305473,1.147402570918297,0.6666666666666666,2.330109836326432,2.7625923438264786,0.5,2.330109836326432,1.9594105441835703,0.4166666666666667,4.333651248622331,4.315998901377349,0.5833333333333334,False,True,0.4413086811224122,0.5472227645918012,False,True,0.6354845008163338,0.9444005776020098,False,True,0.6354845008163338,1.226838133520464,False,True,0.6354845008163338,1.226838133520464,False
AUDJPY,early_back_inside_1,通常通り入る。エントリー後1本以内に終値がブレイク水準内へ戻れば次足始値で撤退,1,2021-10-07 14:00:00,2021-10-07 15:00:00,2021-10-11 02:00:00,long,3m,81.427,81.513,81.21865879435958,82.39602361692128,82.39602361692128,3.0000000000000195,2.9575322796793415,35,TP,81.513,0.14717060282021208,0.5843558316130474,1.5356327667970981,1.3997360617708328,0.9115044247787784,0.9380530973451511,0.061946902654848895,0.9380530973451511,0.906225752129321,1.5084534257919031,1.2026858394827336,0.6666666666666666,2.167552445169382,2.086014422153603,0.6666666666666666,2.4121665142167177,2.2558853034365076,0.4166666666666667,5.259202484517523,5.136895449993855,0.5833333333333334,False,True,0.4756384675920737,0.8901234179222169,False,True,0.4756384675920737,0.9376872646813567,False,True,0.4756384675920737,1.0667891344563716,False,True,0.4756384675920737,1.0667891344563716,False
AUDJPY,early_back_inside_1,通常通り入る。エントリー後1本以内に終値がブレイク水準内へ戻れば次足始値で撤退,1,2021-11-17 17:00:00,2021-11-17 18:00:00,2021-11-18 12:00:00,short,3m,82.993,82.925,83.25615163465896,81.9315450960231,83.25615163465896,-0.999999999999998,-1.0377470581199486,18,SL,82.923,0.16557581732948312,0.4227670509437895,2.0474004324279718,1.4132498560122018,0.6902654867256507,0.7905604719764063,0.2094395280235936,0.7905604719764063,1.386750525860518,2.6332347744501883,2.464127954072621,1.0,3.5572827572273673,4.541726032996554,0.8333333333333334,4.843702497956501,4.51756791579982,0.6666666666666666,4.843702497956501,4.8859792030508284,0.625,False,True,0.04227670509441328,0.5193995197309831,False,True,0.04227670509441328,0.6401901057149966,False,True,0.22346258407026176,0.6401901057149966,True,False,0.5254390490302095,0.6401901057149966,False
AUDJPY,early_back_inside_1,通常通り入る。エントリー後1本以内に終値がブレイク水準内へ戻れば次足始値で撤退,1,2022-03-02 18:00:00,2022-03-02 19:00:00,2022-03-08 07:00:00,long,3m,83.988,84.386,83.95958819527404,85.66523541417789,83.95958819527404,-0.9999999999999917,-1.0293143854401927,81,SL,84.386,0.2132059023629811,1.8667400648336874,1.1585045125978015,0.900537920723765,0.7773279352226443,0.7854251012145859,0.21457489878541416,0.7854251012145859,0.997304702489892,1.5149674395509405,3.653745001269974,1.0,1.6509861879935803,4.061801246597961,0.5,3.0909088008175796,5.407917826013183,0.75,3.564629269531656,2.7813488905687622,0.5416666666666666,False,False,0.36584353029398997,0.18761206681748716,False,False,0.7269967589176545,0.18761206681748716,False,False,0.8020415856445959,0.18761206681748716,False,False,1.2476202443360531,0.18761206681748716,False
AUDJPY,early_back_inside_1,通常通り入る。エントリー後1本以内に終値がブレイク水準内へ戻れば次足始値で撤退,1,2022-04-19 04:00:00,2022-04-19 05:00:00,2022-04-19 22:00:00,long,3m,94.312,94.483,94.13006789473303,95.54179631580091,95.54179631580091,3.0000000000000027,2.9645824230398867,17,TP,94.484,0.17646605263348394,0.9746917179432647,1.8700480634958212,1.49037163848299,0.7969696969696739,0.9121212121211796,0.08787878787882038,0.9121212121211796,1.1010231324851916,3.8137646870687805,3.7400961269916424,1.0,4.981128023675286,5.3948053225697805,1.0,5.978486990873074,6.516834160667241,0.8333333333333334,6.737839840898655,7.655863435705654,0.75,False,False,0.5666812313623407,0.6063489175577352,False,True,0.5666812313623407,1.0596939026477044,False,True,1.173030148920076,1.2296982720563423,False,True,1.173030148920076,2.6520681627759255,False
AUDJPY,early_back_inside_1,通常通り入る。エントリー後1本以内に終値がブレイク水準内へ戻れば次足始値で撤退,1,2022-04-26 20:00:00,2022-04-26 21:00:00,2022-04-27 01:00:00,short,3m,90.759,90.572,91.20277408586328,88.67967774241016,91.20277408586328,-1.0000000000000029,-1.0198169206378904,4,SL,90.579,0.31538704293163894,0.5707273143717015,1.3665748471899586,1.173161701764023,0.8584686774942153,0.9976798143851727,0.0023201856148273086,0.9976798143851727,1.1361522143161968,1.1382839214412779,1.9721799418843602,1.0,1.3665748471899586,1.2556000916176984,0.6666666666666666,4.169480102215321,4.756060953097332,0.6666666666666666,5.336300389375229,4.331186174620636,0.5833333333333334,False,True,0.19975456003009553,0.1268282920825703,False,False,0.41219194926846614,0.4438990222890862,True,False,1.128771799535128,0.4438990222890862,True,False,2.9741234493368727,0.4438990222890862,True
AUDJPY,early_back_inside_1,通常通り入る。エントリー後1本以内に終値がブレイク水準内へ戻れば次足始値で撤退,1,2022-05-10 00:00:00,2022-05-10 01:00:00,2022-05-10 02:00:00,short,3m,90.439,89.999,90.61778182585965,88.14265452242104,90.61778182585965,-1.0000000000000093,-1.020200981149743,1,SL,89.998,0.30939091292982535,1.4253812299264714,2.550171860344712,2.1332236094138124,0.8365019011406786,0.8681875792141964,0.13181242078580355,0.8681875792141964,1.211343999152342,0.9243968974126613,1.8164722249857026,0.3333333333333333,1.2637733807284637,2.139687923381718,0.5,4.547644876432185,5.753239431449407,0.5833333333333334,5.449416674957107,5.711221390657905,0.625,False,False,1.0989333745464802,0.817735716941966,True,False,2.6826902966870754,0.817735716941966,True,False,2.7344048084304124,0.817735716941966,True,False,3.7396056304421004,0.817735716941966,True
AUDJPY,early_back_inside_1,通常通り入る。エントリー後1本以内に終値がブレイク水準内へ戻れば次足始値で撤退,1,2022-07-19 16:00:00,2022-07-19 17:00:00,2022-07-21 23:00:00,long,3m,95.318,95.321,94.8904869497653,96.61253915070407,94.8904869497653,-1.0000000000000087,-1.029035124471089,54,SL,95.322,0.21525652511734517,0.01858247966153093,1.105657539859737,0.4924357110300085,0.4453781512605418,0.8697478991596985,0.1302521008403015,0.8697478991596985,0.8881243622316756,1.8257286267431858,1.7746268076740583,1.0,2.2391887992117376,2.034781522935161,0.6666666666666666,4.283261561977631,4.153184204347113,0.75,5.8023792743059195,4.566644376815664,0.6666666666666666,False,True,0.31590215424562973,0.1765335567843128,True,False,0.3530671135686916,0.1765335567843128,True,True,0.3530671135686916,0.4041689326378191,True,True,0.38094083306095494,0.4041689326378191,True
AUDJPY,early_back_inside_1,通常通り入る。エントリー後1本以内に終値がブレイク水準内へ戻れば次足始値で撤退,1,2022-08-25 06:00:00,2022-08-25 07:00:00,2022-08-26 15:00:00,long,3m,95.147,95.225,94.90097458755181,96.19707623734455,94.90097458755181,-0.9999999999999877,-1.0385772211677489,32,SL,95.228,0.1620127062240917,0.4999607863345718,1.6665359544487772,1.0863345480850692,0.6518518518518159,0.6962962962962628,0.3037037037037372,0.6962962962962628,0.8727580597049769,1.39495231742751,1.1665751681141179,0.6666666666666666,2.9380411641393636,2.6294233947969228,0.8333333333333334,3.561449058210947,3.592310835145156,0.5833333333333334,5.49956864968108,5.079848483375381,0.5416666666666666,False,True,0.3888583893713141,0.4012031001451556,False,True,0.3888583893713141,1.28384992046434,False,False,0.3888583893713141,1.28384992046434,True,False,0.9320256634139364,1.28384992046434,False
AUDJPY,early_back_inside_1,通常通り入る。エントリー後1本以内に終値がブレイク水準内へ戻れば次足始値で撤退,1,2022-10-10 04:00:00,2022-10-10 05:00:00,2022-10-13 17:00:00,short,3m,92.124,92.113,92.62777761987905,90.56866714036282,92.62777761987905,-0.9999999999999897,-1.024282329917373,84,SL,92.114,0.2573888099395303,0.03885172786781313,1.7522129268399953,0.7848049029305318,0.44789356984477774,0.6474501108647376,0.3525498891352624,0.6474501108647376,0.9398629633854779,1.9231605294585166,2.109648823224141,0.6666666666666666,2.113533996011,0.5788907452309456,0.5,2.5836399032119473,2.303907462563372,0.5833333333333334,3.5316220631874486,2.8983388989414762,0.5,False,True,0.2952731317956227,0.738182829489112,False,True,0.2952731317956227,1.2821070196389925,False,True,0.2952731317956227,1.7638684452003501,False,True,0.2952731317956227,2.3621850543652023,False
AUDJPY,early_back_inside_1,通常通り入る。エントリー後1本以内に終値がブレイク水準内へ戻れば次足始値で撤退,1,2022-11-28 01:00:00,2022-11-28 02:00:00,2022-11-28 03:00:00,short,3m,92.595,92.53,92.99348355587279,91.13954933238163,92.676,-0.31500578208231705,-0.34197545520577843,1,early_back_inside,92.528,0.23174177793639386,0.28911489588373895,3.8447966004841736,3.641984658595511,0.9472502805836016,0.957351290684612,0.04264870931538797,0.957351290684612,1.4533928897482191,1.7519499661016085,4.40576580145266,0.6666666666666666,2.6969673123485904,5.3723588861983504,0.3333333333333333,2.96450646973356,5.450031544793992,0.5,3.283827399515625,5.592431418886004,0.5,True,False,0.8846052784503302,0.30637548668285236,True,False,0.9363870508474251,0.30637548668285236,True,False,1.367901820823175,0.30637548668285236,True,True,1.367901820823175,1.6613318644067536,True
AUDJPY,early_back_inside_1,通常通り入る。エントリー後1本以内に終値がブレイク水準内へ戻れば次足始値で撤退,1,2022-12-20 03:00:00,2022-12-20 04:00:00,2022-12-27 01:00:00,short,3m,91.018,88.99,89.74511964570131,86.72464106289605,89.74511964570131,-0.9999999999999999,-1.0165536681122622,116,SL,88.99,0.37755982285065676,5.371334229071768,8.250348187159053,7.511392442626964,0.9104333868378781,0.9540930979133225,0.04590690208667745,0.9540930979133225,1.9247711061688888,0.7707387873076248,7.959003628382973,0.6666666666666666,1.1759725826961895,7.222696470748861,0.6666666666666666,1.1759725826961895,7.35777440254505,0.5833333333333334,2.5320490744539508,6.5446582248699805,0.5833333333333334,False,True,0.029134455877634323,1.2633759503289796,False,True,0.029134455877634323,1.9255226748200733,False,True,0.2569129291025667,2.248650276371727,False,True,0.2569129291025667,2.5876693993111672,False
AUDJPY,early_back_inside_1,通常通り入る。エントリー後1本以内に終値がブレイク水準内へ戻れば次足始値で撤退,1,2023-01-18 04:00:00,2023-01-18 05:00:00,2023-01-18 06:00:00,long,3m,91.817,91.848,91.24179672731889,93.66660981804336,91.512,-0.554269524996025,-0.5748896710152037,1,early_back_inside,91.849,0.3031016363405585,0.1055751476183262,1.1085390499920968,0.8149081706786828,0.7351190476190195,0.8214285714285714,0.17857142857142858,0.8214285714285714,1.4137966158279216,6.021082637605665,6.449981674804957,0.6666666666666666,7.380362663191181,7.443047907089512,0.8333333333333334,7.380362663191181,7.634402862147687,0.6666666666666666,7.881844614378066,7.030644986705563,0.5,True,False,1.3790753657639465,0.22104796532577378,True,False,1.5572334273698192,0.22104796532577378,True,False,1.590225661000505,0.22104796532577378,True,False,3.988761045953565,0.22104796532577378,True
AUDJPY,early_back_inside_1,通常通り入る。エントリー後1本以内に終値がブレイク水準内へ戻れば次足始値で撤退,1,2023-05-01 03:00:00,2023-05-01 04:00:00,2023-05-02 04:00:00,long,3m,90.778,90.836,90.42339040473675,92.07382878578973,92.07382878578973,2.9999999999999964,2.9697050186338614,24,TP,90.835,0.206304797631622,0.2762902300593474,1.177868875516459,0.9112730394941233,0.7736625514402512,0.7818930041151874,0.21810699588481264,0.7818930041151874,1.0071780203334053,2.5399312377391037,1.8419348670626834,1.0,3.3348715487872256,3.8147440536271957,1.0,3.8632160238130813,4.139506253872497,0.9166666666666666,10.877110109707134,10.353612831699818,0.75,False,False,0.28598462409656583,0.252054244966508,False,True,0.28598462409656583,0.5671220511745914,False,True,0.28598462409656583,0.5671220511745914,True,False,0.4750253078214296,0.5671220511745914,False
AUDJPY,early_back_inside_1,通常通り入る。エントリー後1本以内に終値がブレイク水準内へ戻れば次足始値で撤退,1,2023-06-04 21:00:00,2023-06-04 22:00:00,2023-06-09 07:00:00,long,3m,92.352,92.38,91.90170867715182,93.81487396854455,93.81487396854455,2.9999999999999876,2.9738653004918465,105,TP,92.38,0.2391456614240928,0.11708345379654343,0.29270863449147744,0.08363103842611094,0.2857142857141987,0.2857142857141987,0.7142857142858013,0.2857142857141987,1.4024072068413487,0.9157598707660722,4.925868163298903,1.0,1.0746588437757008,4.662430392256591,0.5,3.0859853179241057,6.5483103087657994,0.5833333333333334,4.407355725056872,8.39655625798319,0.5416666666666666,False,True,0.05436017497694537,0.6355958920385738,False,True,0.05436017497694537,0.698319170858172,False,True,0.05436017497694537,0.698319170858172,False,True,0.5519648536124035,0.9826647015069967,False
AUDJPY,early_back_inside_1,通常通り入る。エントリー後1本以内に終値がブレイク水準内へ戻れば次足始値で撤退,1,2023-07-27 19:00:00,2023-07-27 20:00:00,2023-07-27 21:00:00,short,3m,93.224,93.203,93.84797677880121,91.26806966359638,93.415,-0.32869400413769695,-0.3480745468344772,1,early_back_inside,93.203,0.32248838940060487,0.06511862346124331,1.686882436329277,0.6728924424328181,0.3988970588235294,0.551470588235292,0.448529411764708,0.551470588235292,1.6263973242186471,5.296314708180916,5.662219354296445,1.0,6.282396720594029,5.659118467464986,0.8333333333333334,6.282396720594029,6.756832405811616,0.6666666666666666,6.291699381088493,5.119564158786114,0.5833333333333334,True,False,1.2620609404154663,0.003100886831502465,True,False,1.2620609404154663,0.003100886831502465,True,False,1.2620609404154663,0.003100886831502465,True,True,1.2620609404154663,0.4806374588805907,True
AUDJPY,early_back_inside_1,通常通り入る。エントリー後1本以内に終値がブレイク水準内へ戻れば次足始値で撤退,1,2023-08-30 12:00:00,2023-08-30 13:00:00,2023-08-30 14:00:00,long,3m,94.935,94.944,94.61591018332683,95.92826945001953,94.896,-0.14630140150865048,-0.18440072481815878,1,early_back_inside,94.947,0.16404490833658789,0.07315070075432524,2.68219236099181,1.816575735399019,0.6772727272727349,0.7363636363636358,0.2636363636363642,0.7363636363636358,1.0720408508854393,1.1886988872577853,2.0969867549572947,0.6666666666666666,1.4813016902750862,1.8531510857761817,0.5,3.6392473625275943,2.621233443696597,0.5833333333333334,3.6392473625275943,3.9928090828401084,0.5833333333333334,True,False,1.2008906707168105,0.04267124210663197,True,False,1.9872607038258068,0.29260280301730096,True,False,1.9872607038258068,0.29260280301730096,True,False,2.2554799399249705,0.29260280301730096,True
AUDJPY,early_back_inside_1,通常通り入る。エントリー後1本以内に終値がブレイク水準内へ戻れば次足始値で撤退,1,2023-09-29 01:00:00,2023-09-29 02:00:00,2023-10-02 05:00:00,long,3m,96.064,96.201,95.88180558752109,97.15858323743673,95.88180558752109,-0.9999999999999843,-1.0391610865080836,27,SL,96.2,0.15959720623945622,0.8521452424170785,1.8734663785492172,1.604038103373209,0.8561872909698816,0.909698996655517,0.09030100334448303,0.909698996655517,1.0455977512609493,0.6892351225431715,1.7042904848340679,0.6666666666666666,2.2682101305511435,2.1679577490903736,0.8333333333333334,3.6842750186852977,4.335915498180747,0.75,6.209381876729875,6.152989912158159,0.7083333333333334,False,True,0.03132886920656851,1.9110610215969392,False,True,0.03132886920656851,1.9549214384860816,False,True,0.03132886920656851,1.9549214384860816,False,True,0.03132886920656851,1.9549214384860816,False
AUDJPY,early_back_inside_1,通常通り入る。エントリー後1本以内に終値がブレイク水準内へ戻れば次足始値で撤退,1,2023-11-14 14:00:00,2023-11-14 15:00:00,2023-11-16 16:00:00,long,3m,97.592,97.618,97.26051205688539,98.69046382934383,97.26051205688539,-0.9999999999999821,-1.0349662142199147,49,SL,97.617,0.17874397155730612,0.13986485687988964,2.5399458009382614,1.9581079963180574,0.7709251101321642,0.8105726872246761,0.1894273127753239,0.8105726872246761,1.405983751120416,4.296648403349237,5.510675361066395,0.3333333333333333,4.6882700026128,6.0309726286594865,0.3333333333333333,4.6882700026128,4.9791889049229425,0.25,5.057513224775639,5.3148645614346135,0.4583333333333333,False,True,0.29651349658536286,1.0517837237365444,False,True,0.29651349658536286,1.8014593566125048,False,True,0.29651349658536286,1.8014593566125048,False,True,0.29651349658536286,1.8014593566125048,False
AUDJPY,early_back_inside_1,通常通り入る。エントリー後1本以内に終値がブレイク水準内へ戻れば次足始値で撤退,1,2023-12-07 02:00:00,2023-12-07 03:00:00,2023-12-07 10:00:00,short,3m,96.032,95.957,96.28190344062162,94.98228967813512,94.98228967813512,2.9999999999999925,2.9615270309970394,7,TP,95.956,0.1624517203108131,0.4678313030762944,1.939037637750585,1.6066311855647553,0.8285714285714209,0.8730158730158523,0.12698412698414774,0.8730158730158523,1.0748973032329159,2.1113965388840072,2.8623888938223336,0.6666666666666666,2.659251617486549,3.5272017981939054,0.8333333333333334,5.27541350968972,5.878669663656567,0.75,6.297255566409064,6.771242544525866,0.5833333333333334,False,True,0.43089725283342445,1.0156863816789237,False,True,0.43089725283342445,1.1141771823265185,False,True,0.43089725283342445,1.3234701337028107,False,True,0.43089725283342445,5.244635134487358,False
AUDJPY,early_back_inside_1,通常通り入る。エントリー後1本以内に終値がブレイク水準内へ戻れば次足始値で撤退,1,2024-01-10 19:00:00,2024-01-10 20:00:00,2024-01-11 13:00:00,long,3m,97.591,97.617,97.34430273489568,98.43509179531299,97.34430273489568,-0.9999999999999988,-1.0458383768359616,17,SL,97.617,0.13634863255216362,0.19068764763785587,0.6967433279072617,0.4180459967443778,0.60000000000003,0.9789473684211014,0.021052631578898556,0.9789473684211014,0.8767935782821383,0.9681065187763497,1.0781186231828692,0.6666666666666666,2.3395907537095897,2.1709055269532254,0.6666666666666666,3.989772319805818,3.667070146880368,0.75,8.155564006661901,7.334140293760736,0.75,False,True,0.4620508385069439,0.24202662969411348,False,True,0.4620508385069439,0.4620508385069439,True,False,1.444825637870885,0.4620508385069439,True,True,1.444825637870885,0.8360919934886514,True
AUDJPY,early_back_inside_1,通常通り入る。エントリー後1本以内に終値がブレイク水準内へ戻れば次足始値で撤退,1,2024-02-16 02:00:00,2024-02-16 03:00:00,2024-02-20 12:00:00,long,3m,97.88,97.886,97.6654554350083,98.54763369497509,98.54763369497509,2.999999999999984,2.943322112696531,57,TP,97.886,0.11027228249584967,0.05441077181136656,1.5144331487496596,1.242379289692827,0.8203592814371207,0.9161676646705996,0.08383233532940043,0.9161676646705996,1.0234564382955473,1.5235016107182637,0.2992592449625161,0.3333333333333333,1.5235016107182637,0.7073400335476364,0.3333333333333333,2.0857462527690087,1.450953914969689,0.4166666666666667,4.969517158771308,3.7362063310469558,0.5416666666666666,False,True,0.39901232661664515,0.38087540267956593,False,True,0.39901232661664515,0.4262177125224573,False,True,0.39901232661664515,0.7889561912648152,False,True,0.39901232661664515,1.5779123825296304,False
AUDJPY,early_back_inside_1,通常通り入る。エントリー後1本以内に終値がブレイク水準内へ戻れば次足始値で撤退,1,2024-03-11 08:00:00,2024-03-11 09:00:00,2024-03-12 01:00:00,short,3m,97.061,96.985,97.28001340543884,96.09995978368347,97.28001340543884,-0.9999999999999778,-1.0423709559278767,16,SL,96.984,0.14750670271942184,0.5220101770322739,1.4778989427664835,0.8609778244557545,0.5825688073394839,0.6743119266055192,0.32568807339448075,0.6743119266055192,1.0791866784123734,1.3151944720031974,1.491457648663392,0.6666666666666666,1.3490912367455166,1.5050163545603967,0.6666666666666666,2.799872767718087,2.9693565914298756,0.5833333333333334,6.881043242697052,5.226881123270374,0.6666666666666666,False,False,0.555906941774593,0.1220283530724646,False,False,0.555906941774593,0.1220283530724646,False,False,0.555906941774593,0.1220283530724646,True,False,1.1457106482915052,0.6033624124138206,False
AUDJPY,early_back_inside_1,通常通り入る。エントリー後1本以内に終値がブレイク水準内へ戻れば次足始値で撤退,1,2024-04-04 09:00:00,2024-04-04 10:00:00,2024-04-04 18:00:00,long,3m,100.168,100.206,99.9723046874791,100.90708593756274,99.9723046874791,-0.9999999999999715,-1.053488449832999,8,SL,100.207,0.11684765626045723,0.33376792695828655,1.3693043157267217,1.0697689966615243,0.7812500000000167,0.8624999999999623,0.13750000000003776,0.8624999999999623,1.0082712019751114,1.7886537624180956,2.344933640681947,1.0,2.8669809110528313,3.371911877477049,0.8333333333333334,5.656938454346151,5.956473773411349,0.8333333333333334,11.861598634982943,12.554808944819637,0.7916666666666666,False,True,0.14548858354593228,0.9499548690354694,False,False,0.29097716709186455,0.9499548690354694,False,True,0.736001069703116,0.9841874769286801,False,True,0.736001069703116,1.626048874925619,False
AUDJPY,early_back_inside_1,通常通り入る。エントリー後1本以内に終値がブレイク水準内へ戻れば次足始値で撤退,1,2024-04-24 01:00:00,2024-04-24 02:00:00,2024-04-24 10:00:00,long,3m,100.806,100.94,100.62652284486055,101.88043146541837,100.62652284486055,-0.9999999999999792,-1.039875314022233,8,SL,100.94,0.15673857756972934,0.8549267326378974,3.1070844686168857,2.9603433130147927,0.9527720739219508,0.9917864476385938,0.00821355236140619,0.9917864476385938,0.9214624977324294,1.3653307521231972,3.7323293924862937,0.6666666666666666,1.7927941184421006,3.4388470812822898,0.6666666666666666,3.9939114524724952,4.606396275854891,0.75,5.040239692417392,7.069095669871578,0.625,False,False,0.41470326583180034,0.4848838185110937,False,False,1.090988591649802,0.4848838185110937,False,False,1.090988591649802,0.4848838185110937,True,False,1.9267751735569996,0.4848838185110937,False
AUDJPY,early_back_inside_1,通常通り入る。エントリー後1本以内に終値がブレイク水準内へ戻れば次足始値で撤退,1,2024-06-18 14:00:00,2024-06-18 15:00:00,2024-06-21 20:00:00,long,3m,104.86,104.902,104.5178712537588,106.05438623872361,106.05438623872361,2.9999999999999827,2.9674588269628064,77,TP,104.901,0.19206437312060243,0.2134700951240541,1.4994972535544304,0.2915689104133512,0.1944444444444376,0.3263888888888721,0.6736111111111279,0.3263888888888721,1.0495762290603257,2.3585842217366983,2.025362609835673,0.6666666666666666,2.3585842217366983,1.431811613637015,0.6666666666666666,4.3162611916550295,3.5196532757041994,0.6666666666666666,4.342294130084771,4.342294130084771,0.625,False,True,0.1666108059504758,0.4737994794217604,False,True,0.1666108059504758,0.5987575838846357,False,True,0.1666108059504758,0.5987575838846357,False,True,0.1666108059504758,0.9788384849591657,False
AUDJPY,early_back_inside_1,通常通り入る。エントリー後1本以内に終値がブレイク水準内へ戻れば次足始値で撤退,1,2024-09-01 22:00:00,2024-09-01 23:00:00,2024-09-02 02:00:00,long,3m,99.033,99.14,98.76784835370779,100.25645493887663,98.76784835370779,-0.9999999999999943,-1.0335884581581873,3,SL,99.143,0.18607582314610588,0.5911568635847331,1.832586277112726,1.768096437448934,0.9648093841642224,0.9648093841642224,0.035190615835777615,0.9648093841642224,0.9595061894837513,1.5746269184574824,1.1608171139481767,0.6666666666666666,1.7734705907541992,1.7465998242276448,0.6666666666666666,2.2410219283166137,1.9508176498296268,0.5,3.85326791991141,3.466328881928659,0.5,False,False,0.49979625739438677,0.6771433164698143,False,False,0.639524243332577,0.6771433164698143,True,False,1.0802048143685132,0.6771433164698143,True,False,3.2083695232734915,0.6771433164698143,True
AUDJPY,early_back_inside_1,通常通り入る。エントリー後1本以内に終値がブレイク水準内へ戻れば次足始値で撤退,1,2024-10-23 02:00:00,2024-10-23 03:00:00,2024-10-23 04:00:00,long,3m,101.417,101.433,101.10580859950086,102.41457420149746,101.371,-0.1894915328013736,-0.22769547086612463,1,early_back_inside,101.433,0.1635957002495744,0.09780208144588426,1.3264407296093546,1.0635976357236765,0.8018433179723853,0.8248847926267423,0.1751152073732577,0.8248847926267423,0.9790947993911133,2.365587844971538,2.683444609670597,1.0,2.9890761141888658,3.129666606267254,0.8333333333333334,3.092990825725058,3.3497212895204282,0.8333333333333334,5.562493382232788,5.189622946720523,0.7083333333333334,True,False,0.40954621605454805,0.9291197737355096,True,True,0.5379114479522331,0.9291197737355096,True,True,0.5379114479522331,1.3570038800611555,True,True,0.5379114479522331,1.5648333031335402,True
AUDJPY,early_back_inside_1,通常通り入る。エントリー後1本以内に終値がブレイク水準内へ戻れば次足始値で撤退,1,2024-11-06 18:00:00,2024-11-06 19:00:00,2024-11-06 20:00:00,long,3m,101.69,101.759,101.20142562981313,103.4317231105606,101.665,-0.16858737600957377,-0.19100591005338108,1,early_back_inside,101.76,0.2787871850934319,0.2510875812908968,0.8931543963060787,0.5775014369690067,0.646586345381544,0.8273092369478193,0.17269076305218065,0.8273092369478193,1.3431416100811062,1.9943527885389034,1.040219979633628,1.0,2.148592302760461,1.3128293536065494,0.6666666666666666,3.9994664734188445,3.7770746157041333,0.6666666666666666,5.025338591264406,4.358163018120119,0.6666666666666666,True,False,0.5918492987570739,0.04663055081112941,True,False,0.6958712967204215,0.04663055081112941,True,False,1.0689157032097116,0.04663055081112941,True,False,1.6822867946488609,0.04663055081112941,True
AUDJPY,early_back_inside_1,通常通り入る。エントリー後1本以内に終値がブレイク水準内へ戻れば次足始値で撤退,1,2024-11-15 18:00:00,2024-11-15 19:00:00,2024-11-15 20:00:00,short,3m,99.533,99.484,99.95396304328703,98.07411087013888,99.559,-0.15958701662035815,-0.18618485272372595,1,early_back_inside,99.485,0.23498152164351968,0.20427138127405842,1.2979744018454988,0.9617777534986514,0.740983606557392,0.7704918032787054,0.22950819672129466,0.7704918032787054,1.3572473669735283,2.830009761400937,2.5874374961379925,1.0,4.523759964464924,4.808888767493257,1.0,6.498383316780742,6.119630130668445,0.8333333333333334,6.660098160289351,5.72810998322652,0.5833333333333334,True,False,0.7319724495653357,0.029789576435820343,True,False,0.7319724495653357,0.029789576435820343,True,False,1.3149970169516907,0.029789576435820343,True,False,2.255496501567648,0.029789576435820343,True
AUDJPY,early_back_inside_1,通常通り入る。エントリー後1本以内に終値がブレイク水準内へ戻れば次足始値で撤退,1,2024-11-26 00:00:00,2024-11-26 01:00:00,2024-11-26 01:00:00,short,3m,99.415,99.21,99.70325655486813,97.73023033539558,99.70325655486813,-0.9999999999999956,-1.0253417818306094,0,SL,99.212,0.24662827743407087,0.8231010738590967,2.522014127784978,2.2990064476753465,0.9115755627009536,0.9614147909967831,0.0385852090032169,0.9614147909967831,1.1420457765233232,2.846388935217123,4.253364662454057,0.6666666666666666,2.846388935217123,4.026302297251561,0.5,3.6857087494477896,4.666942541930066,0.5,5.57924668783297,6.921347453583509,0.5,True,False,2.0435612868225173,0.6082027639353074,True,False,2.3841548346262895,0.6082027639353074,True,False,2.7166390122442765,0.6082027639353074,True,False,3.268076184878917,0.6082027639353074,True
SILVER,early_back_inside_1,通常通り入る。エントリー後1本以内に終値がブレイク水準内へ戻れば次足始値で撤退,1,2015-03-20 15:00:00,2015-03-20 16:00:00,2015-03-31 02:00:00,long,3m,16.78,16.8,16.58441166554648,17.446765003360564,16.58441166554648,-0.9999999999999987,-1.1623464464750317,149,SL,16.799,0.10779416722676075,0.17626185617287699,1.7626185617289345,1.2431099330088222,0.7052631578947339,0.7157894736842016,0.28421052631579835,0.7157894736842016,1.4127876790170715,5.1023168892153095,5.82591819350402,1.0,5.399178962769654,6.196995785446942,0.6666666666666666,5.714594915921135,6.11350332725978,0.5833333333333334,7.486490417448622,7.263843862282887,0.5833333333333334,False,True,0.07421551838857804,0.7607090634830156,False,True,0.07421551838857804,0.9184170400587564,True,False,0.2133696153671825,0.9184170400587564,True,False,0.8070937624758727,0.9184170400587564,True
SILVER,early_back_inside_1,通常通り入る。エントリー後1本以内に終値がブレイク水準内へ戻れば次足始値で撤退,1,2015-06-03 16:00:00,2015-06-03 17:00:00,2015-06-03 18:00:00,short,3m,16.484,16.475,16.64392793008535,15.968216209743959,16.498,-0.13615273678177076,-0.34334168405838206,1,early_back_inside,16.476,0.08446396504267374,0.09471494732648213,2.4981067357351145,1.5391178940548509,0.6161137440758458,0.6350710900473995,0.3649289099526006,0.6350710900473995,1.2280779994646984,1.1484187363332279,1.3023305257386877,0.3333333333333333,2.6638578935564374,1.3260092625703293,0.5,3.516292419494482,3.4570955774154624,0.6666666666666666,3.9661884192951247,3.6820435773157625,0.5416666666666666,True,False,0.43805663138486417,0.18942989465288015,True,False,0.8997919996012859,0.18942989465288015,True,False,0.9945069469277259,0.18942989465288015,True,False,0.9945069469277259,0.18942989465288015,True
SILVER,early_back_inside_1,通常通り入る。エントリー後1本以内に終値がブレイク水準内へ戻れば次足始値で撤退,1,2015-07-20 01:00:00,2015-07-20 02:00:00,2015-07-20 06:00:00,short,3m,14.668,14.641,14.779036084505767,14.226891746482698,14.779036084505767,-0.9999999999999998,-1.253556887862447,4,SL,14.642,0.06901804225288367,0.3767130905384886,5.5058067078702715,3.3904178148464235,0.6157894736842092,0.6263157894736864,0.3736842105263136,0.6263157894736864,1.1824919942194856,0.6664923909527067,3.1151274794529087,0.3333333333333333,0.7968930761391125,3.4483736749292877,0.5,2.3472123333552024,3.897531590571318,0.5833333333333334,2.9412598992043675,5.129093617331783,0.5833333333333334,False,True,0.738937216056274,0.9852496214083568,False,False,0.738937216056274,0.9852496214083568,False,True,0.738937216056274,1.1011613415740338,True,False,3.37592884982572,1.5213413271746576,False
SILVER,early_back_inside_1,通常通り入る。エントリー後1本以内に終値がブレイク水準内へ戻れば次足始値で撤退,1,2015-08-10 14:00:00,2015-08-10 15:00:00,2015-08-12 13:00:00,long,3m,15.018,15.09,14.952920053492322,15.501239839523034,15.501239839523034,2.999999999999996,2.744674542909599,44,TP,15.081,0.06853997325383915,0.9191716455254088,2.6845648059790106,1.8529333171702866,0.6902173913043446,0.7173913043478272,0.28260869565217284,0.7173913043478272,1.2857734899847368,1.4298225597062029,2.772104962695721,0.6666666666666666,1.4298225597062029,2.37817425747055,0.6666666666666666,2.159323865678773,3.4140661119515814,0.5833333333333334,5.529619899271999,2.9180052238902303,0.5416666666666666,False,True,0.05836010447779838,4.610448253746591,False,True,0.05836010447779838,4.610448253746591,False,True,0.05836010447779838,4.610448253746591,False,True,0.05836010447779838,4.610448253746591,False
SILVER,early_back_inside_1,通常通り入る。エントリー後1本以内に終値がブレイク水準内へ戻れば次足始値で撤退,1,2015-08-26 06:00:00,2015-08-26 07:00:00,2015-08-26 08:00:00,short,3m,14.494,14.488,14.672780605588502,13.933658183234492,14.553,-0.351768519174318,-0.5411823371912555,1,early_back_inside,14.485,0.09239030279425131,0.0974128206944283,1.2447193755398722,1.0174227939195588,0.8173913043478349,0.9652173913043517,0.03478260869564828,0.9652173913043517,0.9407310229419263,1.0823646743824917,1.5586051311107951,0.6666666666666666,2.1322584085335077,2.4786151043359257,0.6666666666666666,2.1322584085335077,1.7967253594749468,0.6666666666666666,4.199574936604082,3.2146230829160185,0.6666666666666666,True,False,0.9091863264813116,-0.021647293487657142,True,False,1.0390700874071968,-0.021647293487657142,True,False,1.0390700874071968,-0.021647293487657142,True,True,1.0390700874071968,3.9831020017275685,True
SILVER,early_back_inside_1,通常通り入る。エントリー後1本以内に終値がブレイク水準内へ戻れば次足始値で撤退,1,2015-10-05 12:00:00,2015-10-05 13:00:00,2015-10-06 14:00:00,long,3m,15.42,15.483,15.294295705554728,16.04911288333582,16.04911288333582,2.999999999999999,2.814524623814797,24,TP,15.484,0.09435214722263655,0.6783099471915935,3.3385567713336353,2.098521399123995,0.6285714285714273,0.679365079365078,0.3206349206349221,0.679365079365078,1.3865044376852644,1.399014266082657,1.9713382840255664,0.0,2.1197185849737394,3.105387726986504,0.5,2.5648594878182203,2.7768313463155887,0.5,9.84609282720297,11.033135234788258,0.5833333333333334,False,True,0.5193310533185579,2.1939087354478164,False,True,0.5193310533185579,2.1939087354478164,False,True,0.5193310533185579,2.1939087354478164,False,True,0.5193310533185579,2.4482749656446545,False
SILVER,early_back_inside_1,通常通り入る。エントリー後1本以内に終値がブレイク水準内へ戻れば次足始値で撤退,1,2015-10-28 13:00:00,2015-10-28 14:00:00,2015-10-28 18:00:00,long,3m,16.189,16.239,16.10622455486152,16.63732633541544,16.10622455486152,-1.0000000000000064,-1.2636029573351997,4,SL,16.241,0.0663877225692402,0.7832773589388508,3.9465128469611694,2.7414707562859775,0.6946564885496118,0.8282442748091541,0.1717557251908459,0.8282442748091541,1.14538271282529,1.762374057612441,3.961575873094601,1.0,2.5607144426847226,4.503844813898418,1.0,3.5850002197586064,5.528130590972302,0.75,4.443592709364667,6.492164263512434,0.625,False,True,0.6025210453375692,1.0845378816076354,False,True,0.6025210453375692,1.4309874826767404,False,True,0.6025210453375692,1.6719959008118002,True,False,7.9834038507229526,1.6719959008118002,False
SILVER,early_back_inside_1,通常通り入る。エントリー後1本以内に終値がブレイク水準内へ戻れば次足始値で撤退,1,2016-01-26 07:00:00,2016-01-26 08:00:00,2016-01-26 08:00:00,long,3m,14.376,14.386,14.265574656632491,14.74727603010252,14.265574656632491,-1.000000000000003,-1.290636497445471,0,SL,14.388,0.060212671683753695,0.1992935982483275,2.9229727743086955,1.6109565858405785,0.5511363636363605,0.602272727272726,0.397727272727274,0.602272727272726,1.0406887690802988,0.8968211921174443,1.8932891833590524,0.3333333333333333,1.7106033849647422,2.6738557764982858,0.6666666666666666,1.9098969832130404,2.740286975914385,0.4166666666666667,4.43428256102511,4.600360559565373,0.5416666666666666,True,False,2.142406181169432,0.06643119941609933,True,False,2.142406181169432,0.06643119941609933,True,False,2.142406181169432,0.1660779985402631,True,False,2.142406181169432,0.614488594599,True
SILVER,early_back_inside_1,通常通り入る。エントリー後1本以内に終値がブレイク水準内へ戻れば次足始値で撤退,1,2016-04-12 08:00:00,2016-04-12 09:00:00,2016-04-12 10:00:00,long,3m,15.998,16.005,15.86651242446945,16.420462726591644,15.976,-0.20940506676428197,-0.462135319755674,1,early_back_inside,16.005,0.06924378776527446,0.1010921011965517,1.5308232466907095,0.924270639511348,0.6037735849056449,0.6037735849056449,0.39622641509435513,0.6037735849056449,1.105422545662201,2.7150450035646667,2.5273025299138947,1.0,2.7150450035646667,2.8016953760188357,0.8333333333333334,2.7150450035646667,1.6030318904025211,0.4166666666666667,7.466373759802801,7.7407666059077425,0.5833333333333334,True,False,0.47657704849804405,0.49101877724045256,True,False,0.8087368095724392,0.49101877724045256,True,True,0.8087368095724392,2.4117686999750116,True,True,0.8087368095724392,2.4117686999750116,True
SILVER,early_back_inside_1,通常通り入る。エントリー後1本以内に終値がブレイク水準内へ戻れば次足始値で撤退,1,2016-04-19 06:00:00,2016-04-19 07:00:00,2016-04-19 07:00:00,long,long,16.452,16.681,16.507733465359358,17.200799603921926,16.507733465359358,-1.0000000000000067,-1.2020009234477507,0,SL,16.672,0.08663326732032083,2.5394401804859013,5.771454955649806,5.021165811415357,0.8700000000000045,0.8759999999999977,0.12400000000000233,0.8759999999999977,1.1557845392413366,1.338977549710751,5.367453108754318,0.6666666666666666,1.4544066488237652,5.7137404060933195,0.6666666666666666,1.4659495587350788,5.298195649286518,0.5,2.4124681714616147,5.8753411448515065,0.4583333333333333,False,False,2.043095054300027,0.3578302072502742,False,False,2.043095054300027,0.3578302072502742,False,True,2.043095054300027,1.1658339010412502,False,True,2.043095054300027,2.839555838179689,False
SILVER,early_back_inside_1,通常通り入る。エントリー後1本以内に終値がブレイク水準内へ戻れば次足始値で撤退,1,2016-10-04 12:00:00,2016-10-04 13:00:00,2016-10-04 16:00:00,short,3m,18.648,18.513,18.716376376824893,17.902870869525326,17.902870869525326,2.999999999999995,2.8279052830696445,3,TP,18.511,0.10168818841244603,1.3472557839690305,2.301152214954412,1.6422752987067846,0.7136752136752151,0.7735042735042716,0.2264957264957283,0.7735042735042716,1.0767548065692323,1.79961903990023,2.212646360533086,0.6666666666666666,2.0651366031642087,2.6650096164642854,0.5,2.301152214954377,2.9108592120790573,0.5,5.605370780017118,6.441259405107398,0.625,False,True,0.5998730133000767,2.596171729692131,False,True,0.5998730133000767,3.0682029532725026,False,True,0.5998730133000767,5.054667685839989,False,True,0.5998730133000767,7.93602494644527,False
SILVER,early_back_inside_1,通常通り入る。エントリー後1本以内に終値がブレイク水準内へ戻れば次足始値で撤退,1,2016-11-11 18:00:00,2016-11-11 19:00:00,2016-12-20 06:00:00,short,3m,17.383,17.283,17.75697074160633,15.861087775181016,15.861087775181016,3.0000000000000013,2.926155779402371,599,TP,17.277,0.23698537080316415,0.447284993334208,1.7216252573618935,1.1857271993105112,0.6887254901960734,0.7622549019607818,0.23774509803921817,0.7622549019607818,1.7150536371199339,2.966427833150506,2.2406446364195114,1.0,5.650137793155799,5.569964067935522,1.0,6.000370382275995,6.228232548691533,0.75,6.000370382275995,6.143839153722815,0.625,False,False,0.6709274900013196,0.38820961685612176,False,False,0.6709274900013196,0.38820961685612176,False,False,0.6709274900013196,0.38820961685612176,True,True,0.9283273446559154,0.9874027211340316,False
SILVER,early_back_inside_1,通常通り入る。エントリー後1本以内に終値がブレイク水準内へ戻れば次足始値で撤退,1,2017-01-31 12:00:00,2017-01-31 13:00:00,2017-02-08 14:00:00,long,3m,17.323,17.364,17.199525148366547,17.857424554900366,17.857424554900366,3.000000000000001,2.787201510429082,139,TP,17.356,0.08223742581672745,0.40127715176231726,2.237424118917091,0.5107163749702219,0.22826086956522473,0.2500000000000145,0.7499999999999856,0.2500000000000145,1.0530822936702888,2.237424118917091,1.98206593143198,0.6666666666666666,2.3590232558147775,2.4806223927124202,0.5,2.5779017022305437,2.8818995444747375,0.5833333333333334,3.2345370414779717,3.538534883722123,0.5416666666666666,False,True,0.42559697914183725,1.6659081754980043,False,True,0.42559697914183725,1.8847866219138136,False,True,0.42559697914183725,3.039978422441682,False,True,0.42559697914183725,3.039978422441682,False
SILVER,early_back_inside_1,通常通り入る。エントリー後1本以内に終値がブレイク水準内へ戻れば次足始値で撤退,1,2017-04-23 22:00:00,2017-04-23 23:00:00,2017-04-24 00:00:00,short,3m,17.735,17.732,17.900600064858985,17.226199805423043,17.859,-0.7532618691826902,-0.9608537228944521,1,early_back_inside,17.733,0.0843000324294929,0.023724783281330968,1.73190917953813,0.11862391640669699,0.0684931506849175,0.17808219178081958,0.8219178082191804,0.17808219178081958,1.2738302934474088,1.0201656810977795,1.8623954875855135,0.6666666666666666,1.5421109132873558,1.660734829694095,0.5,2.5266894194631178,2.455515069619125,0.6666666666666666,2.89442356032398,3.345194442669521,0.5416666666666666,True,False,1.5183861300060248,0.08303674148472161,True,False,2.265716803368351,0.08303674148472161,True,False,2.265716803368351,0.08303674148472161,True,False,2.265716803368351,0.08303674148472161,True
SILVER,early_back_inside_1,通常通り入る。エントリー後1本以内に終値がブレイク水準内へ戻れば次足始値で撤退,1,2017-11-17 18:00:00,2017-11-17 19:00:00,2017-11-20 02:00:00,long,3m,17.248,17.307,17.192794773950396,17.649615678148805,17.192794773950396,-1.0000000000000018,-1.3064658353270016,6,SL,17.306,0.05710261302480103,1.0157153399409067,3.0646583532699987,1.8913320123037725,0.6171428571428578,0.6342857142857155,0.36571428571428455,0.6342857142857155,1.2784691656062062,2.7494363512193596,3.7476393577130502,1.0,3.1872446874008236,4.062861359763627,0.6666666666666666,3.1872446874008236,4.0278366928691325,0.5833333333333334,3.1872446874008236,3.800176358054823,0.5416666666666666,False,False,0.9982030064936905,0.1751233344725358,False,False,0.9982030064936905,0.1751233344725358,False,False,0.9982030064936905,0.1751233344725358,True,False,1.9788936795400403,0.1751233344725358,False
SILVER,early_back_inside_1,通常通り入る。エントリー後1本以内に終値がブレイク水準内へ戻れば次足始値で撤退,1,2018-03-20 14:00:00,2018-03-20 15:00:00,2018-03-20 16:00:00,short,3m,16.147,16.142,16.242287681183285,15.841136956450145,16.161,-0.1894549736899155,-0.5384509778555159,1,early_back_inside,16.141,0.05014384059164252,0.11965577285678129,1.6153529335664767,0.9771888116637375,0.6049382716049794,0.6666666666666959,0.3333333333333041,0.6666666666666959,1.1784517323621841,2.5526564876112396,2.2734596842787735,0.6666666666666666,3.5099026704654195,3.529845299274977,0.5,3.589673185703297,3.609615814512784,0.5,3.789099473797956,2.8916811773721673,0.4166666666666667,True,False,1.017074069282641,0.0598278864283198,True,False,1.017074069282641,0.0598278864283198,True,False,1.1766150997583258,0.0598278864283198,True,False,1.2563856149962036,0.0598278864283198,True
SILVER,early_back_inside_1,通常通り入る。エントリー後1本以内に終値がブレイク水準内へ戻れば次足始値で撤退,1,2018-04-11 14:00:00,2018-04-11 15:00:00,2018-04-11 16:00:00,long,3m,16.797,16.834,16.70126898895061,17.232193033148175,16.784,-0.3767017187972342,-0.6403929219552954,1,early_back_inside,16.831,0.06636550552469608,0.512314337564215,2.4862313440617507,2.154733831520159,0.8666666666666566,0.9575757575757495,0.04242424242425052,0.9575757575757495,1.2874083598145296,2.546503619069274,3.8574256004836265,0.6666666666666666,3.119090231641066,4.309467663040265,0.6666666666666666,3.119090231641066,4.279331525536503,0.6666666666666666,3.525928087942035,4.4450802818072725,0.5833333333333334,True,False,0.7684715063463224,0.512314337564215,True,False,1.5520110814445522,0.512314337564215,True,False,1.8232363189785674,0.512314337564215,True,False,3.450587744182604,0.512314337564215,True
SILVER,early_back_inside_1,通常通り入る。エントリー後1本以内に終値がブレイク水準内へ戻れば次足始値で撤退,1,2018-06-19 11:00:00,2018-06-19 12:00:00,2018-06-22 06:00:00,short,3m,16.303,16.272,16.394853270073106,15.903440189780676,16.394853270073106,-1.0000000000000042,-1.2848927015062186,63,SL,16.272,0.061426635036553726,0.5046670712396161,1.7093562090372862,1.3837645501730496,0.8095238095238143,0.8095238095238143,0.19047619047618564,0.8095238095238143,0.9699104889301998,1.7093562090372862,2.0837866167311616,1.0,2.5558945220843134,3.109400342153568,0.8333333333333334,3.33731450335847,4.03733656991664,0.6666666666666666,4.248971148178367,4.802476968247622,0.6666666666666666,False,False,0.8628178959902592,0.6837424836148799,True,False,1.3837645501730496,0.6837424836148799,True,False,1.3837645501730496,0.6837424836148799,True,False,1.562839962548371,0.6837424836148799,True
SILVER,early_back_inside_1,通常通り入る。エントリー後1本以内に終値がブレイク水準内へ戻れば次足始値で撤退,1,2018-07-17 13:00:00,2018-07-17 14:00:00,2018-07-19 08:00:00,short,long,15.606,15.578,15.673179643502833,15.292461069491502,15.292461069491502,3.000000000000002,2.6322743108513706,40,TP,15.578,0.04758982175141624,0.5883611026378179,3.4461150297357266,2.6266120653473575,0.7621951219512209,0.8292682926829344,0.17073170731706552,0.8292682926829344,1.114225716675406,2.941805513189052,3.7613084775774213,1.0,3.6352310984407437,5.463353095922499,0.6666666666666666,3.6352310984407437,4.2866308906469,0.5,3.6352310984407437,4.2866308906469,0.5416666666666666,False,True,1.84913489400456,0.5883611026377806,False,False,1.84913489400456,0.5883611026377806,False,False,1.84913489400456,0.5883611026377806,True,True,1.84913489400456,0.5883611026377806,False
SILVER,early_back_inside_1,通常通り入る。エントリー後1本以内に終値がブレイク水準内へ戻れば次足始値で撤退,1,2019-03-01 13:00:00,2019-03-01 14:00:00,2019-03-01 17:00:00,short,3m,15.47,15.458,15.539827718021632,15.212516845935106,15.212516845935106,2.9999999999999942,2.572272075450666,3,TP,15.458,0.040913859010815797,0.2932991482624064,1.9064444637055549,0.8554558490986565,0.44871794871795395,0.8205128205128275,0.1794871794871725,0.8205128205128275,1.0067047158901192,1.8086780809514338,2.2975099947220823,0.6666666666666666,2.0042108464596757,2.370834781787684,0.5,3.495148183460184,3.861772118788192,0.6666666666666666,8.065726577215873,8.01684338583879,0.7083333333333334,False,True,0.1466495741312032,1.295404571492266,False,True,1.0754302102954612,2.3952763774762467,False,True,1.0754302102954612,4.008421692919395,False,True,1.0754302102954612,6.89252998416629,False
SILVER,early_back_inside_1,通常通り入る。エントリー後1本以内に終値がブレイク水準内へ戻れば次足始値で撤退,1,2019-05-16 15:00:00,2019-05-16 16:00:00,2019-05-23 15:00:00,short,3m,14.558,14.536,14.626078318277985,14.265765045166045,14.626078318277985,-1.0000000000000069,-1.3885507708080156,114,SL,14.536,0.045039159138992396,0.48846382615864303,2.420116229604159,1.9538553046345721,0.8073394495412933,0.9541284403669816,0.0458715596330184,0.9541284403669816,1.2564216609266448,4.5071889413728705,4.107536719970374,1.0,4.5071889413728705,5.439710791312124,0.8333333333333334,4.529391842561927,5.350899186555978,0.5833333333333334,4.529391842561927,5.262087581799872,0.6666666666666666,False,False,0.44405802378057024,0.08881160475610617,False,True,0.44405802378057024,0.333043517835408,False,True,0.44405802378057024,0.42185512259155356,False,False,0.6660870356708948,0.42185512259155356,False
SILVER,early_back_inside_1,通常通り入る。エントリー後1本以内に終値がブレイク水準内へ戻れば次足始値で撤退,1,2019-07-16 13:00:00,2019-07-16 14:00:00,2019-07-17 18:00:00,long,3m,15.506,15.576,15.445969675849296,15.966090972452115,15.966090972452115,3.0000000000000013,2.7308320176189436,27,TP,15.575,0.06501516207535234,1.0612909019595815,4.5527841591310105,2.7685849616337244,0.6081081081081084,0.743243243243241,0.256756756756759,0.743243243243241,1.4313177953683998,1.6150078942863482,2.876252154586142,0.3333333333333333,1.6611509769802455,2.1379628314838137,0.3333333333333333,2.261011052000882,3.6299225052530937,0.4166666666666667,3.337682981525114,4.260544635403004,0.5,False,True,0.2307154134694588,1.722675087238766,False,False,0.2307154134694588,1.722675087238766,False,True,0.7690513782315749,1.722675087238766,False,False,0.9074806263132665,1.722675087238766,False
SILVER,early_back_inside_1,通常通り入る。エントリー後1本以内に終値がブレイク水準内へ戻れば次足始値で撤退,1,2019-08-07 01:00:00,2019-08-07 02:00:00,2019-08-07 18:00:00,long,3m,16.64,16.745,16.592122203859848,17.203633388420464,17.203633388420464,3.000000000000001,2.7710589707356,16,TP,16.746,0.0764388980700771,1.3867285201157686,4.186350249406173,3.087433308937012,0.7374999999999903,0.8437499999999979,0.15625000000000208,0.8437499999999979,0.9996014431641015,1.4783049318215475,4.081691493170983,1.0,1.9231046458209853,4.31717369470009,0.6666666666666666,2.2239985699970495,4.735808719640707,0.5833333333333334,2.4333160824673348,4.042444459582799,0.5,False,False,0.7980230162930502,0.5363761257051702,False,False,0.7980230162930502,0.5363761257051702,False,False,0.7980230162930502,0.5363761257051702,False,False,1.4783049318215475,0.5363761257051702,False
SILVER,early_back_inside_1,通常通り入る。エントリー後1本以内に終値がブレイク水準内へ戻れば次足始値で撤退,1,2019-08-25 22:00:00,2019-08-25 23:00:00,2019-08-27 16:00:00,long,3m,17.5,17.629,17.44666279456505,18.17601161630485,18.17601161630485,2.999999999999994,2.808047952053934,40,TP,17.627,0.09116860271747522,1.3930234336656726,2.2814871984446072,1.0968688454060276,0.48076923076921596,0.49038461538461225,0.5096153846153877,0.49038461538461225,1.5960322770252817,1.0749314684979188,2.0621134293633627,0.6666666666666666,1.4039921221197464,2.3582680176230078,0.6666666666666666,4.892035050510964,6.252152418814493,0.75,5.4953129154842895,6.581213072436282,0.5833333333333334,False,True,0.7129647495139082,0.5923091765192899,False,True,0.7129647495139082,0.877495076324861,False,True,0.7129647495139082,1.5575537604765863,False,True,0.7129647495139082,1.5575537604765863,False
SILVER,early_back_inside_1,通常通り入る。エントリー後1本以内に終値がブレイク水準内へ戻れば次足始値で撤退,1,2019-10-25 06:00:00,2019-10-25 07:00:00,2019-10-25 17:00:00,long,3m,17.946,18.015,17.88832039860692,18.395038804179247,17.88832039860692,-1.000000000000004,-1.2762875760194181,10,SL,18.012,0.06333980069654085,1.041998858130341,2.320815638563045,1.4682711182745944,0.6326530612244962,0.6870748299319738,0.3129251700680262,0.6870748299319738,1.0538440899078818,2.210300608155313,2.6997243142468257,0.6666666666666666,2.6207850068127234,3.599632418995805,0.6666666666666666,2.904966513575559,3.599632418995805,0.5833333333333334,7.467658483267603,7.151901253531081,0.5833333333333334,False,True,0.28418150676283555,0.6473023209597735,False,True,0.28418150676283555,0.8683323817752935,False,True,0.28418150676283555,1.1840896115117587,False,True,0.28418150676283555,4.910024922402139,False
SILVER,early_back_inside_1,通常通り入る。エントリー後1本以内に終値がブレイク水準内へ戻れば次足始値で撤退,1,2019-11-07 15:00:00,2019-11-07 16:00:00,2019-11-12 15:00:00,short,3m,17.304,17.207,17.397872454133374,16.63438263759988,16.63438263759988,3.0000000000000084,2.8166314769781176,68,TP,17.213,0.09543622706668638,0.9535163197138019,4.4427573577875,3.688326863068876,0.8301886792452847,0.8490566037735846,0.15094339622641542,0.8490566037735846,1.376928963471877,1.5193391907527982,3.656892259122265,0.3333333333333333,1.7079468144324637,3.939803694641726,0.5,2.0327710552140847,4.327497143316606,0.5,2.1899440749471393,3.5311538433358214,0.4166666666666667,False,True,0.31434603946607176,2.808157952563808,False,True,0.31434603946607176,2.808157952563808,False,True,0.31434603946607176,2.808157952563808,False,True,0.31434603946607176,2.808157952563808,False
SILVER,early_back_inside_1,通常通り入る。エントリー後1本以内に終値がブレイク水準内へ戻れば次足始値で撤退,1,2019-12-06 14:00:00,2019-12-06 15:00:00,2019-12-11 15:00:00,short,3m,16.723,16.59,16.737165085875404,16.148504742373788,16.737165085875404,-0.9999999999999984,-1.2378281491958787,69,SL,16.593,0.07358254293770206,1.7667233940265186,4.756562983917557,4.009103086444846,0.8428571428571529,0.8857142857142875,0.11428571428571255,0.8857142857142875,1.4274724838439603,2.826757430442478,4.688612084147319,0.6666666666666666,2.826757430442478,4.294496865479863,0.3333333333333333,2.826757430442478,4.9468255032743,0.4166666666666667,2.921888690120801,3.5742173279152376,0.4583333333333333,False,False,0.6115580979322842,0.9241322368754357,False,True,0.6115580979322842,0.9241322368754357,False,True,0.6115580979322842,0.9241322368754357,False,True,0.6115580979322842,1.060034036415911,False
SILVER,early_back_inside_1,通常通り入る。エントリー後1本以内に終値がブレイク水準内へ戻れば次足始値で撤退,1,2019-12-23 06:00:00,2019-12-23 07:00:00,2019-12-24 05:00:00,long,3m,17.29,17.314,17.222284638880225,17.589146083359328,17.589146083359328,3.000000000000018,2.6183845369775045,21,TP,17.314,0.04585768055988768,0.5233583492880367,1.504655254203028,1.2865892753330646,0.8550724637681428,0.9130434782608651,0.08695652173913491,0.9130434782608651,1.1018211548801078,1.046716698575996,1.8971740161690556,0.6666666666666666,2.289692778135083,2.638598344327056,0.8333333333333334,3.0311171062930837,3.5108622598071433,0.8333333333333334,5.51706926541118,5.320809884428167,0.7083333333333334,False,True,0.15264618520903653,1.8099476246210238,False,True,0.15264618520903653,1.8099476246210238,False,True,0.15264618520903653,1.8099476246210238,False,False,0.5451649471749866,1.8099476246210238,False
SILVER,early_back_inside_1,通常通り入る。エントリー後1本以内に終値がブレイク水準内へ戻れば次足始値で撤退,1,2020-02-18 15:00:00,2020-02-18 16:00:00,2020-02-21 05:00:00,long,3m,18.113,18.114,17.989984489299076,18.486046532102776,18.486046532102776,3.000000000000003,2.7177772376843605,58,TP,18.114,0.06200775535046248,0.01612701498948492,3.096386877977323,2.9834977730511003,0.9635416666666776,0.9739583333333386,0.026041666666661464,0.9739583333333386,1.31360503417114,2.4029252334302735,4.112388822313612,0.3333333333333333,2.4029252334302735,3.8704835974716825,0.3333333333333333,2.886735683114248,3.7575944925454023,0.25,4.16076986728201,5.821852411196951,0.4583333333333333,False,True,0.06450805995788238,1.6127014989464865,False,True,0.06450805995788238,1.6127014989464865,False,True,0.06450805995788238,1.6127014989464865,False,True,0.06450805995788238,1.8223526938095613,False
SILVER,early_back_inside_1,通常通り入る。エントリー後1本以内に終値がブレイク水準内へ戻れば次足始値で撤退,1,2020-03-12 12:00:00,2020-03-12 13:00:00,2020-03-13 14:00:00,short,3m,16.383,16.062,16.345384722740423,15.211845831778732,15.211845831778732,3.0000000000000027,2.8764929892425464,24,TP,16.062,0.1416923613702115,2.2654714544653145,3.796958387857793,3.126491758031576,0.8234200743494352,0.8382899628252766,0.1617100371747234,0.8382899628252766,1.0709703793750207,1.5879472811672966,4.199238365753483,1.0,1.7149830636606844,3.7757857574422156,0.6666666666666666,3.3311605187153837,5.829530907751909,0.5833333333333334,4.594460800177348,6.669378580902606,0.625,False,True,0.479912956086098,1.1786097597997307,False,True,0.479912956086098,1.757328324491801,False,True,0.479912956086098,3.8110734748014945,False,True,0.9174806513410919,3.9028215399356037,False
SILVER,early_back_inside_1,通常通り入る。エントリー後1本以内に終値がブレイク水準内へ戻れば次足始値で撤退,1,2020-03-16 07:00:00,2020-03-16 08:00:00,2020-03-16 10:00:00,short,long,14.285,14.052,14.504293178462426,12.69512046461272,12.69512046461272,2.9999999999999982,2.922616564505829,2,TP,14.053,0.22614658923121353,1.0258832591226978,2.6487244492004223,2.352456439022745,0.8881469115191984,0.9398998330550896,0.06010016694491044,0.9398998330550896,1.4662785946875128,0.7826781761410243,2.8344446943864274,1.0,1.1806501301110368,2.4895356676124107,0.6666666666666666,3.192619452959437,1.724545133870052,0.5833333333333334,6.28353496212654,7.026415942870561,0.625,False,True,0.19014215578566973,1.1275872029150409,False,True,0.19014215578566973,5.938625935352531,False,True,0.19014215578566973,6.199518660732878,False,True,0.19014215578566973,10.241144948828344,False
SILVER,early_back_inside_1,通常通り入る。エントリー後1本以内に終値がブレイク水準内へ戻れば次足始値で撤退,1,2020-09-21 13:00:00,2020-09-21 14:00:00,2020-09-21 14:00:00,short,3m,25.832,25.581,26.032954665098192,24.225136004705426,24.225136004705426,2.9999999999999982,2.9225586044290597,0,TP,25.576,0.22597733254909566,1.1328569866377278,2.6241570042037967,2.022326730052508,0.7706576728499169,0.9241146711635722,0.07588532883642783,0.9241146711635722,1.4038933644855804,1.9692240588038623,3.4826501893901947,0.6666666666666666,3.4383979633496518,4.575680172591438,0.8333333333333334,4.3367181519725495,5.544803922879186,0.8333333333333334,5.075730326849495,6.027153186721023,0.75,False,True,0.0221261130202637,8.368095944265404,False,True,0.0221261130202637,8.368095944265404,False,True,0.0221261130202637,8.368095944265404,False,True,0.0221261130202637,8.368095944265404,False
SILVER,early_back_inside_1,通常通り入る。エントリー後1本以内に終値がブレイク水準内へ戻れば次足始値で撤退,1,2020-11-05 20:00:00,2020-11-05 21:00:00,2020-11-06 01:00:00,long,3m,25.276,25.371,24.97347814270867,26.563565571873983,24.97347814270867,-0.999999999999998,-1.0880454731180964,3,SL,25.368,0.19876092864566391,0.4628676301065661,1.036420997847323,0.6993326150523181,0.6747572815533964,0.7815533980582436,0.21844660194175636,0.7815533980582436,1.0462351127282252,1.5445691569860553,1.4288522494594138,0.6666666666666666,3.0187019354776354,2.4552109075218165,0.6666666666666666,4.885265965581325,4.356993126872735,0.75,7.239853475253889,7.35557038278053,0.7083333333333334,False,False,0.26665200430051167,0.462867630106584,True,False,1.4640704387066423,0.462867630106584,True,False,1.569725006448364,0.462867630106584,True,False,2.4602420774142675,0.462867630106584,True
SILVER,early_back_inside_1,通常通り入る。エントリー後1本以内に終値がブレイク水準内へ戻れば次足始値で撤退,1,2020-11-24 10:00:00,2020-11-24 11:00:00,2020-11-25 08:00:00,short,3m,23.212,23.131,23.42954301899138,22.23537094302586,23.42954301899138,-1.0000000000000029,-1.1172360355912778,20,SL,23.132,0.14927150949569024,0.5359361627029574,2.2911270955551832,1.9494677918320278,0.8508771929824499,0.9035087719298206,0.09649122807017944,0.9035087719298206,1.0771885266018295,1.058473921338348,1.520718861669676,0.3333333333333333,1.2661491843857642,1.6881989125143444,0.3333333333333333,2.6595832074134726,3.0213401172379664,0.4166666666666667,6.0091842243070275,6.478128366672127,0.4166666666666667,False,False,0.48234254643266644,0.495740950500257,False,True,1.0517747193045766,0.495740950500257,False,False,1.0517747193045766,1.4537268413318183,True,False,1.0517747193045766,1.4537268413318183,False
SILVER,early_back_inside_1,通常通り入る。エントリー後1本以内に終値がブレイク水準内へ戻れば次足始値で撤退,1,2021-01-29 11:00:00,2021-01-29 12:00:00,2021-01-29 17:00:00,long,3m,27.282,27.461,26.840561848939327,29.322314453182017,26.840561848939327,-0.9999999999999983,-1.0564117469890668,5,SL,27.451,0.3102190755303363,0.5447762994944326,1.4860465921120345,1.2958584165488867,0.872017353579174,1.0,0.0,1.0,1.72071402117523,2.9559755422271725,2.7464461962677835,1.0,3.4620695009291,3.8650105508510277,1.0,3.607128278900995,3.1364931325921943,0.5833333333333334,6.385809759162526,7.001503683443222,0.625,False,False,0.6027998106831908,0.2353175731544005,False,False,0.7414115318563276,0.37392929432753735,False,False,1.6311053700839184,0.622140981079432,True,False,2.5594815491040146,0.622140981079432,False
SILVER,early_back_inside_1,通常通り入る。エントリー後1本以内に終値がブレイク水準内へ戻れば次足始値で撤退,1,2021-03-25 11:00:00,2021-03-25 12:00:00,2021-03-25 13:00:00,short,3m,24.814,24.673,24.909014783928193,23.96495564821542,24.909014783928193,-1.0000000000000029,-1.1482957949390553,1,SL,24.671,0.1180073919640968,1.2117884957876857,2.60153194550224,1.618542676191927,0.6221498371335427,0.915309446254073,0.0846905537459271,0.915309446254073,0.8722647305965705,1.3304251317389215,2.372732719024837,1.0,2.8303311719796125,3.287929624934418,1.0,2.8303311719796125,3.313351761209685,0.6666666666666666,4.414977666471204,4.914946346551444,0.7083333333333334,False,True,0.05084427255053395,1.728705266718094,True,False,3.457410533436188,2.3388365373244713,True,False,4.287866985094869,2.3388365373244713,True,False,4.287866985094869,2.3388365373244713,True
SILVER,early_back_inside_1,通常通り入る。エントリー後1本以内に終値がブレイク水準内へ戻れば次足始値で撤退,1,2021-06-16 20:00:00,2021-06-16 22:00:00,2021-06-16 23:00:00,short,3m,27.021,26.915,27.27959683580224,25.82120949259327,27.211,-0.8118556469331214,-0.9078520916718357,1,early_back_inside,26.95,0.18229841790112172,0.3894712900827903,4.223843568503408,1.514001071307715,0.3584415584415584,0.49610389610389827,0.5038961038961017,0.49610389610389827,1.665584197401008,2.8250382308821544,4.212872546247561,0.6666666666666666,3.307763210139673,4.35549583557365,0.6666666666666666,3.3297052546513863,4.350010324445716,0.5833333333333334,3.3297052546513863,3.8343722784206373,0.4583333333333333,True,False,1.5962837382266157,0.2194204451170556,True,False,1.5962837382266157,0.2194204451170556,True,False,1.5962837382266157,0.2194204451170556,True,False,1.5962837382266157,0.2194204451170556,True
SILVER,early_back_inside_1,通常通り入る。エントリー後1本以内に終値がブレイク水準内へ戻れば次足始値で撤退,1,2021-07-19 02:00:00,2021-07-19 03:00:00,2021-07-19 04:00:00,short,3m,25.509,25.471,25.688905816466658,24.817282550600027,25.525,-0.24781348600789266,-0.40843333805005044,1,early_back_inside,25.477,0.10895290823332883,0.293704872305659,0.9453625577338206,0.6241228536495377,0.660194174757308,0.8640776699029163,0.13592233009708368,0.8640776699029163,1.1249337038566003,1.8815468382081106,1.9641513335440803,0.3333333333333333,1.8815468382081106,1.404276420711419,0.5,5.617105682845708,5.2866877015018625,0.6666666666666666,8.21455814729889,7.700574620763978,0.625,True,False,0.4956269720157853,0.578231467351755,True,False,0.5506966355730984,0.578231467351755,True,True,0.5506966355730984,0.578231467351755,True,True,0.5506966355730984,1.652089906719328,True
SILVER,early_back_inside_1,通常通り入る。エントリー後1本以内に終値がブレイク水準内へ戻れば次足始値で撤退,1,2021-08-06 13:00:00,2021-08-06 14:00:00,2021-08-08 22:00:00,short,3m,24.481,24.252,24.51673037622226,23.45780887133322,23.45780887133322,3.000000000000002,2.8677900114846864,7,TP,24.252,0.1323651881111296,1.7300621354290044,2.810406613011274,2.6668643397660867,0.9489247311828001,0.9758064516129022,0.0241935483870977,0.9758064516129022,1.4365388953035811,3.8227573822142626,5.341283536018746,0.6666666666666666,4.502694466007312,6.701157703604844,0.8333333333333334,4.525359035467081,6.436737726574212,0.5833333333333334,6.746486842524356,8.84673694579624,0.625,False,True,0.7403759356857851,0.49862052811489566,False,False,0.7781502181187248,0.49862052811489566,False,True,0.7781502181187248,0.49862052811489566,False,False,0.9670216302834502,0.49862052811489566,False
SILVER,early_back_inside_1,通常通り入る。エントリー後1本以内に終値がブレイク水準内へ戻れば次足始値で撤退,1,2021-09-29 13:00:00,2021-09-29 14:00:00,2021-09-30 14:00:00,short,long,21.881,21.682,21.96881737489448,20.821547875316554,21.96881737489448,-1.0000000000000033,-1.1220288694604967,23,SL,21.685,0.14340868744724086,1.3667233379575323,3.9607084487748443,3.116965979933755,0.7869718309859233,0.8697183098591579,0.13028169014084218,0.8697183098591579,1.31878527652324,1.6805118594273587,4.56736625694989,0.6666666666666666,1.6805118594273587,3.946762292265106,0.6666666666666666,2.9356659453067384,5.585435682163151,0.5833333333333334,3.2006429189923575,3.786381492402746,0.5,False,True,0.08367693905862696,1.9315426766032149,False,True,0.08367693905862696,1.9315426766032149,False,True,0.08367693905862696,1.9315426766032149,False,True,0.08367693905862696,1.9315426766032149,False
SILVER,early_back_inside_1,通常通り入る。エントリー後1本以内に終値がブレイク水準内へ戻れば次足始値で撤退,1,2021-11-10 14:00:00,2021-11-10 15:00:00,2021-11-10 17:00:00,long,3m,24.817,25.072,24.77907861031266,25.950764169062015,24.77907861031266,-1.000000000000003,-1.1194859823564256,2,SL,25.066,0.14646069484366953,1.7001148346713673,3.3660908172409063,2.867663576554115,0.8519269776876255,0.8924949290060832,0.10750507099391679,0.8924949290060832,1.4989346865285298,4.547295099964405,6.445415276826413,0.6666666666666666,4.547295099964405,5.373455320828799,0.5,4.547295099964405,5.462216336293581,0.5,4.547295099964405,4.458534084499623,0.5,False,False,0.7920213687625662,0.22531642387211856,False,False,1.0514766447365127,0.2799385872350483,True,False,2.307786402084018,0.2799385872350483,True,False,3.8030681241443927,0.2799385872350483,True
SILVER,early_back_inside_1,通常通り入る。エントリー後1本以内に終値がブレイク水準内へ戻れば次足始値で撤退,1,2022-01-18 13:00:00,2022-01-18 14:00:00,2022-01-20 06:00:00,long,3m,23.425,23.466,23.21079849073224,24.23160452780328,24.23160452780328,3.0000000000000053,2.8628534756693913,38,TP,23.461,0.12760075463387976,0.2821299929086729,5.227241813058215,3.7617332387825098,0.7196401799100424,0.9610194902548728,0.038980509745127255,0.9610194902548728,1.474480332788023,1.5438780167503254,5.0705029281089455,0.6666666666666666,1.6771060689572026,3.7774071272774563,0.3333333333333333,2.398104939723873,2.9545279812937735,0.5,2.460800493703575,2.8604846503242065,0.5416666666666666,False,False,1.6692691247097293,0.49372748759022633,False,True,1.6692691247097293,0.9090855327058043,False,True,1.6692691247097293,1.316606633573909,True,True,1.6692691247097293,1.316606633573909,False
SILVER,early_back_inside_1,通常通り入る。エントリー後1本以内に終値がブレイク水準内へ戻れば次足始値で撤退,1,2022-06-30 11:00:00,2022-06-30 12:00:00,2022-06-30 12:00:00,short,long,20.441,20.424,20.62967942558757,19.806961723237283,20.62967942558757,-1.0000000000000007,-1.1701677253328304,0,SL,20.426,0.10283971279378605,0.14585805028528748,2.255937844412354,0.5639844611031232,0.2500000000000153,0.3706896551724238,0.6293103448275762,0.3706896551724238,0.9615568567090792,2.7713029554203588,2.800474565477416,1.0,3.19915323625719,2.858817785591531,0.6666666666666666,3.19915323625719,3.0241235759148455,0.5833333333333334,5.5134343007836595,4.920278229623514,0.5416666666666666,True,False,2.20731849431727,0.5153651110079697,True,False,2.8101984354964467,0.5153651110079697,True,True,2.8101984354964467,2.2170423643362662,True,True,2.8101984354964467,2.2170423643362662,True
SILVER,early_back_inside_1,通常通り入る。エントリー後1本以内に終値がブレイク水準内へ戻れば次足始値で撤退,1,2022-08-31 09:00:00,2022-08-31 10:00:00,2022-08-31 13:00:00,short,long,18.131,17.994,18.196111989589234,17.3876640312323,18.196111989589234,-1.0000000000000069,-1.1731713198763452,3,SL,18.001,0.10105599479461633,1.2864155190813544,2.1770108784453743,1.9494142866079052,0.8954545454545463,0.8954545454545463,0.10454545454545366,0.8954545454545463,1.102052507807855,3.7009184933571433,4.472767804805956,1.0,3.7009184933571433,4.86858796452329,0.6666666666666666,3.7009184933571433,4.076947645088621,0.3333333333333333,6.728942715194825,7.411732490707232,0.5,False,True,0.3463426397526764,0.7817448154417582,False,False,0.3463426397526764,0.7817448154417582,False,False,0.8905953593640199,0.7817448154417582,False,False,2.26607041438178,0.7817448154417582,False
SILVER,early_back_inside_1,通常通り入る。エントリー後1本以内に終値がブレイク水準内へ戻れば次足始値で撤退,1,2022-09-12 11:00:00,2022-09-12 12:00:00,2022-09-14 00:00:00,long,3m,19.423,19.459,19.23795845075236,20.12212464774293,19.23795845075236,-0.999999999999992,-1.158341271670994,34,SL,19.457,0.11052077462382126,0.3076344706751108,2.6420372187390093,2.3072585300631543,0.8732876712328685,0.9006849315068501,0.09931506849314985,0.9006849315068501,1.1020033851331195,1.4114993360386303,2.1624893673925403,0.3333333333333333,3.845430883438612,4.505940188123364,0.6666666666666666,4.198305717448253,4.831670804132294,0.5,6.568900756179821,6.4060354481753885,0.5416666666666666,False,True,0.4433555606787993,1.8186626060497921,False,True,0.4433555606787993,2.587748782737489,False,True,0.4433555606787993,3.3025465234237292,False,True,0.4433555606787993,4.949295748802164,False
SILVER,early_back_inside_1,通常通り入る。エントリー後1本以内に終値がブレイク水準内へ戻れば次足始値で撤退,1,2022-10-03 13:00:00,2022-10-03 14:00:00,2022-10-10 01:00:00,long,3m,20.004,20.179,19.810295415208866,21.2851137543734,19.810295415208866,-0.999999999999997,-1.0949269454292958,102,SL,20.178,0.1843522923955666,0.9438450574113063,3.0702086350275857,2.7501692190088223,0.8957597173144919,0.9204946996466462,0.07950530035335378,0.9204946996466462,1.4361083077855745,2.58743731255859,4.328668711576014,1.0,2.9454475067491006,4.692103302648185,0.8333333333333334,3.737409451473517,5.028415909311972,0.6666666666666666,4.838562018453374,6.829315674027807,0.5416666666666666,False,True,-0.005424396881661548,1.7900509709524735,False,True,-0.005424396881661548,1.8171729553608582,False,True,-0.005424396881661548,1.914812099230978,False,True,-0.005424396881661548,2.8966279348140116,False
SILVER,early_back_inside_1,通常通り入る。エントリー後1本以内に終値がブレイク水準内へ戻れば次足始値で撤退,1,2022-11-30 23:00:00,2022-12-01 00:00:00,2022-12-05 01:00:00,long,3m,22.243,22.337,22.01865353273126,23.292039401806214,23.292039401806214,3.000000000000004,2.8900568921016077,47,TP,22.339,0.15917323363436883,0.6031164776140583,1.5894632170453822,1.2187978818450693,0.7667984189723279,0.7707509881422933,0.22924901185770674,0.7707509881422933,1.31553897380856,1.8093494328421749,1.3444471480146618,0.6666666666666666,4.1338608569796955,4.353747072776466,0.6666666666666666,4.605045605115674,5.45317815176043,0.5833333333333334,6.320158088330649,6.9735342724125395,0.5833333333333334,False,False,0.6470937207734034,0.06910709639329496,True,False,0.8292851567193162,0.32668809204094545,True,False,0.8481325466447562,0.32668809204094545,True,True,0.8481325466447562,0.38323026181726555,True
SILVER,early_back_inside_1,通常通り入る。エントリー後1本以内に終値がブレイク水準内へ戻れば次足始値で撤退,1,2023-01-23 14:00:00,2023-01-23 15:00:00,2023-01-23 16:00:00,short,3m,23.105,22.901,23.234693350000725,21.899919949997823,23.234693350000725,-0.9999999999999996,-1.1048867171009666,1,SL,22.894,0.16684667500036285,1.2646341319030974,2.8349381250718593,2.0617731818704392,0.727272727272726,0.8773784355179715,0.12262156448202859,0.8773784355179715,1.2494593640378793,3.182562673177898,4.83078251333596,0.6666666666666666,3.5601548547413717,5.094497687761251,0.6666666666666666,5.544012189622511,6.946497435429756,0.8333333333333334,5.544012189622511,5.813720890739314,0.6666666666666666,False,False,0.9649577973289023,0.9050225304140548,True,False,2.2355854559234696,0.9050225304140548,True,False,2.4333718367424426,0.9050225304140548,True,False,3.5301872212839798,0.9050225304140548,True
SILVER,early_back_inside_1,通常通り入る。エントリー後1本以内に終値がブレイク水準内へ戻れば次足始値で撤退,1,2023-03-15 11:00:00,2023-03-15 12:00:00,2023-03-15 17:00:00,long,3m,21.974,22.101,21.796293937109247,23.01511818867225,21.796293937109247,-1.000000000000003,-1.1148647968076368,5,SL,22.105,0.15235303144537535,0.8598450503885705,2.4613885030207125,1.9559833970671383,0.7946666666666715,0.9759999999999991,0.02400000000000091,0.9759999999999991,1.1530062619117114,2.520461827093212,3.3737431748070525,0.6666666666666666,2.520461827093212,2.559844043141545,0.5,2.520461827093212,2.8945928795523512,0.5,3.570654255048717,2.9274113929259777,0.5416666666666666,False,True,0.26254810698887043,1.7656360195001803,False,True,0.8138991316655076,1.7656360195001803,True,False,1.9428559917176784,1.7656360195001803,True,False,2.6386084752382106,1.7656360195001803,True
SILVER,early_back_inside_1,通常通り入る。エントリー後1本以内に終値がブレイク水準内へ戻れば次足始値で撤退,1,2023-04-04 14:00:00,2023-04-04 15:00:00,2023-04-13 12:00:00,long,long,24.627,24.828,24.507239582686726,25.79028125193982,25.79028125193982,3.0000000000000027,2.890884292104483,135,TP,24.827,0.16038020865663669,1.247036661663095,5.0567336630437785,4.620270831461721,0.9136868064118413,0.9136868064118413,0.08631319358815874,0.9136868064118413,1.4195632624984507,1.6897346765534527,5.574253877633968,0.6666666666666666,1.6897346765534527,5.131555862743566,0.6666666666666666,2.1698437912937485,5.811190843349954,0.6666666666666666,2.313253007385,5.661546443950379,0.4583333333333333,False,True,0.8729256631641578,0.6297535141398484,False,True,0.8729256631641578,0.9477478628639231,False,True,0.8729256631641578,0.9789237794055159,False,True,0.8729256631641578,1.1535089120383386,False
SILVER,early_back_inside_1,通常通り入る。エントリー後1本以内に終値がブレイク水準内へ戻れば次足始値で撤退,1,2023-05-05 01:00:00,2023-05-05 02:00:00,2023-05-05 03:00:00,long,3m,26.081,26.112,25.87329162316616,26.82812513050151,25.989,-0.5152730776834732,-0.6618954981625138,1,early_back_inside,26.11,0.11935418841691857,0.242974296793837,1.0305461553669761,0.8127071306552315,0.7886178861788364,0.9756097560975603,0.02439024390243973,0.9756097560975603,0.8960323458764914,0.6200033780256684,0.5445975617792724,0.6666666666666666,1.0975735475859585,0.9132482189837199,0.6666666666666666,5.027054416424241,4.867864359904124,0.5833333333333334,5.311920833354938,3.678128148017061,0.5416666666666666,True,False,1.2735204521608132,0.10891951235587234,True,False,1.2735204521608132,0.10891951235587234,True,False,1.2735204521608132,0.10891951235587234,True,False,1.700820077556859,0.10891951235587234,True
SILVER,early_back_inside_1,通常通り入る。エントリー後1本以内に終値がブレイク水準内へ戻れば次足始値で撤退,1,2023-05-11 13:00:00,2023-05-11 14:00:00,2023-05-18 20:00:00,short,3m,24.479,24.3,24.635738881332188,23.292783356003444,23.292783356003444,2.9999999999999982,2.8957523184055316,121,TP,24.301,0.16786944066609294,1.0603478470751473,3.8958847864446238,3.34783983177658,0.8593272171253842,0.9128440366972498,0.08715596330275018,0.9128440366972498,1.514875723607582,1.5071236253371412,3.4074099355448557,0.6666666666666666,1.7930601234248098,4.271176440184717,0.6666666666666666,3.8184436515458673,6.225075843783851,0.75,6.5110123418715204,9.072526803906996,0.6666666666666666,False,False,0.8637665046398818,0.4348617575083261,False,True,0.8637665046398818,1.0424768159446456,False,True,0.8637665046398818,1.0424768159446456,False,True,0.8637665046398818,1.0424768159446456,False
SILVER,early_back_inside_1,通常通り入る。エントリー後1本以内に終値がブレイク水準内へ戻れば次足始値で撤退,1,2023-10-20 14:00:00,2023-10-20 15:00:00,2023-10-20 16:00:00,long,3m,23.549,23.654,23.34158733895591,24.591237983132263,23.34158733895591,-1.0000000000000022,-1.1120313110327549,1,SL,23.654,0.1562063305220441,0.6721878661965153,1.3379739431911513,1.0883041643181515,0.8133971291865955,0.9473684210526352,0.052631578947364845,0.9473684210526352,1.3621652636780277,3.156082076522664,3.636216266663048,0.6666666666666666,3.156082076522664,2.85519798403472,0.6666666666666666,4.090743299995915,3.585001953048059,0.6666666666666666,5.601565551637605,5.294279669947759,0.625,False,False,0.8386343854451743,0.2368662004692411,True,False,2.195813696241941,0.2368662004692411,True,False,3.021644503283379,0.2368662004692411,True,False,3.021644503283379,0.2368662004692411,True
SILVER,early_back_inside_1,通常通り入る。エントリー後1本以内に終値がブレイク水準内へ戻れば次足始値で撤退,1,2024-02-13 15:00:00,2024-02-13 16:00:00,2024-02-13 17:00:00,short,3m,22.04,22.025,22.289858974440637,21.230423076678083,22.1,-0.28316956281506744,-0.4153153587954278,1,early_back_inside,22.017,0.13242948722031944,0.17367733185989911,1.6688126235234018,0.6796069507561351,0.4072398190045241,0.877828054298638,0.12217194570136204,0.877828054298638,1.532140703406957,6.705455247460529,6.1693208751973705,1.0,6.705455247460529,6.780967130877889,0.8333333333333334,6.705455247460529,5.066847377304077,0.5,6.705455247460529,4.606224888458252,0.5,True,False,1.4724817266382972,0.1359213901512324,True,False,1.4724817266382972,0.1359213901512324,True,False,1.4724817266382972,0.1359213901512324,True,False,1.4724817266382972,0.36245704040325954,True
SILVER,early_back_inside_1,通常通り入る。エントリー後1本以内に終値がブレイク水準内へ戻れば次足始値で撤退,1,2024-03-04 14:00:00,2024-03-04 15:00:00,2024-03-05 13:00:00,long,3m,23.492,23.487,23.27912396315032,24.110628110549037,24.110628110549037,2.999999999999993,2.8316304248896618,21,TP,23.501,0.10393801842483999,0.08659006719960176,1.7702858183029124,1.5874845653259981,0.8967391304347921,0.9510869565217376,0.04891304347826245,0.9510869565217376,1.2005305417109398,2.434143000166492,3.809962956782341,0.6666666666666666,2.684292083187552,4.05049092122569,0.5,3.2134536049628735,4.175565462736204,0.5,7.51409360920959,8.120224079606803,0.5,False,True,0.6638571818636135,1.0775652807060982,False,True,0.6638571818636135,3.049894589141415,False,True,0.6638571818636135,3.107621300607816,False,True,0.6638571818636135,4.175565462736169,False
SILVER,early_back_inside_1,通常通り入る。エントリー後1本以内に終値がブレイク水準内へ戻れば次足始値で撤退,1,2024-04-02 18:00:00,2024-04-02 19:00:00,2024-04-03 17:00:00,long,long,25.912,25.95,25.606264995273474,26.981205014179576,26.981205014179576,3.0000000000000018,2.8981773764128405,21,TP,25.953,0.17186750236326265,0.23855586097563655,0.6109357415229686,0.42474580124930256,0.6952380952380962,0.8190476190476016,0.18095238095239835,0.8190476190476016,1.3193071841923973,1.4895195221893283,0.8727653450328005,0.6666666666666666,2.9033993811424907,1.7804413038669353,0.6666666666666666,3.5317904295660956,2.9615837374779996,0.6666666666666666,5.672974742713265,5.667156307079706,0.6666666666666666,False,True,0.09309497013682268,0.9134943944676733,False,True,0.09309497013682268,1.216053047412378,False,True,0.09309497013682268,1.58843292795971,False,True,0.09309497013682268,2.222642412016895,False
SILVER,early_back_inside_1,通常通り入る。エントリー後1本以内に終値がブレイク水準内へ戻れば次足始値で撤退,1,2024-07-05 13:00:00,2024-07-05 14:00:00,2024-07-08 16:00:00,long,3m,30.843,30.916,30.542420926934884,32.036737219195345,30.542420926934884,-1.0000000000000007,-1.093688331396175,25,SL,30.916,0.1867895365325579,0.39081418239547006,2.0718505285896747,0.979712265457131,0.4728682170542626,0.7958656330749341,0.20413436692506598,0.7958656330749341,1.3417008266252797,4.796842567484104,1.739926154500367,1.0,4.796842567484104,1.8148768196173026,0.5,4.796842567484104,2.3288242375620283,0.6666666666666666,4.796842567484104,2.955197653182166,0.5,False,True,0.9422369328986727,1.0546629305740665,False,True,0.9422369328986727,2.500140043543603,False,True,0.9422369328986727,2.896307844876004,False,True,0.9422369328986727,3.02479469936219,False
SILVER,early_back_inside_1,通常通り入る。エントリー後1本以内に終値がブレイク水準内へ戻れば次足始値で撤退,1,2024-08-19 14:00:00,2024-08-19 15:00:00,2024-08-22 14:00:00,long,3m,29.218,29.347,29.003159074725225,30.37852277582433,29.003159074725225,-0.9999999999999999,-1.1017912570239574,68,SL,29.35,0.17192046263738806,0.7677969101235714,1.8729591292408079,1.4890606741790324,0.7950310559006238,0.8354037267080826,0.16459627329191742,0.8354037267080826,1.083987811056061,1.7682595505875909,2.1405247191323697,0.6666666666666666,1.7682595505875909,2.442990168574983,0.5,1.9253089185674164,1.9369422050844542,0.4166666666666667,5.415294873674529,5.4560113764841205,0.5,False,False,0.32573202247666855,0.6223808286607629,False,False,0.7387136938310179,0.6223808286607629,False,False,1.00046264046404,0.6223808286607629,False,True,1.00046264046404,0.72708040731398,False
SILVER,early_back_inside_1,通常通り入る。エントリー後1本以内に終値がブレイク水準内へ戻れば次足始値で撤退,1,2024-09-13 12:00:00,2024-09-13 13:00:00,2024-09-16 05:00:00,long,3m,30.182,30.194,29.900175582690757,31.075473251927725,31.075473251927725,2.9999999999999987,2.880881240842677,15,TP,30.192,0.14691220865462112,0.06806786237562301,1.2864825988990742,1.0822790117722294,0.8412698412698353,0.9576719576719623,0.042328042328037656,0.9576719576719623,0.9540088115063802,1.5995947658269112,1.1163129429600531,0.3333333333333333,1.9943883676054617,1.1503468741478524,0.6666666666666666,2.191785168494737,1.5451404759264031,0.5833333333333334,9.958328265552097,9.549921091298408,0.7083333333333334,False,True,0.10890857980099199,4.084071742536752,False,True,0.10890857980099199,4.084071742536752,False,True,0.10890857980099199,4.737523221342632,False,True,0.10890857980099199,4.900886091044083,False
SILVER,early_back_inside_1,通常通り入る。エントリー後1本以内に終値がブレイク水準内へ戻れば次足始値で撤退,1,2024-09-26 11:00:00,2024-09-26 12:00:00,2024-09-26 12:00:00,long,long,32.504,32.604,32.24324015610054,33.68627953169838,32.24324015610054,-0.9999999999999956,-1.0970174496742386,0,SL,32.606,0.1803799219497301,0.5654731352441218,1.81284034534141,1.0810515820843112,0.596330275229349,0.6850152905198781,0.3149847094801219,0.6850152905198781,0.9762471220695621,2.4171204604551737,2.1787347269699198,1.0,3.8252594442983137,3.742101630291845,1.0,4.085820594851971,4.368557162474032,0.8333333333333334,5.139152905600773,4.351925599672734,0.7083333333333334,True,False,2.467015148859067,0.1275086481432561,True,False,4.861960192245857,0.1275086481432561,True,False,4.861960192245857,0.1275086481432561,True,False,4.861960192245857,0.1275086481432561,True
SILVER,early_back_inside_1,通常通り入る。エントリー後1本以内に終値がブレイク水準内へ戻れば次足始値で撤退,1,2024-10-18 17:00:00,2024-10-18 18:00:00,2024-10-22 10:00:00,long,3m,32.951,33.095,32.661050281754726,34.39684915473581,34.39684915473581,3.0000000000000053,2.919345494354672,38,TP,33.096,0.21697485912263503,0.6682801896326682,1.225948485808953,0.9816805544259183,0.8007518796992089,0.8609022556390774,0.13909774436092254,0.8609022556390774,1.227693499640911,2.451896971617841,2.9266063477017563,0.6666666666666666,4.00046348000806,4.724049616368985,0.6666666666666666,5.088147098996451,4.4383022249398145,0.75,7.328037941489459,6.825675592041431,0.7083333333333334,False,True,0.10139423566840054,2.350502735949473,False,True,0.10139423566840054,2.659294271848715,False,True,0.10139423566840054,3.009565267794126,False,True,0.10139423566840054,4.203251951344926,False
SILVER,early_back_inside_1,通常通り入る。エントリー後1本以内に終値がブレイク水準内へ戻れば次足始値で撤退,1,2024-11-06 13:00:00,2024-11-06 14:00:00,2024-11-07 14:00:00,short,3m,31.298,31.04,31.670784703600923,29.147645889197232,31.670784703600923,-1.0000000000000027,-1.055486443790091,23,SL,31.041,0.31539235180046093,0.8148580602315744,2.308236061667663,1.8897097427938614,0.8186813186813211,0.8489010989010992,0.15109890109890073,0.8489010989010992,1.7279294718173563,2.1560446729862726,3.475036708224953,1.0,2.504816605381122,3.132606083691847,0.5,3.6969824833852956,4.759151550224141,0.5833333333333334,4.670373240159993,4.841588552426545,0.5,False,True,0.3075534312936359,0.7133971344439957,True,False,1.147776722972105,0.7133971344439957,True,False,1.1763126083498656,0.7133971344439957,True,False,1.1763126083498656,0.7133971344439957,True
SILVER,early_back_inside_1,通常通り入る。エントリー後1本以内に終値がブレイク水準内へ戻れば次足始値で撤退,1,2024-12-09 10:00:00,2024-12-09 11:00:00,2024-12-12 14:00:00,long,3m,31.527,31.617,31.26897376465889,32.661078706023325,31.26897376465889,-1.0000000000000049,-1.100567130997172,72,SL,31.612,0.17401311767055377,0.4884689219862237,1.4941402319579173,1.293005969963562,0.865384615384602,0.9384615384615319,0.06153846153846806,0.9384615384615319,1.1230948981593079,1.7182612667515915,1.8446885171480212,1.0,3.2066548055096638,4.085898865084887,0.8333333333333334,3.2066548055096638,3.7238571934950926,0.5,3.4422692267030284,1.7412480395509313,0.4166666666666667,False,True,0.356294978389949,0.44824206958738944,False,True,0.356294978389949,0.6953498771804238,False,True,0.356294978389949,2.5917586331270104,False,True,0.356294978389949,3.804310898292843,False
SILVER,early_back_inside_1,通常通り入る。エントリー後1本以内に終値がブレイク水準内へ戻れば次足始値で撤退,1,2024-12-18 20:00:00,2024-12-18 21:00:00,2024-12-23 06:00:00,short,3m,29.621,29.46,29.772080487777945,28.523758536666165,29.772080487777945,-0.9999999999999952,-1.1121505552916917,54,SL,29.463,0.15604024388897283,1.0125592992050134,2.858237009148357,1.954623963655274,0.683856502242155,0.7914798206278018,0.2085201793721982,0.7914798206278018,1.0795028784945526,3.4093768808675633,4.6590544969750365,0.6666666666666666,3.9348823399486585,4.851312591760785,0.8333333333333334,4.691097512772657,5.883097700444399,0.75,5.331957828725216,6.447054778482649,0.5833333333333334,False,True,0.3781075864119881,1.1086883465979223,False,True,0.3781075864119881,1.4419357108932453,False,False,1.0317851086835905,1.4419357108932453,False,True,1.0317851086835905,1.4419357108932453,False
XAUUSD,body60_plus_early1,実体60%以上で入る。さらに1本以内にブレイク水準内へ戻れば撤退,1,2015-02-11 14:00:00,2015-02-11 15:00:00,2015-02-12 08:00:00,short,3m,1224.976,1224.691,1231.6426929031318,1203.835921290605,1231.6426929031318,-1.000000000000009,-1.0503474484384268,16,SL,1224.722,3.47584645156584,0.07307572516205596,3.4575750590438252,2.744367489450734,0.7937260775503382,0.8852554501581044,0.11474454984189567,0.8852554501581044,1.0297076804665841,1.722458136003896,3.011928215437668,0.3333333333333333,1.722458136003896,3.66414344749396,0.6666666666666666,1.8637186913367685,3.7110384994680135,0.5,2.5734738644655937,3.6701851413065554,0.5833333333333334,False,True,0.21836407636997063,1.0098259658215814,False,True,0.21836407636997063,1.0866417871533238,False,True,0.21836407636997063,1.0866417871533238,False,True,0.21836407636997063,1.7981231585142166,False
XAUUSD,body60_plus_early1,実体60%以上で入る。さらに1本以内にブレイク水準内へ戻れば撤退,1,2015-03-06 13:00:00,2015-03-06 14:00:00,2015-03-10 03:00:00,short,3m,1190.388,1182.283,1189.4395008221354,1160.8134975335936,1160.8134975335936,3.000000000000011,2.9510934172022325,35,TP,1182.258,3.5782504110677054,2.2720601036901695,4.428700671977687,3.9362812497511173,0.888811762478706,0.9888937969331778,0.011106203066822182,0.9888937969331778,1.157130478744196,1.515265668168307,3.9723323879277253,0.3333333333333333,1.7572833864703588,4.245370853032957,0.6666666666666666,2.1932506388389434,4.537413018882392,0.5833333333333334,4.63606458304024,5.339480976765682,0.5833333333333334,False,True,0.0966953008458571,1.9104308571742008,False,True,0.0966953008458571,2.511842092492948,False,True,0.0966953008458571,3.0294134715869774,False,True,0.0966953008458571,5.179905783751302,False
XAUUSD,body60_plus_early1,実体60%以上で入る。さらに1本以内にブレイク水準内へ戻れば撤退,1,2015-04-06 07:00:00,2015-04-06 08:00:00,2015-04-06 12:00:00,long,3m,1219.681,1222.186,1216.2924846259255,1239.866546122223,1216.2924846259255,-1.0000000000000082,-1.0593873058412362,4,SL,1222.167,2.9467576870372096,0.8436390989784444,1.937722950590103,1.271567057068486,0.6562171628721487,0.7826619964973683,0.2173380035026317,0.7826619964973683,1.0188542847526165,0.7221496390291033,1.7470048598315255,0.3333333333333333,1.0550579077732267,1.9326326100894715,0.5,6.217341887524045,7.119010868210197,0.5833333333333334,8.097034956406516,6.301502183801882,0.5416666666666666,False,False,0.5616342352410989,0.14286889005228648,True,False,1.625176043848737,0.14286889005228648,True,False,1.760918457200016,0.14286889005228648,True,False,2.0459775252378485,0.19275422695887628,True
XAUUSD,body60_plus_early1,実体60%以上で入る。さらに1本以内にブレイク水準内へ戻れば撤退,1,2015-04-24 14:00:00,2015-04-24 15:00:00,2015-04-24 16:00:00,short,3m,1178.391,1178.274,1184.2906324281757,1160.224102715472,1179.559,-0.21357462257165982,-0.2717466987585122,1,early_back_inside,1178.323,3.0083162140879613,0.02260400674687696,1.9549141717413558,1.268483672736747,0.648869239925165,0.6811766706342381,0.3188233293657618,0.6811766706342381,1.21067637530009,3.0488816159177348,3.3234538155195024,1.0,4.228278909122717,4.698641696576214,1.0,4.574984483196262,4.745179357525635,0.6666666666666666,5.265736336431866,4.502518696860568,0.5416666666666666,True,False,0.4839916738743911,0.5468175161561932,True,True,0.4839916738743911,1.0367926035813149,True,True,0.4839916738743911,1.0367926035813149,True,False,0.4839916738743911,1.0367926035813149,True
XAUUSD,body60_plus_early1,実体60%以上で入る。さらに1本以内にブレイク水準内へ戻れば撤退,1,2015-09-24 13:00:00,2015-09-24 14:00:00,2015-09-25 03:00:00,long,3m,1147.861,1152.832,1146.690616441401,1171.2561506757972,1146.690616441401,-0.9999999999999956,-1.0569904153779883,12,SL,1152.881,3.0706917792995365,1.6348107725566345,5.321602158236705,4.654000149523351,0.8745486812312625,0.8745486812312625,0.1254513187687375,0.8745486812312625,1.2730085246931873,1.4654678240049566,5.676245371645885,1.0,1.4980337756495556,5.481500980811464,0.5,2.4369101615620767,6.481275696299269,0.5833333333333334,3.2663649499488905,7.509708449234345,0.5416666666666666,False,True,0.32272858079753125,0.908915710399499,False,True,0.32272858079753125,1.247275947986417,False,False,0.42107775476412995,1.247275947986417,False,True,0.7949348796435876,1.247275947986417,False
XAUUSD,body60_plus_early1,実体60%以上で入る。さらに1本以内にブレイク水準内へ戻れば撤退,1,2015-11-03 10:00:00,2015-11-03 11:00:00,2015-11-03 17:00:00,short,3m,1132.098,1131.718,1135.8881405759744,1119.2075782720772,1119.2075782720772,3.000000000000016,2.916069975670233,6,TP,1131.738,2.0850702879871394,0.17265605004972398,1.4819644295938368,0.8930154588684721,0.6025889967637224,0.6601941747572873,0.33980582524271274,0.6601941747572873,0.7512696717906594,2.7385167938450117,2.513104728502241,1.0,2.8833560358311647,2.6919955803593885,0.6666666666666666,2.8833560358311647,0.7544110186896336,0.5,3.5591126317203527,2.8392328230406205,0.5416666666666666,False,False,0.3793637099704424,0.3208524930092058,True,False,0.48487574055642724,0.3208524930092058,True,True,0.48487574055642724,2.4502771102897527,True,True,0.48487574055642724,5.0818430731316235,True
XAUUSD,body60_plus_early1,実体60%以上で入る。さらに1本以内にブレイク水準内へ戻れば撤退,1,2016-01-26 03:00:00,2016-01-26 04:00:00,2016-01-26 05:00:00,long,3m,1112.949,1112.981,1108.1457604588966,1127.48671862331,1112.481,-0.1034074932068214,-0.1757927384516246,1,early_back_inside,1112.981,2.4176197705516804,0.013236159130442291,1.170572823101188,0.7734880491869789,0.660777385158989,0.7321554770317817,0.26784452296821826,0.7321554770317817,0.8754652027721581,1.7165643872332728,1.8704347371249583,0.6666666666666666,2.6600543552522904,1.8414806390270746,0.6666666666666666,3.1944642801451084,2.8453605830788584,0.5,4.977209463030781,5.055799157867893,0.5833333333333334,True,False,0.44341133087080425,0.1894425275549314,True,False,0.6212722191865634,0.1894425275549314,True,True,0.6212722191865634,0.9339764786440267,True,True,0.6212722191865634,1.926274783456638,True
XAUUSD,body60_plus_early1,実体60%以上で入る。さらに1本以内にブレイク水準内へ戻れば撤退,1,2016-04-21 12:00:00,2016-04-21 13:00:00,2016-04-21 13:00:00,long,3m,1262.589,1268.85,1260.3619075912632,1294.3142772262102,1260.3619075912632,-0.9999999999999969,-1.041234235343604,0,SL,1268.759,4.244046204368387,1.4538013261140526,2.4900765663489635,2.1510133397236455,0.8638342165026419,0.8753785011355025,0.12462149886449747,0.8753785011355025,1.2328767518662689,0.945088674075097,2.2077987723968695,0.6666666666666666,2.0848029389719485,2.4874847001273737,0.6666666666666666,4.238879393321152,5.633067796338434,0.5833333333333334,4.469791111245266,4.847025458588606,0.5416666666666666,True,False,4.97873938748618,0.3447182074724123,True,False,5.160170022997976,0.3447182074724123,True,False,5.160170022997976,0.3447182074724123,True,False,5.214599213651514,0.3447182074724123,True
XAUUSD,body60_plus_early1,実体60%以上で入る。さらに1本以内にブレイク水準内へ戻れば撤退,1,2016-04-29 01:00:00,2016-04-29 02:00:00,2016-05-02 09:00:00,long,3m,1270.222,1273.921,1265.8337620573666,1298.1827138279004,1298.1827138279004,3.000000000000003,2.956721936156346,30,TP,1273.921,4.043618971316728,0.9147746180435887,2.388949124168902,1.5876866850067037,0.664596273291943,0.7060041407867536,0.29399585921324645,0.7060041407867536,1.1992018536974953,0.7540275237671885,2.0380258522025034,0.3333333333333333,1.4741745061253697,2.2484808940936047,0.5,4.1025131491551114,4.209100837821458,0.5833333333333334,7.888478174196747,7.382248478837189,0.5416666666666666,False,True,0.14640350740250996,1.6910594317874863,False,True,0.14640350740250996,1.6910594317874863,False,True,0.14640350740250996,1.6910594317874863,False,True,0.6954166601618379,1.6910594317874863,False
XAUUSD,body60_plus_early1,実体60%以上で入る。さらに1本以内にブレイク水準内へ戻れば撤退,1,2016-05-24 15:00:00,2016-05-24 16:00:00,2016-05-27 02:00:00,short,3m,1231.298,1230.86,1237.0877673259806,1212.1766980220575,1212.1766980220575,3.000000000000004,2.9438000840943443,55,TP,1230.859,3.1138836629903945,0.14098150332902543,1.6477815343533317,1.1304211656448258,0.6860261157668921,0.889300331319436,0.11069966868056405,0.889300331319436,0.9820038740740973,2.733242767273615,2.370030739334938,1.0,3.4750816572280185,3.8084274441426786,1.0,4.582701714134013,4.580132575121245,0.8333333333333334,6.073123483951556,5.32807317023112,0.7083333333333334,False,True,0.2087425447923987,0.8439621657143572,False,True,0.2087425447923987,0.8439621657143572,False,True,0.2087425447923987,0.8738284067385202,False,True,0.2087425447923987,1.5735976453578184,False
XAUUSD,body60_plus_early1,実体60%以上で入る。さらに1本以内にブレイク水準内へ戻れば撤退,1,2016-07-05 22:00:00,2016-07-05 23:00:00,2016-07-08 12:00:00,long,3m,1358.229,1359.449,1350.7298508548581,1385.6064474354257,1350.7298508548581,-1.0000000000000084,-1.0401415314928086,59,SL,1359.44,4.359574572570941,0.27777939793007334,1.140248874575046,0.9822059305834879,0.8613960973647454,0.8613960973647454,0.13860390263525454,0.8613960973647454,1.0671535396255327,0.8326500532503077,0.9725719630251866,0.3333333333333333,3.528096547945808,1.9866617386229197,0.6666666666666666,3.528096547945808,3.2110931392428257,0.6666666666666666,4.4754366911755525,1.9774865314245773,0.6666666666666666,False,True,0.1880917475662289,1.1927769357856142,False,True,0.1880917475662289,1.2159443339614235,False,True,0.1880917475662289,2.68833570911679,False,True,0.1880917475662289,2.68833570911679,False
XAUUSD,body60_plus_early1,実体60%以上で入る。さらに1本以内にブレイク水準内へ戻れば撤退,1,2016-08-25 12:00:00,2016-08-25 13:00:00,2016-08-25 14:00:00,short,3m,1320.829,1319.409,1324.1072989914935,1305.3141030255201,1322.198,-0.5936190959855272,-0.6681141420934571,1,early_back_inside,1319.388,2.349149495746667,0.6134134939513568,2.294447420123292,1.592065556820285,0.6938775510204263,0.7441558441558557,0.2558441558441443,0.7441558441558557,0.9025010052081172,1.7934150243004785,1.7027439110377338,0.6666666666666666,1.796394826144724,2.6064752418210313,0.5,1.8181048110105225,2.883596813342451,0.5,6.974439059610467,7.611265282338716,0.625,True,False,1.3111128114991208,0.0808803357742188,True,False,1.489900922158017,0.0808803357742188,True,False,1.8061856036333466,0.0808803357742188,True,False,1.8061856036333466,0.0808803357742188,True
XAUUSD,body60_plus_early1,実体60%以上で入る。さらに1本以内にブレイク水準内へ戻れば撤退,1,2016-10-04 12:00:00,2016-10-04 13:00:00,2016-10-04 16:00:00,short,3m,1306.199,1291.86,1298.5264033166166,1271.86079005015,1271.86079005015,2.999999999999986,2.947497926036395,3,TP,1291.831,3.333201658308342,4.3105702783347875,4.974496505085459,4.775288635875184,0.9599541644050562,0.9756950726735544,0.024304927326445628,0.9756950726735544,1.3338269048092453,0.8490335389537844,4.934594928873202,0.6666666666666666,1.4316565540237394,5.090601091507806,0.6666666666666666,1.590362823319331,5.528318382438391,0.5,3.4213351513174652,7.6560024312934445,0.5833333333333334,False,True,0.40471598729637054,3.0910221031237683,False,True,0.40471598729637054,3.0910221031237683,False,True,0.40471598729637054,5.394513096794049,False,True,0.40471598729637054,7.4885958183124615,False
XAUUSD,body60_plus_early1,実体60%以上で入る。さらに1本以内にブレイク水準内へ戻れば撤退,1,2016-11-11 14:00:00,2016-11-11 15:00:00,2016-11-23 13:00:00,short,3m,1246.058,1235.911,1249.967701914633,1193.7408942561015,1193.7408942561015,3.0000000000000018,2.9751008449830065,183,TP,1235.952,7.028350957316429,1.4378906320094573,3.357686624261934,3.2136983678208604,0.9571168269841965,0.9949150387728339,0.005084961227166032,0.9949150387728339,1.1632745838103757,0.9019185351581112,3.267765104429187,0.3333333333333333,1.1974359349882755,2.7431754784427382,0.5,1.9446951472694556,3.4019359797492834,0.5,4.6793337725635205,5.729651271622882,0.5,False,True,0.836327046799079,0.9534242158218296,False,True,0.836327046799079,1.6453361635224109,False,True,0.836327046799079,1.6453361635224109,False,True,0.836327046799079,2.4063966217272887,False
XAUUSD,body60_plus_early1,実体60%以上で入る。さらに1本以内にブレイク水準内へ戻れば撤退,1,2017-01-05 15:00:00,2017-01-05 16:00:00,2017-01-06 06:00:00,long,3m,1180.189,1181.329,1174.0427774095067,1203.18766777148,1174.0427774095067,-0.9999999999999911,-1.048035864352639,14,SL,1181.329,3.643111295246659,0.31291934492566426,1.6768634018869057,1.1987006835881724,0.7148469471271921,0.8626616467507036,0.1373383532492965,0.8626616467507036,1.2169452205040754,2.268390760057847,2.3276807412016973,1.0,2.3526593906650355,2.3490910121702906,0.6666666666666666,2.4314382082033568,2.187964998598903,0.6666666666666666,5.116780270842027,4.3446380627052275,0.5416666666666666,False,True,0.13093204169255723,1.0180858336223133,False,True,0.13093204169255723,1.0180858336223133,False,True,0.42299009695656464,1.0180858336223133,True,False,0.5520007040750621,1.0180858336223133,False
XAUUSD,body60_plus_early1,実体60%以上で入る。さらに1本以内にブレイク水準内へ戻れば撤退,1,2017-02-02 10:00:00,2017-02-02 11:00:00,2017-02-02 16:00:00,long,3m,1219.931,1222.259,1215.839453962366,1241.5176381129022,1215.839453962366,-0.999999999999997,-1.0545209891709273,5,SL,1222.242,3.2097730188170415,0.7199886055655232,2.0652550697940057,1.4748706442004533,0.7141348619701299,0.7592397043294574,0.24076029567054252,0.7592397043294574,1.1645054861684663,1.9602632220763156,2.4967497555180547,1.0,1.9602632220763156,2.291127739216386,0.6666666666666666,3.0282515128070715,4.330835831227489,0.6666666666666666,6.203865470630358,3.4684695567984725,0.5416666666666666,False,False,0.5589180261291641,0.09533384392171632,False,False,0.8598738863526201,0.09533384392171632,False,True,0.8598738863526201,0.9489767600833809,True,False,2.172739305588092,0.9489767600833809,False
XAUUSD,body60_plus_early1,実体60%以上で入る。さらに1本以内にブレイク水準内へ戻れば撤退,1,2017-02-23 13:00:00,2017-02-23 14:00:00,2017-02-27 16:00:00,long,3m,1244.708,1248.468,1243.6603992440914,1262.890802267726,1262.890802267726,2.999999999999987,2.9271986136598307,49,TP,1248.488,2.403800377954336,1.5725099449467594,2.6915712549750395,2.22522637447633,0.826738794435879,0.9658423493044818,0.03415765069551819,0.9658423493044818,1.142028836587146,2.6707708588777845,4.445460653889266,1.0,3.1566681117079476,4.954238342426259,0.8333333333333334,3.282718512056807,4.734170151718101,0.5833333333333334,5.17513854897819,4.085197793486123,0.5416666666666666,False,False,0.8428320498577416,0.3120059414576926,False,True,1.027539567200679,0.49213737165926413,False,True,1.027539567200679,1.0774605178338645,False,True,1.027539567200679,1.0774605178338645,False
XAUUSD,body60_plus_early1,実体60%以上で入る。さらに1本以内にブレイク水準内へ戻れば撤退,1,2017-05-03 19:00:00,2017-05-03 20:00:00,2017-05-07 22:00:00,short,3m,1243.691,1239.568,1245.150214460037,1222.821356619889,1222.821356619889,2.9999999999999916,2.9373008682296553,47,TP,1239.542,2.791107230018505,1.4865068440858888,2.7447888485277816,2.693912981605567,0.9814645607622958,0.9945176869860441,0.0054823130139558815,0.9945176869860441,1.4274641344176588,2.88165209616357,2.986628356784682,0.6666666666666666,3.0095583249749955,4.315849950315304,0.8333333333333334,3.6189938857824333,5.087228411466632,0.75,4.223055235295237,5.982930293899656,0.7083333333333334,False,True,0.18953051832282672,1.3116658366348608,False,True,0.18953051832282672,1.3116658366348608,False,True,0.18953051832282672,1.3116658366348608,False,False,0.6151680528550365,1.3116658366348608,False
XAUUSD,body60_plus_early1,実体60%以上で入る。さらに1本以内にブレイク水準内へ戻れば撤退,1,2017-08-09 12:00:00,2017-08-09 13:00:00,2017-08-09 14:00:00,long,3m,1274.061,1274.839,1269.631668679231,1290.4609939623067,1272.228,-0.5014084641755315,-0.5686213950301898,1,early_back_inside,1274.839,2.60366566038445,0.298809486885172,2.6796835347015655,2.1577271173789647,0.8052171420381061,0.8052171420381061,0.19478285796189387,0.8052171420381061,1.234225367469032,1.3254389964533528,2.7269246232450377,0.3333333333333333,2.044809393543233,3.2607873311761537,0.6666666666666666,3.3264639664684132,3.397901710119592,0.5833333333333334,7.091540315999558,4.24401649110675,0.5416666666666666,True,False,1.7171943648632013,0.12021512775718106,True,False,1.7248758426751523,0.12021512775718106,True,False,1.7248758426751523,0.12021512775718106,True,True,1.7248758426751523,1.4783004049113693,True
XAUUSD,body60_plus_early1,実体60%以上で入る。さらに1本以内にブレイク水準内へ戻れば撤退,1,2017-08-28 14:00:00,2017-08-28 15:00:00,2017-08-28 22:00:00,long,3m,1300.828,1303.672,1298.525965850609,1319.1101024481732,1319.1101024481732,3.000000000000008,2.9319864598952354,6,TP,1303.672,2.5730170746955165,1.1053171889022935,2.607833452016279,2.0015413230825634,0.7675111773472523,0.9126676602086424,0.08733233979135761,0.9126676602086424,1.1626077483478097,1.0610112256340463,2.1492278673099663,0.6666666666666666,1.4251751517949356,2.654471308088062,0.8333333333333334,2.195865723381838,3.6742857608586643,0.6666666666666666,9.083111118788729,8.96262999060311,0.5833333333333334,False,True,0.019821088830499142,1.5429357383762508,False,True,0.019821088830499142,1.5429357383762508,False,True,0.019821088830499142,2.4679198838007514,False,True,0.019821088830499142,3.2646499250277596,False
XAUUSD,body60_plus_early1,実体60%以上で入る。さらに1本以内にブレイク水準内へ戻れば撤退,1,2017-11-17 17:00:00,2017-11-17 18:00:00,2017-11-20 13:00:00,long,3m,1291.038,1293.399,1288.8026539139905,1307.1880382580277,1288.8026539139905,-1.0000000000000135,-1.0761474426535362,18,SL,1293.421,2.29817304300465,1.0369106048187238,1.757482976442612,1.526865007263474,0.8687794008417988,0.9752413963852663,0.024758603614733688,0.9752413963852663,1.160241054943564,2.7513158851316746,3.502347233816933,1.0,3.746454178551909,4.529685017273532,0.6666666666666666,3.955315735544355,5.02964736932413,0.5833333333333334,5.60445177929713,5.921660268979413,0.5416666666666666,False,True,0.03916154193614542,1.5316514179445364,False,True,0.17970796466224814,1.5316514179445364,False,True,0.17970796466224814,1.5316514179445364,False,True,0.7610392982912058,1.5316514179445364,False
XAUUSD,body60_plus_early1,実体60%以上で入る。さらに1本以内にブレイク水準内へ戻れば撤退,1,2017-11-27 13:00:00,2017-11-27 14:00:00,2017-11-27 14:00:00,long,3m,1296.941,1298.318,1294.2874715806788,1310.4095852579635,1294.2874715806788,-1.0000000000000084,-1.0868372490124063,0,SL,1298.318,2.015264209660569,0.6832850965144073,1.9570634863130305,1.5466954581230608,0.7903144016226709,0.9305273833671142,0.0694726166328858,0.9305273833671142,1.024846266940223,1.9084346268660155,2.083597763445274,1.0,3.1395387114355864,3.7052213621446377,1.0,4.52893469563339,4.593442366328342,0.8333333333333334,5.050950615410526,4.3205252980036795,0.5416666666666666,True,False,2.6830228880562643,0.4217809237742949,True,False,3.06461057085917,0.4217809237742949,True,False,3.06461057085917,0.4217809237742949,True,False,3.06461057085917,0.4217809237742949,True
XAUUSD,body60_plus_early1,実体60%以上で入る。さらに1本以内にブレイク水準内へ戻れば撤退,1,2017-12-05 14:00:00,2017-12-05 15:00:00,2017-12-07 12:00:00,short,3m,1269.902,1267.628,1271.9697996953525,1254.6026009139423,1254.6026009139423,2.99999999999998,2.919388266488926,43,TP,1266.891,2.1708998476762864,1.3869824548667766,3.483808803107834,3.210650186124735,0.921591960862083,0.9230464101546874,0.07695358984531264,0.9230464101546874,0.9036243640752765,2.1921785130226112,4.113962239925293,0.6666666666666666,2.1921785130226112,3.910820671477607,0.5,2.1921785130226112,4.107513301244459,0.5833333333333334,2.3672211343608818,3.1189831291607404,0.5,False,True,1.0263025272145425,1.515500590007205,False,True,1.0263025272145425,2.744944685669643,False,True,1.0263025272145425,2.744944685669643,False,True,1.0263025272145425,2.744944685669643,False
XAUUSD,body60_plus_early1,実体60%以上で入る。さらに1本以内にブレイク水準内へ戻れば撤退,1,2018-01-24 08:00:00,2018-01-24 09:00:00,2018-01-24 18:00:00,long,3m,1344.672,1347.019,1342.7121213495539,1359.9396359513382,1359.9396359513382,2.9999999999999782,2.91873465021728,9,TP,1346.992,2.1534393252230535,1.0773463514044588,2.3316189786215045,1.764619023852158,0.7568213503286171,0.7649870543716245,0.23501294562837552,0.7649870543716245,0.8766051766958046,1.8268450631143205,2.298648465281149,0.6666666666666666,1.8268450631143205,2.554518223739683,0.6666666666666666,3.076009582630757,2.977098042609585,0.6666666666666666,5.823242778712174,4.784903795203317,0.5416666666666666,False,True,0.14534888275408173,1.179508505416966,False,True,0.14534888275408173,1.6763880726596294,False,True,0.14534888275408173,1.8045551386025027,False,True,0.14534888275408173,3.886805586748144,False
XAUUSD,body60_plus_early1,実体60%以上で入る。さらに1本以内にブレイク水準内へ戻れば撤退,1,2018-03-01 12:00:00,2018-03-01 13:00:00,2018-03-01 14:00:00,short,3m,1307.018,1306.491,1310.8493646609056,1293.4159060172829,1310.321,-0.8787699740581103,-0.9590753241678921,1,early_back_inside,1306.492,2.179182330452873,0.24137493804419527,2.156772260090463,1.8796040802830765,0.87148936170212,0.87148936170212,0.12851063829788,0.87148936170212,0.9123724810277338,0.9168576543959162,1.9667927461165449,0.6666666666666666,2.3678606089503953,3.5086554682237088,0.6666666666666666,3.6467806704125523,4.059320726119162,0.6666666666666666,5.736555324125653,5.941219244976852,0.625,True,False,1.8107709230462101,0.8416000691502129,True,False,2.2756241782529005,0.8416000691502129,True,True,2.2756241782529005,1.7134867274845844,True,False,2.926326957999287,1.7134867274845844,True
XAUUSD,body60_plus_early1,実体60%以上で入る。さらに1本以内にブレイク水準内へ戻れば撤退,1,2018-03-23 06:00:00,2018-03-23 07:00:00,2018-03-23 08:00:00,long,3m,1341.042,1342.851,1336.9802927499838,1360.4631217500487,1339.439,-0.5811906223037455,-0.6408086521414912,1,early_back_inside,1342.888,2.9353536250081076,0.6288850461739188,1.76401233428419,1.5875429659644444,0.8999613750482338,0.941869447663161,0.0581305523368389,0.941869447663161,1.2318811978804232,0.5348588962584022,1.51770470244028,0.6666666666666666,2.5107707423086154,1.4638781383582555,0.6666666666666666,4.880842934200279,5.490309536369906,0.75,4.880842934200279,5.031761718303765,0.6666666666666666,True,False,1.2431210907305277,0.0010220233686999626,True,False,1.5725532898910044,0.0010220233686999626,True,False,1.5725532898910044,0.0010220233686999626,True,True,1.5725532898910044,1.6434135767838687,True
XAUUSD,body60_plus_early1,実体60%以上で入る。さらに1本以内にブレイク水準内へ戻れば撤退,1,2018-04-11 14:00:00,2018-04-11 15:00:00,2018-04-11 18:00:00,long,3m,1356.788,1359.002,1352.5745706681812,1378.284287995456,1352.5745706681812,-1.000000000000012,-1.054454118735706,3,SL,1359.002,3.21371466590934,0.6889223936044356,2.417762871863863,2.033161210393594,0.8409266409266272,0.9898326898326961,0.010167310167303871,0.9898326898326961,1.2355325824591774,2.7447987506706535,3.1875885275898668,1.0,3.9374995341782997,4.9018041853888485,0.8333333333333334,4.734085499682981,5.86268600627888,0.9166666666666666,6.006756046133892,6.2805824717760945,0.7083333333333334,False,True,0.19634599384115292,1.9198966434234552,False,False,1.1205101803837214,1.9198966434234552,True,False,1.5374731467026321,1.9198966434234552,True,False,3.570323190703458,1.9198966434234552,True
XAUUSD,body60_plus_early1,実体60%以上で入る。さらに1本以内にブレイク水準内へ戻れば撤退,1,2018-05-15 12:00:00,2018-05-15 13:00:00,2018-05-21 06:00:00,short,3m,1301.678,1297.528,1302.232888276837,1283.4133351694893,1283.4133351694893,2.9999999999999867,2.9256092856182545,85,TP,1297.528,2.3524441384184636,1.7641226553375737,4.344417719891483,3.987342290859246,0.9178082191780682,0.9267123287671212,0.07328767123287883,0.9267123287671212,1.0828087199204102,1.9766675535710119,5.237106292471885,0.6666666666666666,2.57179326862458,5.964009844430258,0.8333333333333334,3.6987063190582967,7.128755886749501,0.6666666666666666,6.40610323275589,9.041659970850443,0.75,False,True,0.32731914327948675,2.4102591459672174,False,True,0.32731914327948675,2.4102591459672174,False,True,0.32731914327948675,2.4102591459672174,False,True,0.32731914327948675,3.7688461354753158,False
XAUUSD,body60_plus_early1,実体60%以上で入る。さらに1本以内にブレイク水準内へ戻れば撤退,1,2018-07-13 11:00:00,2018-07-13 12:00:00,2018-07-13 12:00:00,short,3m,1237.949,1237.902,1241.9384930230171,1225.7925209309487,1241.9384930230171,-0.9999999999999939,-1.0867089322350667,0,SL,1237.849,2.018246511508563,0.04954796127723278,1.9229563771668232,1.4908981548299076,0.7753156402988787,0.9842824014429475,0.01571759855705242,0.9842824014429475,1.0411010391979951,1.6152635376355806,1.5112128189535157,0.6666666666666666,3.55308430318554,3.9440177176623665,0.6666666666666666,4.414723349795459,3.993070199326727,0.6666666666666666,4.647598767798148,2.5660889145444283,0.5416666666666666,True,False,2.8088739248025423,0.7486696948979498,True,False,2.884682305556615,0.7486696948979498,True,False,2.884682305556615,0.7486696948979498,True,False,2.884682305556615,0.7486696948979498,True
XAUUSD,body60_plus_early1,実体60%以上で入る。さらに1本以内にブレイク水準内へ戻れば撤退,1,2018-08-13 07:00:00,2018-08-13 08:00:00,2018-08-13 09:00:00,short,3m,1204.5,1204.468,1209.0490020123293,1190.7249939630124,1204.908,-0.09604885542848822,-0.17245135406484544,1,early_back_inside,1204.469,2.2905010061646327,0.013534156901270055,2.1654651042067825,1.4795889593057474,0.6832661290322322,0.826411290322561,0.17358870967743897,0.826411290322561,1.1477375591846222,1.0665788809632233,1.637196399349874,0.3333333333333333,1.161754564978696,1.8070282391757222,0.6666666666666666,2.903294948180483,3.1521488008816356,0.6666666666666666,4.978823396849588,1.8118306819471341,0.4583333333333333,True,False,0.6675395452282537,0.45404913475301584,True,True,0.6675395452282537,1.4586328453941675,True,True,0.6675395452282537,1.4979255589785287,True,True,0.6675395452282537,4.217417924725311,True
XAUUSD,body60_plus_early1,実体60%以上で入る。さらに1本以内にブレイク水準内へ戻れば撤退,1,2018-09-27 12:00:00,2018-09-27 13:00:00,2018-09-28 15:00:00,short,3m,1187.698,1187.028,1191.8400742800775,1172.5917771597678,1191.8400742800775,-1.000000000000015,-1.0727337068443132,25,SL,1186.978,2.4060371400386975,0.29924725101643573,2.9633790274265817,2.664131776410051,0.8990182328190401,0.9537166900420547,0.04628330995794524,0.9537166900420547,1.1826333646919365,1.8632297587592819,3.6865598840495166,1.0,1.8632297587592819,3.366531573934737,0.6666666666666666,2.3399472544756974,3.869433204115132,0.5,4.0190568296233025,4.335344549100466,0.4583333333333333,False,True,0.0502901630179828,1.5419545850985354,False,True,0.3383156421212845,1.7830148706395137,False,True,0.3383156421212845,2.0689622438330284,False,True,0.3383156421212845,2.0689622438330284,False
XAUUSD,body60_plus_early1,実体60%以上で入る。さらに1本以内にブレイク水準内へ戻れば撤退,1,2018-10-11 14:00:00,2018-10-11 15:00:00,2018-10-23 11:00:00,long,3m,1212.609,1215.888,1208.8163813053332,1237.1028560840002,1237.1028560840002,2.999999999999995,2.9505063811961283,180,TP,1215.879,3.5358093473333896,0.9248236199347474,3.06011974547216,2.282645699233427,0.7459334565619187,0.9326247689463913,0.0673752310536087,0.9326247689463913,1.6107130781834404,2.144912028619333,3.4277866280150153,0.6666666666666666,3.8248668611613756,5.025157822324312,0.6666666666666666,5.252262827464348,6.5588943638858295,0.5833333333333334,6.802968609758598,7.765407379984216,0.625,False,True,0.2887599131355791,1.363195672197449,False,True,0.2887599131355791,1.363195672197449,False,True,0.2887599131355791,2.648050016345303,False,True,0.2887599131355791,2.9421835223795867,False
XAUUSD,body60_plus_early1,実体60%以上で入る。さらに1本以内にブレイク水準内へ戻れば撤退,1,2018-12-04 04:00:00,2018-12-04 05:00:00,2018-12-07 19:00:00,long,3m,1236.418,1236.965,1232.933655299046,1249.0590341028617,1249.0590341028617,3.0000000000000226,2.913180334116001,83,TP,1236.953,2.0156723504769465,0.26542012141680205,0.8270193315919983,0.7714547454263194,0.9328134373126225,0.9988002399520379,0.0011997600479620916,0.9988002399520379,0.9994808494043331,2.341650416985273,1.0095886861366938,1.0,2.7797176454170685,3.283271707544132,0.8333333333333334,2.993045967303469,1.983457281166775,0.5,6.06398157771425,6.036695397007709,0.625,False,True,0.34975922541831306,0.358193135818498,False,True,0.34975922541831306,0.6608216854713171,False,False,0.34975922541831306,0.677193393895106,False,True,0.42913720565514213,2.0548974633798873,False
XAUUSD,body60_plus_early1,実体60%以上で入る。さらに1本以内にブレイク水準内へ戻れば撤退,1,2019-03-01 16:00:00,2019-03-01 17:00:00,2019-03-04 14:00:00,short,3m,1302.288,1301.328,1307.0390463621502,1284.194860913549,1284.194860913549,2.9999999999999933,2.9387152584997764,20,TP,1301.325,2.8555231810751582,0.33724117751247873,1.6434816677737425,1.4543744654303024,0.8849350095887566,0.9424675047943782,0.057532495205621724,0.9424675047943782,1.3489449513098293,2.7403034413657905,1.5163596039761795,0.6666666666666666,2.7403034413657905,2.6264889214368448,0.6666666666666666,3.2141220427930204,4.125338599270128,0.6666666666666666,5.254728835488018,4.902779320015443,0.7083333333333334,False,True,0.17509926142912297,1.063552913920505,False,True,0.17509926142912297,1.8648071342201755,False,True,0.17509926142912297,3.2393363364387753,False,True,0.17509926142912297,3.9316788161295584,False
XAUUSD,body60_plus_early1,実体60%以上で入る。さらに1本以内にブレイク水準内へ戻れば撤退,1,2019-04-16 12:00:00,2019-04-16 13:00:00,2019-04-23 13:00:00,short,3m,1280.848,1279.075,1283.1694050723752,1266.7917847828744,1266.7917847828744,2.9999999999999893,2.9145174955058515,92,TP,1279.075,2.0472025361876147,0.8660598883887985,3.2092574544357797,2.6831736982063483,0.8360730593607293,0.8665144596651505,0.1334855403348495,0.8665144596651505,1.092595742168367,1.2055475490940366,2.175163385784259,0.3333333333333333,2.3681096102138004,3.62592360491279,0.5,2.8453462210180733,3.9908117812389765,0.75,3.717267766857869,3.2385657416908744,0.6666666666666666,False,True,0.22469686895594973,2.84290386374676,False,True,0.22469686895594973,2.84290386374676,False,True,0.22469686895594973,2.84290386374676,False,True,0.22469686895594973,3.013868872735036,False
XAUUSD,body60_plus_early1,実体60%以上で入る。さらに1本以内にブレイク水準内へ戻れば撤退,1,2019-05-13 13:00:00,2019-05-13 14:00:00,2019-05-16 12:00:00,long,3m,1295.708,1297.348,1292.1794707342267,1312.8535877973197,1292.1794707342267,-0.999999999999993,-1.0677175231100746,67,SL,1297.348,2.5842646328866477,0.634609930859897,3.2620498275300265,2.294656640243611,0.7034400948991908,0.7271648873072362,0.27283511269276384,0.7271648873072362,1.3702161608051386,3.3703978645061925,5.390314839560422,0.6666666666666666,3.7612247121699363,5.259910237914118,0.5,3.7612247121699363,4.7789223451952925,0.4166666666666667,3.7612247121699363,3.517441628973695,0.375,False,True,0.6628578119286989,0.5146531756364797,False,True,0.6628578119286989,0.6462186491074126,False,True,0.6628578119286989,1.2576111434724546,False,True,0.6628578119286989,1.4770159183490363,False
XAUUSD,body60_plus_early1,実体60%以上で入る。さらに1本以内にブレイク水準内へ戻れば撤退,1,2019-07-18 19:00:00,2019-07-18 20:00:00,2019-07-19 11:00:00,long,3m,1439.138,1445.848,1436.1680618046964,1474.8878145859105,1436.1680618046964,-0.9999999999999994,-1.0361572556496221,14,SL,1445.788,4.839969097651763,1.3739757146851437,2.262411139218373,1.681828919930384,0.743378995433796,0.7966210045662028,0.20337899543379725,0.7966210045662028,1.4425313528725288,2.5089003163039867,4.0357695691645725,0.6666666666666666,4.471102927185901,5.706648005955385,0.8333333333333334,4.787220648008187,5.3188356125021174,0.6666666666666666,4.787220648008187,4.882262577144308,0.4583333333333333,False,True,0.2665306273599641,0.1859516004837199,False,False,1.4964971581149284,1.4669515149269565,False,False,1.4964971581149284,1.4669515149269565,False,False,1.4964971581149284,1.4669515149269565,False
XAUUSD,body60_plus_early1,実体60%以上で入る。さらに1本以内にブレイク水準内へ戻れば撤退,1,2019-08-25 22:00:00,2019-08-25 23:00:00,2019-08-26 07:00:00,long,3m,1534.948,1547.408,1535.444101224253,1583.2996963272403,1535.444101224253,-1.0000000000000047,-1.029254677472674,8,SL,1547.428,5.981949387873414,2.0862764277644055,3.304942706482548,2.031110464530263,0.6145675265553922,0.6145675265553922,0.3854324734446079,0.6145675265553922,1.8514916116373261,0.8325045360790675,3.3567652780055712,0.3333333333333333,1.8706276623945335,3.2481050473928264,0.5,5.930006708500564,8.529493763928157,0.6666666666666666,6.137296994592541,8.279909572690006,0.5,False,False,0.6987688676326391,0.17218467312478186,False,False,0.6987688676326391,0.3042486457156314,False,False,0.966240204525534,0.3042486457156314,False,False,1.5680507125344811,0.3042486457156314,False
XAUUSD,body60_plus_early1,実体60%以上で入る。さらに1本以内にブレイク水準内へ戻れば撤退,1,2019-09-04 17:00:00,2019-09-04 18:00:00,2019-09-04 19:00:00,long,3m,1555.048,1555.515,1546.7774017514296,1581.727794745712,1554.048,-0.16789510781639438,-0.20795188200573111,1,early_back_inside,1555.505,4.368799124285296,0.10460540459728032,2.2752247739534526,1.8373470081010426,0.8075452716297786,0.8538229376257579,0.1461770623742421,0.8538229376257579,1.0531031977458978,1.2326041657685367,2.0502201509357354,1.0,3.4833370835033306,4.51153725298012,0.8333333333333334,3.4833370835033306,3.1649429526613897,0.5,3.712690727718799,2.2104472476930304,0.4583333333333333,True,False,0.750091708676612,0.2616279594193492,True,False,0.750091708676612,0.2616279594193492,True,False,0.8714065105071211,0.2616279594193492,True,False,1.8648145104023184,0.2616279594193492,True
XAUUSD,body60_plus_early1,実体60%以上で入る。さらに1本以内にブレイク水準内へ戻れば撤退,1,2019-11-07 15:00:00,2019-11-07 16:00:00,2019-11-12 15:00:00,short,3m,1473.925,1469.665,1477.6431233416884,1445.730629974935,1445.730629974935,3.000000000000002,2.9561300339678565,68,TP,1469.675,3.989061670844153,1.0654134607802712,4.166393345451349,3.6231578232134662,0.869614921780979,0.895908543922984,0.104091456077016,0.895908543922984,1.3895958703235454,1.6928793177997872,3.7184183208832593,0.3333333333333333,1.7781123946622452,4.02350259894666,0.5,2.79589560660762,5.424834656772982,0.5,3.2897460813693056,4.381982892809214,0.4166666666666667,False,True,0.46376821233968163,2.0924720369724477,False,True,0.46376821233968163,2.300541018724812,False,True,0.46376821233968163,2.300541018724812,False,True,0.46376821233968163,2.300541018724812,False
XAUUSD,body60_plus_early1,実体60%以上で入る。さらに1本以内にブレイク水準内へ戻れば撤退,1,2019-12-24 01:00:00,2019-12-24 02:00:00,2019-12-24 15:00:00,long,3m,1486.708,1487.528,1484.1940128034678,1497.5299615895965,1497.5299615895965,2.999999999999987,2.895020592651276,13,TP,1487.515,1.6669935982660866,0.48410503845930336,1.9298214482324596,1.6058849912708724,0.8321417469692424,1.0,0.0,1.0,0.993101384800124,0.7978434958498454,1.337737590785915,0.3333333333333333,1.3275395912148698,1.7396587503494365,0.6666666666666666,3.3431442123094026,3.2795566855724974,0.5833333333333334,4.649088039726797,5.0750044923985635,0.6666666666666666,False,True,0.19796116814329828,1.2297587717986738,False,True,0.19796116814329828,1.2297587717986738,False,True,0.19796116814329828,1.2297587717986738,False,True,0.19796116814329828,2.2555575521771245,False
XAUUSD,body60_plus_early1,実体60%以上で入る。さらに1本以内にブレイク水準内へ戻れば撤退,1,2020-02-18 15:00:00,2020-02-18 16:00:00,2020-02-20 12:00:00,long,3m,1593.488,1600.698,1594.8231348548848,1618.3225954353459,1618.3225954353459,2.9999999999999836,2.940424164409758,42,TP,1600.698,2.9374325725576464,2.4545244263163566,3.870727146632056,3.7457881085657583,0.9677220756376466,0.9929639401934981,0.0070360598065018825,0.9929639401934981,1.278980079272453,2.363628722873001,4.784109814566415,0.3333333333333333,2.363628722873001,4.102221822068293,0.5,2.8392141075559096,4.742236512980143,0.4166666666666667,4.54580647220559,6.949265896587456,0.5,False,True,0.2314946754362372,1.4706720557124064,False,True,0.2314946754362372,1.4706720557124064,False,False,0.2314946754362372,1.4706720557124064,False,True,0.24613330932415642,1.4706720557124064,False
XAUUSD,body60_plus_early1,実体60%以上で入る。さらに1本以内にブレイク水準内へ戻れば撤退,1,2020-11-23 14:00:00,2020-11-23 15:00:00,2020-11-24 11:00:00,short,3m,1850.398,1841.498,1852.6824374822002,1807.9446875533995,1807.9446875533995,3.0000000000000067,2.9687065173767495,19,TP,1841.538,5.592218741100081,1.5843443202396967,4.856748503127586,4.545065416200078,0.9358247422680431,0.9775405007363805,0.022459499263619412,0.9775405007363805,1.1945554322376652,1.1819995436551598,4.406122353352903,0.3333333333333333,2.263859942915905,4.89966527929665,0.6666666666666666,2.43910344560608,5.621561218439701,0.4166666666666667,3.079278690127306,4.60228778442547,0.5,False,True,0.29558929586413996,1.428771006627013,False,True,0.29558929586413996,1.9241021315778009,False,True,0.29558929586413996,1.9241021315778009,False,True,0.29558929586413996,1.9241021315778009,False
XAUUSD,body60_plus_early1,実体60%以上で入る。さらに1本以内にブレイク水準内へ戻れば撤退,1,2021-01-03 23:00:00,2021-01-04 00:00:00,2021-01-04 13:00:00,long,3m,1906.638,1913.025,1904.0991017782412,1939.802694665277,1939.802694665277,3.0000000000000004,2.9607882600378606,13,TP,1913.035,4.462949110879473,1.433357145929805,2.5924561792101506,1.8008271661462563,0.6946413137424442,0.8424373379429667,0.15756266205703331,0.8424373379429667,0.9088304227674291,1.1584268320239188,4.045979362834744,0.3333333333333333,1.9298898073930246,5.231966446374909,0.5,4.9368700947742346,6.6547924392862585,0.6666666666666666,4.9368700947742346,6.744419273485421,0.6666666666666666,False,True,0.7118611306267106,0.10598373144047492,False,True,0.7118611306267106,1.259257020497912,False,True,0.7118611306267106,1.9583463272512414,False,True,0.7118611306267106,2.713452405378983,False
XAUUSD,body60_plus_early1,実体60%以上で入る。さらに1本以内にブレイク水準内へ戻れば撤退,1,2021-02-04 14:00:00,2021-02-04 15:00:00,2021-02-05 07:00:00,short,3m,1802.948,1785.738,1799.511310901729,1744.4180672948132,1799.511310901729,-1.0000000000000042,-1.025411464425468,15,SL,1785.745,6.88665545086448,2.498019557206207,3.3941003970317536,3.2756103686250952,0.9650894155899802,0.973175323008473,0.026824676991526998,0.973175323008473,1.1012258761164417,1.918057334833226,3.901748852068261,0.3333333333333333,2.919995075036845,5.247830424776581,0.6666666666666666,3.01626822311728,5.36051211845746,0.5833333333333334,5.21675583399343,7.594397654007066,0.5833333333333334,False,False,1.4085211710108725,0.1244435715006465,False,False,1.4085211710108725,0.1244435715006465,False,False,1.4085211710108725,0.1244435715006465,False,False,1.4584728496529147,0.1244435715006465,False
XAUUSD,body60_plus_early1,実体60%以上で入る。さらに1本以内にブレイク水準内へ戻れば撤退,1,2021-06-29 12:00:00,2021-06-29 13:00:00,2021-06-29 16:00:00,short,3m,1760.767,1754.678,1765.700972345876,1721.6090829623727,1765.700972345876,-0.9999999999999983,-1.0317518713662626,3,SL,1754.678,5.511486172937916,1.1047836842806011,4.599485366482741,2.8540396376636217,0.6205128205128145,0.8347140039447705,0.16528599605522956,0.8347140039447705,1.3953289942711316,1.6238814213025992,3.118940964490643,0.3333333333333333,2.570994384341657,3.915459337621206,0.6666666666666666,2.6635284094661604,3.8084101713006735,0.6666666666666666,3.3947286472146962,3.6033838019071833,0.5416666666666666,False,False,0.821919870223541,0.6187078934795495,False,True,0.821919870223541,0.6187078934795495,True,False,1.6741400976937186,0.6187078934795495,True,False,2.0230478041925886,0.6187078934795495,True
XAUUSD,body60_plus_early1,実体60%以上で入る。さらに1本以内にブレイク水準内へ戻れば撤退,1,2021-08-06 12:00:00,2021-08-06 13:00:00,2021-08-08 22:00:00,short,3m,1789.407,1776.348,1785.6637664712696,1748.400700586191,1748.400700586191,2.999999999999992,2.9624292857619787,8,TP,1776.378,4.657883235634825,2.797193347467901,5.556171911310892,4.972215667154566,0.8948995363214831,0.9629057187016989,0.03709428129830109,0.9629057187016989,1.3987664864290479,1.1685565576995736,4.798316932681556,0.6666666666666666,1.5936423530780752,5.064532279282234,0.8333333333333334,1.9407957526371735,5.435945625749309,0.8333333333333334,4.330937247560826,7.86838101041514,0.75,False,True,-0.006440693869365319,2.8596680780007886,False,True,-0.006440693869365319,3.38222304060243,False,True,-0.006440693869365319,3.8193314645371,False,True,-0.006440693869365319,3.821478362493555,False
XAUUSD,body60_plus_early1,実体60%以上で入る。さらに1本以内にブレイク水準内へ戻れば撤退,1,2021-09-16 11:00:00,2021-09-16 12:00:00,2021-09-16 13:00:00,short,3m,1774.358,1771.207,1779.1807886613146,1747.2856340160565,1747.2856340160565,2.999999999999997,2.9561061855453716,1,TP,1771.227,3.9868943306572686,0.7853230460421282,2.1497936210882522,2.0667716063198456,0.9613814024034644,0.9813323999533212,0.01866760004667874,0.9813323999533212,1.0913654553301562,2.7913957775162395,3.353738246128926,0.6666666666666666,4.206281533735891,3.903037981303753,0.6666666666666666,5.20354899814462,5.954760279810603,0.6666666666666666,7.893361947923001,7.810841576748293,0.625,False,True,0.48157785001623543,2.726182110326538,False,True,0.48157785001623543,6.523624115142335,False,True,0.48157785001623543,6.523624115142335,False,True,0.48157785001623543,6.523624115142335,False
XAUUSD,body60_plus_early1,実体60%以上で入る。さらに1本以内にブレイク水準内へ戻れば撤退,1,2021-10-22 12:00:00,2021-10-22 13:00:00,2021-10-22 15:00:00,long,3m,1800.458,1805.728,1797.2599975013318,1831.1320074960054,1797.2599975013318,-0.9999999999999866,-1.0413320614932577,2,SL,1805.698,4.234001249334199,1.2376000127123261,3.677372556857024,3.1648549943406974,0.8606294155427197,0.928066795118825,0.07193320488117505,0.928066795118825,1.1294767902808767,1.0779401637441113,2.992441252111686,0.6666666666666666,2.038261089638834,3.0066122446236463,0.6666666666666666,2.7288607913889886,4.873404324867578,0.6666666666666666,4.3939524115458255,6.477088310805922,0.625,False,True,0.5739251967349286,0.9107224521028081,False,True,0.5739251967349286,1.5635328404876812,True,False,5.410957307488443,1.9012748286897236,True,False,5.410957307488443,1.9012748286897236,True
XAUUSD,body60_plus_early1,実体60%以上で入る。さらに1本以内にブレイク水準内へ戻れば撤退,1,2022-01-19 15:00:00,2022-01-19 16:00:00,2022-01-21 08:00:00,long,3m,1831.624,1838.168,1829.5146765787274,1864.1279702638171,1829.5146765787274,-1.0000000000000069,-1.0404468876246775,38,SL,1838.188,4.326661710636214,1.5171049735327873,2.867337644979808,2.574733303649482,0.8979526035789251,0.9669514750927086,0.03304852490729132,0.9669514750927086,1.3367052953374678,2.7194175988096707,4.7380639788881425,1.0,3.253085390382967,4.93914279165074,0.8333333333333334,4.20901868875766,6.150238169668979,0.75,4.20901868875766,4.643302699310413,0.5416666666666666,False,True,0.254237579355005,0.693375216422655,False,True,0.254237579355005,1.0114033156885074,False,True,0.254237579355005,1.0576283301166423,False,True,0.254237579355005,1.1856716200827129,False
XAUUSD,body60_plus_early1,実体60%以上で入る。さらに1本以内にブレイク水準内へ戻れば撤退,1,2022-02-11 18:00:00,2022-02-11 19:00:00,2022-02-15 12:00:00,long,3m,1853.748,1857.108,1846.356660410045,1889.3620187698648,1846.356660410045,-1.0000000000000058,-1.0325540828723525,39,SL,1857.048,5.3756697949774805,0.6138769913068626,3.871889605170037,3.0786861230692995,0.7951378879600304,0.8520226770442996,0.14797732295570046,0.8520226770442996,1.75536712052098,2.097599076962521,3.9511355440478626,1.0,2.9774894311690394,4.963846556373493,0.8333333333333334,3.71600205404428,6.36274200323036,0.75,3.865564811926292,4.081351875537207,0.5416666666666666,False,True,1.0566125183706263,0.9505792198721362,False,True,1.0566125183706263,1.549574344723088,False,True,1.0566125183706263,1.549574344723088,False,True,1.0566125183706263,1.549574344723088,False
XAUUSD,body60_plus_early1,実体60%以上で入る。さらに1本以内にブレイク水準内へ戻れば撤退,1,2022-03-06 23:00:00,2022-03-07 00:00:00,2022-03-07 13:00:00,long,3m,1974.398,1988.608,1972.6337282991042,2036.5308151026875,1972.6337282991042,-0.9999999999999939,-1.0219102320627493,13,SL,1988.608,7.987135850447934,1.7791108434950575,2.14920596336636,1.7698459453656588,0.8234882908074109,0.8397996038681108,0.1602003961318892,0.8397996038681108,1.099185475870836,0.7775002349123109,2.710358306824824,1.0,1.764086684366302,3.256486491154561,0.8333333333333334,3.8649649358685494,5.1969818439575075,0.75,5.1520345678973385,6.656954507292871,0.6666666666666666,False,False,0.22035433388819683,0.20783420128092425,False,True,0.22035433388819683,1.5439827531302732,False,False,0.2341264797561967,1.5439827531302732,False,False,0.682222025770884,1.5439827531302732,False
XAUUSD,body60_plus_early1,実体60%以上で入る。さらに1本以内にブレイク水準内へ戻れば撤退,1,2022-06-14 18:00:00,2022-06-14 19:00:00,2022-06-14 20:00:00,short,3m,1807.228,1807.156,1818.1379770571402,1774.2100688285789,1808.358,-0.10945205892762903,-0.1413224587817764,1,early_back_inside,1807.156,5.4909885285701865,0.013112393082865298,0.9087616872693356,0.7452210068749907,0.8200400801603388,0.9883767535070155,0.011623246492984492,0.9883767535070155,1.1061511788101503,1.1300333205423148,0.5849584247513208,0.6666666666666666,2.42852446888509,2.3350986681698407,0.6666666666666666,4.053914861445965,4.115288145736497,0.6666666666666666,4.076679432770347,3.9094964209641043,0.625,True,False,0.5904219218691675,0.3993816393149568,True,False,0.5904219218691675,0.3993816393149568,True,False,0.5904219218691675,0.3993816393149568,True,False,1.8670590817405148,0.3993816393149568,True
XAUUSD,body60_plus_early1,実体60%以上で入る。さらに1本以内にブレイク水準内へ戻れば撤退,1,2022-09-15 04:00:00,2022-09-15 05:00:00,2022-09-15 06:00:00,short,3m,1688.668,1687.314,1694.5077940005879,1665.7326179982365,1688.824,-0.2099031470565589,-0.2585561943875686,1,early_back_inside,1687.324,3.5968970002939447,0.37365540350196,1.778199375594371,1.4634836637161734,0.823014383989983,0.9146341463414551,0.08536585365854482,0.9146341463414551,0.8523289564976787,1.698686395384913,2.38260923215193,0.6666666666666666,2.1702039283755195,2.8190965710642297,0.5,4.551145056047569,4.501101921649898,0.5833333333333334,4.641778732789815,3.6058858507597233,0.5416666666666666,True,False,0.6199788317034874,0.38533213486143775,True,False,0.6377719461559226,0.38533213486143775,True,False,0.6700219661010324,0.493758926056245,True,True,1.090940329867467,0.493758926056245,True
XAUUSD,body60_plus_early1,実体60%以上で入る。さらに1本以内にブレイク水準内へ戻れば撤退,1,2022-11-08 15:00:00,2022-11-08 16:00:00,2022-11-10 15:00:00,long,3m,1683.84,1712.907,1700.4765267847015,1750.1984196458952,1750.1984196458952,3.000000000000009,2.971843388909018,45,TP,1712.938,6.2152366076491985,4.6817203972876555,5.727859170507906,5.465761344981027,0.9542415730337104,0.9660112359550614,0.033988764044938544,0.9660112359550614,1.33264617975221,1.665423322301352,6.780111950707987,0.6666666666666666,2.51655745185154,6.688401846011662,0.6666666666666666,2.51655745185154,6.472802652514993,0.4166666666666667,2.7675535278625523,5.415723024699356,0.3333333333333333,False,True,0.10635154246365362,0.6114006979755572,False,True,0.46337737109728755,0.6114006979755572,False,False,0.46337737109728755,0.6114006979755572,False,False,0.7756744118263901,0.6114006979755572,False
XAUUSD,body60_plus_early1,実体60%以上で入る。さらに1本以内にブレイク水準内へ戻れば撤退,1,2022-12-01 13:00:00,2022-12-01 14:00:00,2022-12-02 13:00:00,long,3m,1786.367,1789.187,1779.2128877008577,1819.1093368974266,1779.2128877008577,-0.9999999999999998,-1.0350908421223846,22,SL,1789.318,4.987056149571118,0.5917318577321021,1.5439970533843372,0.9526662338479099,0.6170129870129804,0.6415584415584449,0.3584415584415551,0.6415584415584449,1.2199426977362027,1.7366959064106178,2.566644452379134,0.6666666666666666,2.111466100277524,2.8375457535638615,0.5,2.644846900537581,2.73107011260966,0.5833333333333334,8.075104589200029,5.742866962198307,0.5833333333333334,False,True,0.06436663040730319,2.8052621788112684,False,True,0.06436663040730319,2.9436203563223424,False,True,0.06436663040730319,2.9436203563223424,False,True,0.06436663040730319,2.9436203563223424,False
XAUUSD,body60_plus_early1,実体60%以上で入る。さらに1本以内にブレイク水準内へ戻れば撤退,1,2022-12-13 13:00:00,2022-12-13 14:00:00,2022-12-14 19:00:00,long,3m,1809.758,1810.858,1800.9049387190346,1840.717183842896,1800.9049387190346,-0.9999999999999989,-1.0351650602884843,28,SL,1810.867,4.976530640482684,0.2228460106280707,5.364982540810851,4.405076866536436,0.821079441177578,0.9127308138881628,0.08726918611183719,0.9127308138881628,1.2504752786952935,1.5185277748570332,4.774209527964562,1.0,1.5185277748570332,4.623502126728255,0.6666666666666666,1.802460518786238,5.373020268876826,0.75,3.4483862834883654,4.350219372486393,0.5416666666666666,False,True,0.025921673012625806,2.7109247334386883,True,False,0.4485052260792439,2.7109247334386883,True,False,0.9643264247107124,2.7109247334386883,True,True,1.1357309757168188,2.7109247334386883,True
XAUUSD,body60_plus_early1,実体60%以上で入る。さらに1本以内にブレイク水準内へ戻れば撤退,1,2022-12-27 15:00:00,2022-12-27 16:00:00,2022-12-27 17:00:00,long,3m,1824.358,1824.525,1814.4711874723812,1854.686437582857,1820.675,-0.3829393067976696,-0.4177519710520155,1,early_back_inside,1824.495,5.0269062638094875,0.027253342873380406,5.0388844889270645,3.278358325207943,0.6506119226213911,0.655744176865375,0.34425582313462505,0.655744176865375,1.290095709879236,1.847458359599874,3.1285644041593157,0.3333333333333333,1.847458359599874,3.1782967816655048,0.6666666666666666,1.847458359599874,3.9978863629675248,0.6666666666666666,4.0601512996052485,6.117082433261258,0.6666666666666666,True,False,1.1358875022413208,0.35608382294435187,True,False,2.760544810613535,0.35608382294435187,True,False,2.760544810613535,0.35608382294435187,True,False,2.760544810613535,0.35608382294435187,True
XAUUSD,body60_plus_early1,実体60%以上で入る。さらに1本以内にブレイク水準内へ戻れば撤退,1,2023-04-04 14:00:00,2023-04-04 15:00:00,2023-04-06 13:00:00,long,3m,2009.695,2016.035,2002.6359012133996,2056.2322963598017,2002.6359012133996,-0.9999999999999989,-1.0261211597566646,44,SL,2015.995,6.699549393300238,0.9403617512395915,4.8619687814487795,3.5405366253020767,0.7282104810732785,0.7282104810732785,0.2717895189267216,0.7282104810732785,1.3914152023090942,2.1941774195590695,5.088401920596481,0.6666666666666666,2.1941774195590695,5.283937459346294,0.5,2.4315068139195275,5.264533169241368,0.5833333333333334,3.107671692191806,5.988611717695841,0.5,False,True,0.0791097981201526,1.0493243033673911,False,True,0.0791097981201526,1.3214321561467024,False,True,0.0791097981201526,1.3214321561467024,False,True,0.0791097981201526,1.3214321561467024,False
XAUUSD,body60_plus_early1,実体60%以上で入る。さらに1本以内にブレイク水準内へ戻れば撤退,1,2023-05-18 12:00:00,2023-05-18 13:00:00,2023-05-19 15:00:00,short,3m,1971.515,1966.878,1974.7364007249291,1943.3027978252123,1974.7364007249291,-1.0000000000000042,-1.0445383243043163,25,SL,1966.918,3.929200362464582,1.169958153296298,2.3447518960883764,1.8214902116905387,0.7768370780419168,0.9150113969391181,0.08498860306088188,0.9150113969391181,0.9236894625745474,1.3106992580978398,2.6483760154885654,0.6666666666666666,2.3847091356070678,2.635905284683368,0.6666666666666666,3.5299803320032184,4.203399795484202,0.6666666666666666,4.204417814325419,5.193423118591122,0.6666666666666666,False,True,0.2995520440352052,2.657029175639025,False,True,0.2995520440352052,3.207522864040111,False,True,0.2995520440352052,3.8259693100940484,False,True,0.2995520440352052,3.8259693100940484,False
XAUUSD,body60_plus_early1,実体60%以上で入る。さらに1本以内にブレイク水準内へ戻れば撤退,1,2023-11-27 01:00:00,2023-11-27 02:00:00,2023-11-28 16:00:00,long,3m,2009.395,2011.965,2004.1942433441454,2035.2772699675634,2035.2772699675634,2.9999999999999956,2.95495934109113,37,TP,2011.905,3.885378327927248,0.6460117363497555,4.130871859925731,2.519703146957811,0.6099688473520244,0.6149532710280323,0.3850467289719677,0.6149532710280323,1.0520649198581387,1.2140387889887347,2.9340772089191836,0.6666666666666666,1.831739254024383,2.8071912383931314,0.6666666666666666,3.1067759639354064,4.806996493945963,0.6666666666666666,3.719071549902004,5.515550402380618,0.5416666666666666,False,False,1.1908750215499198,0.023163767438814868,False,False,1.1908750215499198,0.023163767438814868,False,True,1.1908750215499198,0.4426853332755383,False,False,1.1908750215499198,0.4426853332755383,False
XAUUSD,body60_plus_early1,実体60%以上で入る。さらに1本以内にブレイク水準内へ戻れば撤退,1,2024-02-13 14:00:00,2024-02-13 15:00:00,2024-02-15 14:00:00,short,3m,2001.755,1995.645,2005.8616777701372,1964.9949666895882,2005.8616777701372,-0.999999999999999,-1.0342577115452496,45,SL,1995.615,5.108338885068639,1.2019562793586274,2.6290346631573582,1.7011400761606463,0.6470588235294128,0.7617274758004445,0.2382725241995555,0.7617274758004445,1.5281328982516098,5.85708988247714,6.254479336401885,0.3333333333333333,5.85708988247714,5.96279939238815,0.3333333333333333,5.85708988247714,4.546096201228811,0.3333333333333333,5.85708988247714,4.570957511893059,0.4166666666666667,False,True,0.04502442088802959,1.1021195199982237,False,True,0.4189228726103487,1.1021195199982237,False,True,0.4189228726103487,1.1021195199982237,False,True,0.4189228726103487,1.1021195199982237,False
XAUUSD,body60_plus_early1,実体60%以上で入る。さらに1本以内にブレイク水準内へ戻れば撤退,1,2024-11-11 13:00:00,2024-11-11 14:00:00,2024-11-13 16:00:00,short,3m,2637.955,2635.375,2651.9409643083973,2585.6771070748086,2585.6771070748086,3.0000000000000027,2.9788723437112288,48,TP,2635.385,8.282982154198551,0.31027472378375276,2.8142038176654003,2.6246585583889033,0.9326469326469254,0.9476619476619366,0.052338052338063386,0.9476619476619366,0.9431662304236379,2.252811807706396,3.1896724522830966,0.6666666666666666,2.252811807706396,4.113252855764032,0.6666666666666666,3.4009490151709447,4.518903856508611,0.6666666666666666,5.718954733711284,6.810349092857366,0.625,False,True,0.019316714321152107,2.14415528964986,False,True,0.019316714321152107,2.663291987031317,False,True,0.019316714321152107,2.749009906831512,False,True,0.019316714321152107,3.002541782296853,False
XAUUSD,body60_plus_early1,実体60%以上で入る。さらに1本以内にブレイク水準内へ戻れば撤退,1,2024-12-12 00:00:00,2024-12-12 01:00:00,2024-12-12 01:00:00,long,3m,2721.185,2724.915,2711.19320518583,2766.080384442511,2711.19320518583,-0.9999999999999911,-1.0255068673405863,0,SL,2723.575,6.860897407085138,0.3483509311087728,0.6704662272386647,0.6500607333662017,0.9695652173913314,0.9717391304347583,0.028260869565241677,0.9717391304347583,0.9530182927991837,0.6267401689404635,0.9488554650703553,0.6666666666666666,1.1485377979654032,0.8176772901758181,0.6666666666666666,4.470406446877756,3.9660992411720697,0.75,6.800859600642808,4.048595737827997,0.625,True,False,3.7444081256002972,0.30608240808727555,True,False,3.7444081256002972,0.30608240808727555,True,False,3.7444081256002972,0.30608240808727555,True,False,3.7444081256002972,0.30608240808727555,True
XAUUSD,body60_plus_early1,実体60%以上で入る。さらに1本以内にブレイク水準内へ戻れば撤退,1,2024-12-18 19:00:00,2024-12-18 20:00:00,2024-12-19 07:00:00,short,3m,2605.085,2604.465,2618.3869043607624,2562.699286917714,2618.3869043607624,-1.0000000000000073,-1.0251402387870485,10,SL,2604.435,6.960952180381076,0.09337802978047564,4.568771509396985,4.502688596013884,0.9855359557274459,0.9855359557274459,0.014464044272554101,0.9855359557274459,1.133850922613353,0.9869339455257964,4.342796677328285,0.6666666666666666,2.070119090979157,5.650089094254748,0.6666666666666666,2.3718019564237154,5.762142729991332,0.6666666666666666,2.6576823860593195,6.136085824635255,0.5833333333333334,False,True,0.6895608353019036,2.5049733927414097,False,True,0.6895608353019036,3.007778168482362,False,True,0.6895608353019036,3.1850527665578756,True,False,1.941257409882128,3.1850527665578756,False
USDJPY,body60_plus_early1,実体60%以上で入る。さらに1本以内にブレイク水準内へ戻れば撤退,1,2015-03-06 13:00:00,2015-03-06 14:00:00,2015-03-10 03:00:00,long,3m,120.476,120.765,120.4191456123355,121.80256316299351,121.80256316299351,3.0000000000000124,2.971086097627632,38,TP,120.765,0.17292719383225047,1.671223557125136,5.933132766817904,4.724531647651354,0.7962962962963063,0.8460038986354758,0.1539961013645242,0.8460038986354758,1.3085366331492994,0.896330973544625,3.990118527392159,0.3333333333333333,1.4746090209927332,3.8108523326832837,0.3333333333333333,1.5150884843140497,4.365999258233438,0.4166666666666667,2.683210140159366,3.018611407679328,0.4583333333333333,False,True,0.06939336569377955,1.9777109222726348,False,True,0.06939336569377955,2.978131944357929,False,True,0.06939336569377955,2.978131944357929,False,False,0.8731998516466711,2.978131944357929,False
USDJPY,body60_plus_early1,実体60%以上で入る。さらに1本以内にブレイク水準内へ戻れば撤退,1,2015-03-26 06:00:00,2015-03-26 07:00:00,2015-03-26 12:00:00,short,3m,118.679,118.603,118.94769664898442,117.56891005304672,118.94769664898442,-0.9999999999999943,-1.0290110160033519,5,SL,118.602,0.17234832449221313,0.4467696464521018,2.07718874584223,1.7928807890091119,0.8631284916201292,0.9497206703910581,0.050279329608941874,0.9497206703910581,1.0216389070194947,2.843079568331677,4.154377491684542,0.6666666666666666,3.8468607220487714,4.56053171573196,0.8333333333333334,4.65336696694282,5.918247264690296,0.5833333333333334,5.2393894902111695,6.550687413564035,0.5,False,False,0.707868790482567,0.34813219204062024,False,True,0.707868790482567,1.5898036769854442,False,True,0.707868790482567,1.5898036769854442,True,False,2.45433195388629,1.5898036769854442,False
USDJPY,body60_plus_early1,実体60%以上で入る。さらに1本以内にブレイク水準内へ戻れば撤退,1,2015-05-19 14:00:00,2015-05-19 15:00:00,2015-05-20 18:00:00,long,3m,120.505,120.677,120.41588838175579,121.46033485473266,121.46033485473266,3.0000000000000124,2.9617022020420607,27,TP,120.678,0.13055580912210912,1.3251038093463505,2.5353142248186282,1.8612729807581108,0.7341389728096773,0.9123867069486485,0.08761329305135147,0.9123867069486485,1.028686434473961,3.2246745880624132,4.251055573336457,0.6666666666666666,3.929354070489357,5.101266688003792,0.6666666666666666,4.825522542706278,5.346372594934879,0.6666666666666666,5.484244667583636,6.40339181857535,0.625,False,False,0.8731897934421278,0.3370206220302586,False,False,1.263827332613497,0.3370206220302586,False,True,1.263827332613497,0.3370206220302586,False,True,1.263827332613497,0.4672331350874906,False
USDJPY,body60_plus_early1,実体60%以上で入る。さらに1本以内にブレイク水準内へ戻れば撤退,1,2015-12-09 13:00:00,2015-12-09 14:00:00,2015-12-09 18:00:00,short,3m,122.223,122.093,122.38621499438587,121.21335501684241,121.21335501684241,2.999999999999984,2.9658953321233095,4,TP,122.101,0.14660749719293242,0.8321538961916144,3.3763621197937823,2.660164094383036,0.7878787878788044,0.8040404040404119,0.19595959595958806,0.8040404040404119,1.03006934595258,1.9644288696983134,3.819722802191036,1.0,2.6942687622598074,4.269904418163566,0.6666666666666666,4.119843879506121,5.333970055916723,0.6666666666666666,4.399502156095084,4.917893107820964,0.625,False,True,0.4501816159725302,1.841652065342072,False,True,1.1049912392053014,1.841652065342072,False,True,1.1049912392053014,2.3259383491912766,False,True,1.1049912392053014,6.998277848299951,False
USDJPY,body60_plus_early1,実体60%以上で入る。さらに1本以内にブレイク水準内へ戻れば撤退,1,2016-01-20 08:00:00,2016-01-20 09:00:00,2016-01-20 09:00:00,short,long,116.182,116.093,116.62856034817688,114.4863189554694,116.62856034817688,-1.0000000000000129,-1.018672032076384,0,SL,116.093,0.2677801740884328,0.33236217095970266,3.0584788541123764,2.5618028008804172,0.8376068376068262,0.910866910866902,0.089133089133098,0.910866910866902,1.19486028633367,2.1771589401068434,2.976321912976248,0.6666666666666666,3.5812957522512447,4.257223313416483,0.8333333333333334,4.712820896080352,5.515718275364999,0.75,6.341022093141418,6.475460724091365,0.625,True,False,3.2377303620456557,0.44439436341803534,True,False,3.2377303620456557,0.44439436341803534,True,False,3.2377303620456557,0.44439436341803534,True,False,3.2377303620456557,0.44439436341803534,True
USDJPY,body60_plus_early1,実体60%以上で入る。さらに1本以内にブレイク水準内へ戻れば撤退,1,2016-03-17 11:00:00,2016-03-17 12:00:00,2016-03-17 12:00:00,short,3m,111.042,110.764,111.37621735986453,108.92734792040639,111.37621735986453,-0.9999999999999953,-1.0163340680215287,0,SL,110.764,0.30610867993226665,0.9081741819981043,1.9960231122331693,1.7412116510970528,0.8723404255319313,0.9885433715221098,0.01145662847789019,0.9885433715221098,1.4453158731652695,2.172431046865944,3.0904056696769313,1.0,3.78297015379059,4.622541250098189,0.8333333333333334,6.004403404721181,6.631631616748613,0.75,8.817129918031766,8.96740334383003,0.625,True,False,4.031247987718149,0.3201477332223433,True,False,4.031247987718149,0.3201477332223433,True,False,4.031247987718149,0.3201477332223433,True,False,4.031247987718149,0.3201477332223433,True
USDJPY,body60_plus_early1,実体60%以上で入る。さらに1本以内にブレイク水準内へ戻れば撤退,1,2016-04-05 06:00:00,2016-04-05 07:00:00,2016-04-05 07:00:00,short,3m,110.666,110.417,110.7925832735009,109.29025017949732,110.7925832735009,-0.9999999999999981,-1.0266252538532348,0,SL,110.419,0.18779163675044722,1.3152875403510838,2.689150639179318,1.8424675666456678,0.6851485148514985,0.8257425742574364,0.17425742574256367,0.8257425742574364,1.0231806130566488,1.8477926174163453,2.2897718313804662,0.3333333333333333,3.003328634647858,2.880852466922803,0.6666666666666666,3.519858559401087,4.419792139641286,0.5833333333333334,5.490127344542412,5.3197257198815615,0.5833333333333334,False,False,2.1513205113434544,0.6549812447901652,False,False,2.1513205113434544,0.6549812447901652,False,True,2.1513205113434544,0.6549812447901652,False,False,2.1513205113434544,0.8200578186804137,False
USDJPY,body60_plus_early1,実体60%以上で入る。さらに1本以内にブレイク水準内へ戻れば撤退,1,2016-08-16 02:00:00,2016-08-16 03:00:00,2016-08-16 12:00:00,short,3m,100.679,100.615,100.95301035762344,99.60096892712967,99.60096892712967,3.000000000000017,2.970415107778663,9,TP,100.615,0.16900517881171973,0.3786866204337228,2.7632289334770044,1.710006770395847,0.6188436830835166,0.8158458244111376,0.18415417558886243,0.8158458244111376,0.9951705701658489,2.4082102268204157,3.8401190103352962,0.6666666666666666,2.4082102268204157,3.7809492258925874,0.5,2.4082102268204157,2.43187814059755,0.5833333333333334,3.1774174245763023,4.331228221210216,0.5833333333333334,False,True,0.0,1.573916266177432,False,True,0.0,1.573916266177432,False,True,0.0,2.254368787269255,False,True,0.0,2.7868968472540545,False
USDJPY,body60_plus_early1,実体60%以上で入る。さらに1本以内にブレイク水準内へ戻れば撤退,1,2016-08-30 13:00:00,2016-08-30 14:00:00,2016-09-01 12:00:00,long,3m,102.655,102.72,102.37421573274955,103.75735280175135,103.75735280175135,2.999999999999987,2.971080234275805,46,TP,102.72,0.17289213362522635,0.37595695441469007,1.567451302252075,1.1336548163889395,0.723247232472315,0.9520295202951838,0.0479704797048162,0.9520295202951838,1.2171854526525097,2.267309632777879,2.2846614922124044,1.0,2.267309632777879,2.0128156944048667,0.8333333333333334,3.7364337315676703,2.967167963303765,0.75,4.6502983284526485,2.7415937906549344,0.5416666666666666,False,True,0.5726113613393389,0.7172101899603293,False,True,0.5726113613393389,1.3650129421826391,False,True,0.5726113613393389,2.2152540544743027,False,True,0.5726113613393389,2.4003405551092953,False
USDJPY,body60_plus_early1,実体60%以上で入る。さらに1本以内にブレイク水準内へ戻れば撤退,1,2016-10-05 14:00:00,2016-10-05 15:00:00,2016-10-07 13:00:00,long,3m,103.357,103.551,103.16165229493437,104.71904311519691,103.16165229493437,-0.9999999999999841,-1.0256839834160545,46,SL,103.551,0.19467385253281885,0.996538556544451,2.326968897498109,2.0393082832378724,0.876379690949234,0.8962472406181088,0.10375275938189125,0.8962472406181088,1.054253283663333,1.7670580590272198,2.5221671714604046,0.6666666666666666,2.126633826852497,3.5187057280048557,0.8333333333333334,2.4040208477463203,3.4056962009740146,0.75,2.98961566963328,3.5392529147377556,0.7083333333333334,False,False,0.6626467721352439,0.03082078009931367,False,False,0.6626467721352439,0.1181463237140114,False,False,0.6626467721352439,0.1181463237140114,False,False,0.6626467721352439,0.5958684152533733,False
USDJPY,body60_plus_early1,実体60%以上で入る。さらに1本以内にブレイク水準内へ戻れば撤退,1,2016-10-25 12:00:00,2016-10-25 13:00:00,2016-10-25 15:00:00,long,3m,104.635,104.758,104.51706345498447,105.4808096350466,104.51706345498447,-0.9999999999999815,-1.0415047040677938,2,SL,104.759,0.12046827250776683,1.029316660882646,2.49028224407099,1.709993807595455,0.6866666666666834,0.9033333333333445,0.09666666666665545,0.9033333333333445,0.9072533886570113,1.543974991323969,2.606495415461054,0.6666666666666666,2.0005267360703782,2.523486007325311,0.6666666666666666,2.7808151725459136,2.398971895121756,0.5833333333333334,5.785755747058345,6.831674289568093,0.5416666666666666,False,True,0.03320376325432076,0.9546081935605129,True,False,1.2119373587812334,0.9546081935605129,True,False,4.382896749565033,0.9546081935605129,True,False,5.345805883939155,0.9546081935605129,True
USDJPY,body60_plus_early1,実体60%以上で入る。さらに1本以内にブレイク水準内へ戻れば撤退,1,2016-11-03 03:00:00,2016-11-03 04:00:00,2016-11-03 10:00:00,short,3m,102.808,102.607,103.0477803741989,101.28465887740332,103.0477803741989,-0.9999999999999957,-1.0226870355064326,6,SL,102.607,0.22039018709944808,0.9120188273596278,1.547255821540377,1.102589925613814,0.7126099706744847,0.8269794721407667,0.17302052785923325,0.8269794721407667,1.2366343846154242,2.722444260774944,2.9175527661304432,1.0,2.722444260774944,3.307769776841506,0.5,2.9175527661304432,2.822267217003318,0.4166666666666667,4.94577374040776,5.335990751118823,0.4583333333333333,False,False,0.6806110651937521,0.21779554086200067,True,False,1.0617532617021888,0.21779554086200067,True,False,1.093515111411252,0.21779554086200067,True,False,1.719677291389504,0.21779554086200067,True
USDJPY,body60_plus_early1,実体60%以上で入る。さらに1本以内にブレイク水準内へ戻れば撤退,1,2017-04-11 14:00:00,2017-04-11 15:00:00,2017-04-14 14:00:00,short,3m,110.109,109.734,110.11890020959399,108.57929937121801,108.57929937121801,2.999999999999992,2.974019239920544,71,TP,109.734,0.19245010479699737,1.9485570059603876,3.7931909716029084,3.018964321234643,0.795890410958904,0.8589041095890495,0.1410958904109505,0.8589041095890495,1.0373082888906726,2.2707184309458257,4.4063369094784175,1.0,2.7591567204399396,4.785656006638745,0.8333333333333334,3.0501412333300104,4.9467367191315015,0.6666666666666666,5.585863417086459,7.300593582331591,0.6666666666666666,False,False,0.39490755320801146,0.46245752941459156,False,False,0.5975574818278995,0.46245752941459156,False,True,0.9612881229404696,0.46245752941459156,False,True,0.9612881229404696,0.6754997620662441,False
USDJPY,body60_plus_early1,実体60%以上で入る。さらに1本以内にブレイク水準内へ戻れば撤退,1,2017-06-06 00:00:00,2017-06-06 01:00:00,2017-06-06 11:00:00,short,3m,110.237,110.168,110.42544441862248,109.3956667441326,109.3956667441326,2.9999999999999813,2.961156664209294,10,TP,110.168,0.1287222093112356,0.5360380339118814,2.2917568116525344,1.755718777740653,0.7661016949152837,0.9389830508474527,0.061016949152547274,0.9389830508474527,0.8773786628049041,1.3672854198334496,2.6102721651365455,0.6666666666666666,1.3672854198334496,2.3383688146014037,0.5,2.5947348308202924,3.705654234434853,0.5833333333333334,3.278377540736962,2.252913475861847,0.5,False,True,0.1709106774791122,2.0975401326990983,False,True,0.1709106774791122,3.4104448824254976,False,True,0.1709106774791122,3.4104448824254976,False,True,0.1709106774791122,4.622356959096088,False
USDJPY,body60_plus_early1,実体60%以上で入る。さらに1本以内にブレイク水準内へ戻れば撤退,1,2018-02-14 02:00:00,2018-02-14 03:00:00,2018-02-15 20:00:00,short,long,107.318,107.214,107.58864043988835,106.09007868033493,106.09007868033493,3.0000000000000098,2.973307740074811,41,TP,107.216,0.1873202199441781,0.544522102474576,2.802687292148401,2.439672557165452,0.8704761904762196,0.9123809523809657,0.08761904761903432,0.9123809523809657,0.8889492468690761,1.414689776036838,2.9361485917746237,0.6666666666666666,1.414689776036838,3.1710404791165727,0.3333333333333333,2.6265183766419207,2.204780669823503,0.3333333333333333,7.105479592094383,7.83684751404558,0.625,False,True,-0.005338451984994287,1.9485349745412737,False,True,-0.005338451984994287,2.007257946376742,False,True,0.26158414726722357,2.007257946376742,True,False,1.5161203637527156,2.007257946376742,False
USDJPY,body60_plus_early1,実体60%以上で入る。さらに1本以内にブレイク水準内へ戻れば撤退,1,2018-03-02 10:00:00,2018-03-02 11:00:00,2018-03-05 16:00:00,short,3m,105.55,105.538,105.9518958981677,104.29631230549687,105.9518958981677,-1.0000000000000024,-1.0241606646605133,29,SL,105.535,0.20694794908385408,0.07248199398160093,1.0823977767918844,1.0727335109276939,0.9910714285714495,0.9910714285714495,0.008928571428550471,0.9910714285714495,1.2668040811787062,1.6912465262373322,0.9809229852176431,0.6666666666666666,2.5417019222880937,2.6335124479980756,0.5,3.2182005327830128,2.705994441979677,0.5,7.6106093680678235,5.94352350649107,0.5416666666666666,False,True,0.26093517833376334,1.2660188282119171,False,True,0.26093517833376334,1.377157885650349,False,True,0.26093517833376334,1.377157885650349,True,False,0.6813307434270488,1.377157885650349,False
USDJPY,body60_plus_early1,実体60%以上で入る。さらに1本以内にブレイク水準内へ戻れば撤退,1,2018-03-22 22:00:00,2018-03-22 23:00:00,2018-03-26 19:00:00,short,3m,105.25,104.848,105.3347280732594,103.38781578022181,105.3347280732594,-1.0000000000000082,-1.0205453528353718,44,SL,104.847,0.24336403662969783,1.6559554385318225,2.827040550148589,1.914826884257647,0.6773255813953584,0.6976744186046545,0.3023255813953455,0.6976744186046545,1.620868937075002,1.6395191562634968,2.198352753385931,0.6666666666666666,2.272316023593251,3.172202477783022,0.5,2.280534164727385,3.1516571249476586,0.5833333333333334,3.3201290181977203,4.58161368229025,0.5833333333333334,False,False,0.5834880205248938,0.8300322545494301,False,True,0.9985041477996088,0.8300322545494301,False,False,0.9985041477996088,0.8300322545494301,False,True,0.9985041477996088,0.8300322545494301,False
USDJPY,body60_plus_early1,実体60%以上で入る。さらに1本以内にブレイク水準内へ戻れば撤退,1,2018-04-05 14:00:00,2018-04-05 15:00:00,2018-04-05 23:00:00,long,3m,107.291,107.456,107.15104622039965,108.37086133880105,107.15104622039965,-1.0000000000000093,-1.0327918545987493,8,SL,107.455,0.1524768898001753,1.0755728308396604,2.4921809495064777,2.131470548920058,0.8552631578947546,0.9052631578947321,0.09473684210526788,0.9052631578947321,1.1977973699742601,1.1345981691174483,2.708607189858367,1.0,1.2788823293520721,2.2298461127163716,0.6666666666666666,2.0986786943213183,3.1480180414819308,0.5833333333333334,5.994351020655136,5.9287673114575625,0.6666666666666666,False,True,0.40661899702473037,0.19675112759262647,False,False,0.7542126557716727,0.19675112759262647,False,False,0.8853800741668192,0.19675112759262647,False,False,0.8853800741668192,0.2229846112716744,False
USDJPY,body60_plus_early1,実体60%以上で入る。さらに1本以内にブレイク水準内へ戻れば撤退,1,2018-05-15 11:00:00,2018-05-15 12:00:00,2018-05-17 12:00:00,long,3m,110.036,110.101,109.87308003889598,110.78475988331205,110.78475988331205,2.9999999999999964,2.956124948637439,48,TP,110.102,0.11395998055200839,0.5791506779863113,2.3692527735802393,1.7286770236863722,0.7296296296296505,0.8518518518518792,0.14814814814812086,0.8518518518518792,0.9250061533055428,1.4040016436032203,1.22850143815274,0.6666666666666666,1.6321519106885707,1.9743773113169703,0.5,3.00105351320167,3.264303821377266,0.5,5.098280968333752,5.256231153239234,0.5833333333333334,False,True,0.8687260169794668,1.7462270442313705,False,True,0.8687260169794668,2.4131278249427974,False,True,0.8687260169794668,2.4131278249427974,False,True,0.8687260169794668,2.5710780098481547,False
USDJPY,body60_plus_early1,実体60%以上で入る。さらに1本以内にブレイク水準内へ戻れば撤退,1,2018-09-13 14:00:00,2018-09-13 15:00:00,2018-09-21 02:00:00,long,3m,111.826,111.849,111.5877831276136,112.6326506171592,112.6326506171592,3.000000000000025,2.961717633671104,131,TP,111.848,0.1306084361931983,0.1684424118474459,2.4577279183190224,1.9141183164477642,0.7788161993769175,0.7912772585669634,0.20872274143303657,0.7912772585669634,1.1768534601290954,2.1974078272820803,2.1361560411556773,0.6666666666666666,2.1974078272820803,2.687422116292654,0.6666666666666666,2.5572620707742373,3.7822977933007804,0.75,4.1574649833245925,4.486693333753548,0.6666666666666666,False,True,0.2220377247079128,0.8422120592370119,False,True,0.2220377247079128,0.8422120592370119,False,True,0.3521977702263294,0.8422120592370119,False,True,0.3521977702263294,1.148470989868702,False
USDJPY,body60_plus_early1,実体60%以上で入る。さらに1本以内にブレイク水準内へ戻れば撤退,1,2018-10-15 08:00:00,2018-10-15 09:00:00,2018-10-15 10:00:00,short,3m,111.663,111.656,111.9476694675189,110.78099159744329,111.726,-0.23999769532083728,-0.27428308036664334,1,early_back_inside,111.655,0.14583473375945286,0.054856616073309175,1.2959875547325992,0.9462766272651436,0.7301587301587851,0.9523809523809488,0.0476190476190512,0.9523809523809488,0.9577119691796682,2.3725486451719617,1.8171254074293774,1.0,3.3668248115012145,3.154255424216983,1.0,3.7645352780328767,3.4422526586020266,0.6666666666666666,4.6490982122155105,4.12796035951883,0.625,True,False,0.7474213939992151,0.20571231027503123,True,False,1.007990320347653,0.20571231027503123,True,False,1.5771277121085403,0.20571231027503123,True,False,1.878839100511887,0.20571231027503123,True
USDJPY,body60_plus_early1,実体60%以上で入る。さらに1本以内にブレイク水準内へ戻れば撤退,1,2018-10-26 14:00:00,2018-10-26 15:00:00,2018-10-26 16:00:00,short,3m,111.625,111.396,111.76268372052034,110.29594883843899,111.643,-0.6736050339226938,-0.7008764927859359,1,early_back_inside,111.398,0.18334186026016755,1.2381242323923414,2.3289825869230354,1.8817306615654146,0.8079625292739894,0.9508196721311465,0.04918032786885355,0.9508196721311465,1.374275872962678,2.4598855894666443,3.365298023727168,0.3333333333333333,2.4598855894666443,3.294392230682645,0.5,3.7743699066761103,4.608876547892111,0.5833333333333334,5.083399932112974,6.157895411325708,0.5416666666666666,True,False,1.5762903222968387,0.038180042408523525,True,False,3.681646946541025,0.038180042408523525,True,False,3.828912824402672,0.038180042408523525,True,False,3.828912824402672,0.038180042408523525,True
USDJPY,body60_plus_early1,実体60%以上で入る。さらに1本以内にブレイク水準内へ戻れば撤退,1,2018-11-06 06:00:00,2018-11-06 07:00:00,2018-11-06 08:00:00,long,3m,113.392,113.417,113.25662469491496,113.89812591525514,113.335,-0.5113006641298296,-0.5736544036577949,1,early_back_inside,113.416,0.0801876525425228,0.29929794973451707,1.1473088073155897,0.9976598324483311,0.8695652173912977,0.8695652173912977,0.13043478260870237,0.8695652173912977,0.6394429426334001,1.1847210510324042,1.5214312444837361,0.6666666666666666,1.5837849840117013,1.8456706900294038,0.8333333333333334,2.743564539232955,3.105216228495437,0.75,3.541692405191549,1.334370025899663,0.6666666666666666,True,False,0.9976598324483311,0.3865931850738103,True,False,2.1948516313863995,0.3865931850738103,True,False,3.0428624889674722,0.3865931850738103,True,False,3.9282855902653595,0.3865931850738103,True
USDJPY,body60_plus_early1,実体60%以上で入る。さらに1本以内にブレイク水準内へ戻れば撤退,1,2019-02-25 17:00:00,2019-02-25 18:00:00,2019-02-25 19:00:00,long,3m,111.128,111.191,110.99229705169736,111.78710884490792,111.098,-0.4680353300966468,-0.5183617096768837,1,early_back_inside,111.191,0.0993514741513205,0.634112382711586,1.7211621816455902,1.147441454430489,0.666666666666722,0.7485380116959409,0.2514619883040591,0.7485380116959409,1.0710347198037486,3.261149396802299,3.6838909852766895,1.0,3.9757839868422926,4.630026921386087,0.6666666666666666,5.09302961352461,5.65668506482375,0.6666666666666666,5.294335131845702,6.170014136542654,0.5833333333333334,True,False,1.0065275916057397,0.03019582774817076,True,False,1.0870497989341474,0.03019582774817076,True,False,1.751358009393904,0.03019582774817076,True,False,1.8620760444704825,0.03019582774817076,True
USDJPY,body60_plus_early1,実体60%以上で入る。さらに1本以内にブレイク水準内へ戻れば撤退,1,2019-05-31 04:00:00,2019-05-31 05:00:00,2019-06-03 01:00:00,short,3m,109.019,109.016,109.3001272712331,108.16361818630074,108.16361818630074,2.999999999999992,2.964804504838293,20,TP,109.014,0.14206363561654495,0.03519549516179886,1.5908363813102273,1.20368593453124,0.7566371681416246,0.8628318584071158,0.13716814159288418,0.8628318584071158,1.3969155449468953,1.9287131348628561,2.301785383577184,0.6666666666666666,3.498432219076044,3.9982082503726075,0.8333333333333334,4.1530684290842625,4.772509143930682,0.6666666666666666,5.631279225876914,4.709157252639664,0.625,False,True,0.0844691883881572,0.8728482800108911,False,True,0.0844691883881572,1.0136302606577865,False,True,0.0844691883881572,1.8160875503452798,False,True,0.0844691883881572,2.146925204865529,False
USDJPY,body60_plus_early1,実体60%以上で入る。さらに1本以内にブレイク水準内へ戻れば撤退,1,2019-06-20 00:00:00,2019-06-20 01:00:00,2019-06-25 04:00:00,short,3m,107.815,107.642,107.92834605485099,106.78296183544701,106.78296183544701,2.999999999999993,2.965077220968885,75,TP,107.641,0.14317302742549776,1.2153127102836176,3.5830771285949967,3.2897257847333106,0.9181286549707303,0.9317738791422798,0.06822612085772016,0.9317738791422798,1.5180795673108132,1.0127605919031304,3.045266331515355,0.3333333333333333,3.394494121826735,2.2699806370240183,0.3333333333333333,4.134857037286963,5.7762276517505375,0.5,5.007926513065462,6.307053893023819,0.5833333333333334,False,False,0.2095366741868477,0.6286100225605432,False,True,1.0406988151279772,0.6286100225605432,False,True,1.0406988151279772,0.6286100225605432,False,True,1.0406988151279772,1.2222972660899782,False
USDJPY,body60_plus_early1,実体60%以上で入る。さらに1本以内にブレイク水準内へ戻れば撤退,1,2020-01-02 15:00:00,2020-01-02 16:00:00,2020-01-02 17:00:00,short,3m,108.427,108.272,108.48595019113746,107.63014942658762,108.432,-0.7478376118729388,-0.794577462614956,1,early_back_inside,108.271,0.1069750955687298,1.458283343152317,4.393545969753599,3.757883999661607,0.8553191489361744,0.8723404255319097,0.12765957446809026,0.8723404255319097,1.7092385410079187,1.5985028953783684,4.814204626432152,0.6666666666666666,2.1406851639863254,5.3002990741495015,0.6666666666666666,2.1406851639863254,4.066367014559213,0.5,2.8885227758592644,5.188123432368554,0.5416666666666666,True,False,1.6171988356752816,0.11217564178094747,True,False,2.6361275818521324,0.11217564178094747,True,False,2.6828674325942825,0.11217564178094747,True,False,2.795043074375097,0.11217564178094747,True
USDJPY,body60_plus_early1,実体60%以上で入る。さらに1本以内にブレイク水準内へ戻れば撤退,1,2020-01-13 09:00:00,2020-01-13 10:00:00,2020-01-17 00:00:00,long,3m,109.707,109.848,109.70838979397175,110.26683061808474,110.26683061808474,2.9999999999999627,2.9283719988352948,86,TP,109.848,0.06980510301412429,2.0199096328455464,2.8651200465893596,2.249119236572565,0.7849999999999713,0.8349999999999961,0.16500000000000392,0.8349999999999961,0.6047899819754575,1.1746992191015295,3.208934452180091,0.6666666666666666,1.432560023294578,3.3808416549754567,0.6666666666666666,3.5814000582366488,5.687263292479878,0.6666666666666666,3.8106096619636673,2.979724848452869,0.5416666666666666,False,True,0.22920960372722207,1.0744200174710352,False,True,0.22920960372722207,1.0744200174710352,False,True,0.22920960372722207,1.0744200174710352,False,True,0.7019544114142741,1.3036296211980538,False
USDJPY,body60_plus_early1,実体60%以上で入る。さらに1本以内にブレイク水準内へ戻れば撤退,1,2020-02-28 15:00:00,2020-02-28 16:00:00,2020-02-28 16:00:00,short,3m,108.308,107.928,108.46911335523119,106.30465993430641,108.46911335523119,-0.9999999999999891,-1.0184804161703096,0,SL,107.929,0.2705566776155977,1.4008155457115776,2.6094347632516235,1.8036886182249088,0.6912181303116111,0.7492917847025412,0.25070821529745885,0.7492917847025412,1.4248071851782083,1.7962964517567386,2.7720624255505797,1.0,1.7962964517567386,2.7794545920186975,0.6666666666666666,3.5112790723640255,4.490741129391951,0.75,7.2628035549424785,7.6952452933283855,0.6666666666666666,False,False,2.1030713601843827,0.47309865396063266,False,False,2.1030713601843827,0.47309865396063266,False,False,2.1030713601843827,0.47309865396063266,False,False,2.1030713601843827,1.5486588750742458,False
USDJPY,body60_plus_early1,実体60%以上で入る。さらに1本以内にブレイク水準内へ戻れば撤退,1,2020-03-08 21:00:00,2020-03-08 22:00:00,2020-03-09 01:00:00,short,long,104.453,104.425,105.14021951390326,102.27934145829019,102.27934145829019,2.9999999999999987,2.9860182785765765,3,TP,104.423,0.35760975695163466,0.08389032854061228,0.6179920869158305,0.5928249883536468,0.9592760180995467,0.040723981900453364,0.9592760180995467,0.040723981900453364,1.4403501044769491,1.1073523367360423,2.141999722070194,0.6666666666666666,1.3785977323506622,2.4663756590939214,0.5,2.0776838035224445,2.8131223503950924,0.5,3.772268440042733,4.868435399640013,0.5416666666666666,False,True,0.4837675612508509,2.5334879219264113,False,True,0.4837675612508509,2.5334879219264113,False,True,0.4837675612508509,2.5334879219264113,False,True,0.4837675612508509,8.025508097051617,False
USDJPY,body60_plus_early1,実体60%以上で入る。さらに1本以内にブレイク水準内へ戻れば撤退,1,2020-04-28 09:00:00,2020-04-28 10:00:00,2020-04-30 14:00:00,short,3m,106.915,106.738,106.98530273898795,105.99609178303614,106.98530273898795,-1.0000000000000089,-1.040436268683948,52,SL,106.739,0.12365136949397627,1.4233566576759658,3.6716131965050702,2.466612389722467,0.6718061674008533,0.7202643171806005,0.27973568281939953,0.7202643171806005,1.0229502457863089,2.102685971566786,3.970841584766426,0.6666666666666666,2.612182956984786,4.359029764132609,0.8333333333333334,2.7577535242471045,4.124499405765463,0.5,2.9194985989830906,3.5341298829794705,0.5,False,True,0.12130880605193216,0.6631548064172674,False,True,0.12130880605193216,1.4557056726231858,False,True,0.12130880605193216,1.4557056726231858,True,False,1.8762428669364741,1.4557056726231858,False
USDJPY,body60_plus_early1,実体60%以上で入る。さらに1本以内にブレイク水準内へ戻れば撤退,1,2020-06-02 12:00:00,2020-06-02 13:00:00,2020-06-04 05:00:00,long,3m,108.088,108.305,108.043984874819,109.08804537554302,109.08804537554302,2.9999999999999982,2.9616880439665834,40,TP,108.301,0.13050756259050197,1.6320893270250203,4.375225379019943,3.0343069178492246,0.6935201401050827,0.7057793345008884,0.29422066549911163,0.7057793345008884,1.198640098089475,1.95390975770601,4.513148420740367,0.6666666666666666,1.95390975770601,3.9921058186854674,0.6666666666666666,3.202879524396446,5.616532754503761,0.6666666666666666,3.2488538716365873,4.536135594360438,0.5833333333333334,False,True,-0.015324782413344175,1.3102688963439215,False,True,0.15324782413376842,2.758460834408376,False,True,0.15324782413376842,2.758460834408376,False,True,0.15324782413376842,3.608986258350992,False
USDJPY,body60_plus_early1,実体60%以上で入る。さらに1本以内にブレイク水準内へ戻れば撤退,1,2020-07-24 00:00:00,2020-07-24 01:00:00,2020-07-24 13:00:00,short,3m,106.638,106.528,106.73542360016847,105.90572919949462,105.90572919949462,3.0000000000000018,2.951789478189228,12,TP,106.529,0.10371180008423166,1.050989375475908,3.2590312744113445,3.0372628740814838,0.9319526627218645,0.9467455621301768,0.05325443786982323,0.9467455621301768,1.1248702982776322,1.1763367321839473,2.8926313086490256,0.6666666666666666,1.8223577244489726,1.9766313942435032,0.5,4.9946100596007055,6.411999400838795,0.6666666666666666,4.9946100596007055,6.035957330714404,0.625,False,True,0.7038736184380087,0.6074525748163242,False,True,0.7038736184380087,0.6074525748163242,False,True,0.7038736184380087,1.6198735328433942,False,True,0.7038736184380087,2.130905064038034,False
USDJPY,body60_plus_early1,実体60%以上で入る。さらに1本以内にブレイク水準内へ戻れば撤退,1,2021-03-26 08:00:00,2021-03-26 09:00:00,2021-03-30 06:00:00,long,3m,109.364,109.472,109.29748457660934,109.99554627017199,109.99554627017199,3.0000000000000138,2.9426984744058813,45,TP,109.473,0.08725771169533145,1.2491732579531591,1.7648869883008385,1.6846648524690857,0.9545454545455133,0.9610389610389587,0.03896103896104136,0.9610389610389587,0.8984219347474945,1.6732045473501942,2.567108346619505,0.6666666666666666,2.1545373623411987,2.739012923402065,0.8333333333333334,2.865076279709221,3.323488484462605,0.6666666666666666,3.885043435285688,3.976725876236332,0.5833333333333334,False,False,1.0428877658140874,0.27504732285209565,False,True,1.0428877658140874,1.512760275686526,False,True,1.0428877658140874,3.300567874224985,False,True,1.0428877658140874,4.2861541144449395,False
USDJPY,body60_plus_early1,実体60%以上で入る。さらに1本以内にブレイク水準内へ戻れば撤退,1,2021-04-19 07:00:00,2021-04-19 08:00:00,2021-04-20 06:00:00,short,3m,108.405,108.221,108.45466741836843,107.51999774489471,108.45466741836843,-0.9999999999999745,-1.0427958680324765,22,SL,108.221,0.1168337091842163,1.5748879435974892,3.0385066303104487,2.9101190262128207,0.9577464788732383,0.9577464788732383,0.042253521126761694,0.9577464788732383,1.108096592719981,1.9086957142514436,3.774595560470142,0.3333333333333333,2.6191071235916112,3.6205304355529884,0.5,3.2011309288341514,4.89584730292272,0.6666666666666666,4.31382349768018,5.743205489966942,0.7083333333333334,False,True,0.11126925688452985,1.6005654644170149,False,True,0.11126925688452985,1.8059856309732196,False,True,0.11126925688452985,1.8059856309732196,False,False,0.7532072773726699,1.8059856309732196,False
USDJPY,body60_plus_early1,実体60%以上で入る。さらに1本以内にブレイク水準内へ戻れば撤退,1,2021-06-16 18:00:00,2021-06-16 19:00:00,2021-06-17 14:00:00,long,3m,110.329,110.505,110.28150658542359,111.17548024372923,110.28150658542359,-1.0000000000000089,-1.0447440476890386,19,SL,110.505,0.11174670728820403,1.574990478655298,4.778664293192653,4.778664293192653,1.0,1.0,0.0,1.0,1.3971791188906104,0.876983334705772,5.637750008822839,0.3333333333333333,1.5839392881931547,5.700391675587582,0.5,2.9352095284030493,4.080657149243128,0.4166666666666667,3.0157488142433793,3.669011910503748,0.5,False,True,0.9306761919326587,1.225986906680535,False,True,0.9306761919326587,1.9329428601679177,False,True,0.9306761919326587,1.9329428601679177,False,True,0.9306761919326587,2.836772623487133,False
USDJPY,body60_plus_early1,実体60%以上で入る。さらに1本以内にブレイク水準内へ戻れば撤退,1,2021-08-03 12:00:00,2021-08-03 13:00:00,2021-08-04 08:00:00,short,3m,109.063,109.035,109.21781827132065,108.48654518603801,109.21781827132065,-0.9999999999999645,-1.054699127870236,19,SL,109.036,0.09140913566033118,0.2953752904997461,1.7066127895539331,1.4768764524987306,0.8653846153846942,0.9487179487179744,0.051282051282025586,0.9487179487179744,0.9245110113500996,0.9845843016658203,1.59721453381339,0.6666666666666666,1.6409738361097006,1.0611630806841694,0.6666666666666666,2.5817988354792103,2.964692730571422,0.6666666666666666,4.879162206032791,5.458972961458011,0.5833333333333334,False,True,-0.010939825574116492,1.76131191742436,False,True,-0.010939825574116492,1.76131191742436,True,False,0.7329683134622292,1.76131191742436,True,False,1.3127790688877605,1.76131191742436,True
USDJPY,body60_plus_early1,実体60%以上で入る。さらに1本以内にブレイク水準内へ戻れば撤退,1,2021-09-15 08:00:00,2021-09-15 09:00:00,2021-09-16 12:00:00,short,3m,109.412,109.325,109.50389808103407,108.78830575689781,109.50389808103407,-1.0000000000000075,-1.0558977488310133,27,SL,109.325,0.08944904051703094,0.9726208296604216,1.7551893132951377,1.2856482231142445,0.7324840764331049,0.8789808917197077,0.12101910828029225,0.8789808917197077,1.2007798610586156,2.2470895030084015,2.895503389448735,1.0,2.6271941950596536,3.353864929863364,0.6666666666666666,3.5998150247199163,4.013458366069804,0.5,8.272866826996319,7.971018983308602,0.5,False,False,0.4695410901808932,0.7043116352713398,False,True,0.4695410901808932,1.1403140761535977,False,True,0.4695410901808932,1.1738527254522328,False,True,1.1403140761535977,2.381244100203101,False
USDJPY,body60_plus_early1,実体60%以上で入る。さらに1本以内にブレイク水準内へ戻れば撤退,1,2021-11-09 02:00:00,2021-11-09 03:00:00,2021-11-10 08:00:00,short,3m,113.0,112.945,113.16742008025646,112.27773975923057,113.16742008025646,-0.9999999999999752,-1.0449599693896985,29,SL,112.945,0.11121004012823751,0.49455966328746687,1.8433587449803144,1.6635188674212935,0.9024390243902625,0.9024390243902625,0.0975609756097375,0.9024390243902625,0.9305999027606499,1.8433587449803144,2.787518102165397,0.6666666666666666,1.8703347266141739,2.5357422735827932,0.6666666666666666,3.111229881771711,1.528638959251996,0.5833333333333334,5.269308412480472,5.979675928838686,0.5833333333333334,False,True,0.19782386531501228,1.3308150939369836,False,True,0.19782386531501228,1.3308150939369836,False,True,0.19782386531501228,1.9962226409054755,False,True,0.5215356449213263,1.9962226409054755,False
USDJPY,body60_plus_early1,実体60%以上で入る。さらに1本以内にブレイク水準内へ戻れば撤退,1,2022-04-11 06:00:00,2022-04-11 07:00:00,2022-04-12 12:00:00,long,3m,125.097,125.426,125.03798616832118,126.59004149503644,125.03798616832118,-1.0000000000000127,-1.0257722771292173,29,SL,125.426,0.19400691583940707,1.695815835103238,2.3968217730182158,2.206106922261897,0.9204301075268692,0.980645161290322,0.01935483870967801,0.980645161290322,1.1934187761374513,1.257687123906322,2.8968039493252076,0.6666666666666666,3.9792395887528222,4.293661369729366,0.8333333333333334,5.396714830860388,5.453413840544667,0.6666666666666666,5.690518790133598,6.999750468298329,0.6666666666666666,False,False,1.5514910831795317,0.01030891085166715,False,False,1.5514910831795317,0.01030891085166715,False,False,1.5514910831795317,0.06700792053594634,False,True,1.5514910831795317,1.7731326664908516,False
USDJPY,body60_plus_early1,実体60%以上で入る。さらに1本以内にブレイク水準内へ戻れば撤退,1,2022-05-24 13:00:00,2022-05-24 14:00:00,2022-05-25 07:00:00,short,3m,126.941,126.695,127.24418199358605,125.0474540192418,127.24418199358605,-0.9999999999999911,-1.018208899994495,17,SL,126.694,0.27459099679303267,0.8995196597293067,2.8952150991287477,1.962919419409303,0.6779874213836482,0.7308176100628954,0.26918238993710464,0.7308176100628954,1.0875131615720228,1.194503839640548,2.7677527991670656,0.6666666666666666,2.024829679390709,2.1522919793522877,0.6666666666666666,3.656347118899711,4.60685169861366,0.6666666666666666,3.656347118899711,3.182915719042146,0.625,False,True,0.029134239991216473,1.2199962996328948,False,True,0.029134239991216473,1.2199962996328948,False,True,0.029134239991216473,1.2199962996328948,False,False,0.7101470997862702,1.2199962996328948,False
USDJPY,body60_plus_early1,実体60%以上で入る。さらに1本以内にブレイク水準内へ戻れば撤退,1,2022-07-28 12:00:00,2022-07-28 13:00:00,2022-07-29 06:00:00,short,3m,134.74,134.71,135.39964256251477,132.64107231245572,132.64107231245572,2.99999999999998,2.9854997348720187,17,TP,134.71,0.3448212812573837,0.08700159076785155,3.372761668766949,2.894252919543724,0.8581255374032511,0.8641444539982683,0.13585554600173172,0.8641444539982683,1.4555142394698017,1.3050238615176908,2.064837754223567,0.0,1.5921291110515596,2.2533412008872316,0.16666666666666666,3.8164697816829505,4.199276781061415,0.4166666666666667,6.847025193429628,6.452617981948729,0.4583333333333333,False,True,0.5394098627605972,1.0701195664445329,False,True,0.5394098627605972,1.0701195664445329,False,True,0.5394098627605972,1.0875198845981031,False,True,0.5394098627605972,1.0875198845981031,False
USDJPY,body60_plus_early1,実体60%以上で入る。さらに1本以内にブレイク水準内へ戻れば撤退,1,2022-08-22 15:00:00,2022-08-22 16:00:00,2022-08-22 17:00:00,long,3m,137.462,137.571,137.0539112769382,139.12226616918534,137.45,-0.23400239572726608,-0.25334143669644255,1,early_back_inside,137.57,0.25854436153088994,0.4177232849346074,1.860415741236447,1.4929739628217644,0.8024948024948027,0.8399168399168419,0.16008316008315812,0.8399168399168419,1.1633994470771842,1.5355198529539746,1.512313003790941,0.6666666666666666,2.444454778506148,3.109717787846412,0.5,2.6223739554227032,1.2841123203544607,0.5,2.846706830665326,2.12729450661128,0.5416666666666666,True,False,0.8161075288999284,0.05801712290763933,True,False,0.850917802644534,0.05801712290763933,True,False,0.850917802644534,0.05801712290763933,True,False,0.850917802644534,0.05801712290763933,True
USDJPY,body60_plus_early1,実体60%以上で入る。さらに1本以内にブレイク水準内へ戻れば撤退,1,2022-11-10 13:00:00,2022-11-10 14:00:00,2022-11-10 21:00:00,short,3m,145.105,143.707,144.5892622828638,141.0602131514085,141.0602131514085,2.9999999999999996,2.9886655020913606,7,TP,143.709,0.44113114143191495,3.164591816094779,7.031922502525868,5.7873946321561895,0.8230174081237892,0.8249516441005784,0.17504835589942155,0.8249516441005784,1.529982498571191,0.8228845481679187,6.218105552684847,0.3333333333333333,1.0813111004851264,5.875803715843623,0.3333333333333333,1.2241257741340774,5.732989042194672,0.5,2.3054368746192035,6.13423026816083,0.5,False,True,0.37177153140365937,4.336578899849144,False,True,0.37177153140365937,4.905570694863337,False,True,0.37177153140365937,5.084655761819944,False,True,0.37177153140365937,5.084655761819944,False
USDJPY,body60_plus_early1,実体60%以上で入る。さらに1本以内にブレイク水準内へ戻れば撤退,1,2022-12-20 03:00:00,2022-12-20 04:00:00,2023-01-03 01:00:00,short,3m,133.618,133.44,134.55822472285703,130.0853258314289,130.0853258314289,3.0000000000000018,2.9910572537026017,237,TP,133.443,0.5591123614285177,0.3129961204092545,7.714012956144293,6.628363555638895,0.859262694180379,0.9204729886389945,0.07952701136100543,0.9204729886389945,1.7434177245029452,0.8960631790003044,6.93778257752922,0.6666666666666666,1.3628745357250018,6.186591888546908,0.6666666666666666,1.7152187398428873,6.31715598448908,0.5,3.0816703740868694,5.04192036247869,0.5,False,True,0.2593396426248036,0.6063181989642696,False,True,0.2593396426248036,0.9264685164114848,False,True,0.45429151190831696,1.3807600283198527,False,True,0.45429151190831696,2.5880307784699212,False
USDJPY,body60_plus_early1,実体60%以上で入る。さらに1本以内にブレイク水準内へ戻れば撤退,1,2023-05-18 07:00:00,2023-05-18 08:00:00,2023-05-18 09:00:00,long,3m,137.772,137.811,137.43278317450904,138.94565047647288,137.771,-0.10575944089239492,-0.13219930111545608,1,early_back_inside,137.811,0.18910841274548018,0.20623090974014754,1.845502243571442,1.4541923122697162,0.787965616045821,0.8252148997134559,0.17478510028654415,0.8252148997134559,1.0775256702125948,1.8983819640175643,1.115762101414263,0.6666666666666666,2.421891196434596,2.411315252345462,0.6666666666666666,2.421891196434596,1.0311545487002869,0.6666666666666666,5.208652463947707,4.36786490885364,0.75,True,False,0.35958209903402244,0.6609965055771301,True,False,0.6028288130863655,0.6609965055771301,True,False,0.6186927292202923,0.6609965055771301,True,True,0.6186927292202923,3.236238891305601,True
USDJPY,body60_plus_early1,実体60%以上で入る。さらに1本以内にブレイク水準内へ戻れば撤退,1,2023-06-15 01:00:00,2023-06-15 02:00:00,2023-06-15 13:00:00,long,3m,140.932,141.004,140.47795105206572,142.58214684380283,140.47795105206572,-0.9999999999999905,-1.0190096378659335,11,SL,141.004,0.26302447396713796,0.27373878526983897,2.611924242782993,2.437035574416079,0.9330422125181661,0.9446870451237114,0.05531295487628859,0.9446870451237114,1.4001515643760962,1.6880558424972323,3.714483239008661,0.3333333333333333,2.946493869223763,4.0338451551566985,0.6666666666666666,4.193526113230771,5.649664373763369,0.5833333333333334,4.193526113230771,3.6156331221056277,0.5416666666666666,False,True,0.7755932249311024,0.292748423135782,False,True,0.7755932249311024,0.3079561334286229,False,True,0.7755932249311024,1.228022606141065,False,True,0.7755932249311024,1.8971618590228216,False
USDJPY,body60_plus_early1,実体60%以上で入る。さらに1本以内にブレイク水準内へ戻れば撤退,1,2023-11-13 04:00:00,2023-11-13 05:00:00,2023-11-13 15:00:00,long,3m,151.716,151.759,151.55392437037438,152.3742268888768,151.55392437037438,-1.00000000000005,-1.0487624981001291,10,SL,151.759,0.10253781481280043,0.41935748366084735,1.0630224585827797,0.8972299650421223,0.8440366972474959,0.8440366972474959,0.15596330275250408,0.8440366972474959,0.8307285482985329,1.4141124449036824,1.9017374259047515,0.3333333333333333,2.7404523932270006,2.984264883727396,0.6666666666666666,2.7404523932270006,2.0382724205849176,0.6666666666666666,4.008277343830168,3.969267345349883,0.5833333333333334,False,True,0.1755449931601742,0.32183248746096615,False,False,0.34133748670083147,0.39009998480118785,False,False,0.8582199665621144,0.39009998480118785,True,False,0.8582199665621144,0.9264874639026133,False
USDJPY,body60_plus_early1,実体60%以上で入る。さらに1本以内にブレイク水準内へ戻れば撤退,1,2023-12-28 07:00:00,2023-12-28 08:00:00,2023-12-28 17:00:00,short,3m,140.956,140.82,141.2919765295996,139.4040704112012,141.2919765295996,-1.0000000000000093,-1.021187494235103,9,SL,140.82,0.23598826479979843,0.5762998431950496,1.830599501913694,1.2839621506478236,0.7013888888889022,0.7430555555555716,0.25694444444442843,0.7430555555555716,1.1354398110585895,1.0636122106026824,1.6229620584096813,1.0,2.22892439353391,2.4450368347320084,0.8333333333333334,4.479036281302793,4.512936272079015,0.75,7.479185464994758,8.326685234399342,0.6666666666666666,False,False,1.0678497094497252,0.46188737432537597,False,True,1.0678497094497252,0.6144373328181939,False,True,1.0678497094497252,0.7288498016878675,True,False,1.339049635659139,0.7288498016878675,False
USDJPY,body60_plus_early1,実体60%以上で入る。さらに1本以内にブレイク水準内へ戻れば撤退,1,2024-01-11 13:00:00,2024-01-11 14:00:00,2024-01-11 15:00:00,long,3m,145.993,146.244,145.6980578063381,147.8818265809857,145.902,-0.6264399490833525,-0.6447569066588718,1,early_back_inside,146.246,0.27297109683094883,0.9268380533221705,4.744092012063864,3.15051670299223,0.6640926640926664,0.9868725868725902,0.013127413127409806,0.9868725868725902,1.0349904000054835,1.018422841199871,3.05160513208428,0.0,1.018422841199871,3.0772488726900487,0.3333333333333333,1.1539683272588594,3.231111316324556,0.4166666666666667,2.4984330133031607,3.4875487223820345,0.5416666666666666,True,False,1.8976368048255248,0.6154497745379265,True,False,2.2090250836096645,0.6154497745379265,True,False,2.2090250836096645,0.6154497745379265,True,False,2.9526935611764342,0.6154497745379265,True
USDJPY,body60_plus_early1,実体60%以上で入る。さらに1本以内にブレイク水準内へ戻れば撤退,1,2024-04-10 12:00:00,2024-04-10 13:00:00,2024-04-10 20:00:00,long,3m,151.97,152.384,152.16041163824463,153.0547650852661,153.0547650852661,2.9999999999999374,2.9552749529470335,7,TP,152.382,0.11179418087768762,3.685343877162706,6.672977020299447,4.866085119360493,0.7292225201072444,0.8176943699731984,0.18230563002680159,0.8176943699731984,1.0511761220087854,0.5724806022778846,4.6961299405592545,0.6666666666666666,0.9839510351649075,5.39384067458522,0.6666666666666666,1.815836910349585,5.903706210988682,0.6666666666666666,2.8176779643355014,5.4832907686910275,0.5833333333333334,False,True,0.1341751411589666,2.80873295492487,False,True,0.1341751411589666,3.5243337077720986,False,True,0.1341751411589666,5.018150279340468,False,True,0.1341751411589666,5.367005646353324,False
USDJPY,body60_plus_early1,実体60%以上で入る。さらに1本以内にブレイク水準内へ戻れば撤退,1,2024-06-26 10:00:00,2024-06-26 11:00:00,2024-06-26 13:00:00,long,long,160.203,160.302,160.0302599387829,161.11722018365128,160.0302599387829,-0.9999999999999776,-1.036799873950112,2,SL,160.3,0.1358700306085469,0.713917554633322,2.6275110000419932,2.288952159700504,0.8711484593837749,0.8711484593837749,0.12885154061622509,0.8711484593837749,0.9124653338721314,1.7737539243979925,2.9660698403836916,1.0,2.3331120084404984,4.040626159728499,0.8333333333333334,3.3193486303051087,4.62942414293128,0.8333333333333334,5.652460638745817,6.410538042119342,0.625,False,True,0.7065575798432532,0.6918376302631157,False,True,0.7065575798432532,0.6918376302631157,False,True,2.1196727395297597,2.391991806760839,False,True,2.1196727395297597,3.834546865607411,False
USDJPY,body60_plus_early1,実体60%以上で入る。さらに1本以内にブレイク水準内へ戻れば撤退,1,2024-09-16 03:00:00,2024-09-16 04:00:00,2024-09-16 15:00:00,short,long,140.248,140.12,140.74206313743548,138.25381058769358,140.74206313743548,-0.9999999999999923,-1.016075538636178,11,SL,140.12,0.31103156871774,0.41153378908668087,1.594693432711094,1.3278394913500837,0.8326612903225297,0.8528225806451489,0.14717741935485107,0.8528225806451489,0.917784194433913,1.3728509995314766,1.3021186295322231,0.6666666666666666,1.53039127816626,1.8647624817991768,0.6666666666666666,2.1509070695236283,1.7425883881641113,0.5,3.6362868395084953,2.752132214517464,0.5833333333333334,False,False,0.5787193909032307,0.5529985290852788,False,False,0.5787193909032307,0.5529985290852788,False,True,0.5787193909032307,1.2731826599871074,False,False,0.5787193909032307,1.7490186036186222,False
EURJPY,body60_plus_early1,実体60%以上で入る。さらに1本以内にブレイク水準内へ戻れば撤退,1,2015-03-04 08:00:00,2015-03-04 09:00:00,2015-03-06 09:00:00,short,3m,133.43,133.21,133.6729161907723,131.82125142768314,131.82125142768314,2.9999999999999907,2.972997271970248,48,TP,133.22,0.1851664763089167,1.1341145772502634,3.4023437317506366,2.9162946272148096,0.8571428571428507,0.8571428571428507,0.1428571428571493,0.8571428571428507,0.9503233205406654,1.2961309454287189,2.322234610560012,0.6666666666666666,1.2961309454287189,2.430245522678982,0.5,1.5661582257264517,2.7542782590362003,0.5833333333333334,3.510354643869607,3.8883928362864637,0.625,False,True,-0.05400545605948519,1.6201636817860905,False,True,-0.05400545605948519,1.6201636817860905,False,True,-0.05400545605948519,1.6201636817860905,False,True,-0.05400545605948519,3.132316451453057,False
EURJPY,body60_plus_early1,実体60%以上で入る。さらに1本以内にブレイク水準内へ戻れば撤退,1,2015-09-01 08:00:00,2015-09-01 09:00:00,2015-09-02 00:00:00,short,3m,135.27,135.06,135.64055102380337,133.3183469285899,135.64055102380337,-1.0000000000000073,-1.0215312685491478,15,SL,135.11,0.23222040952134482,0.6890005935731071,3.7033781904555885,3.4019404307672545,0.9186046511627669,0.9186046511627669,0.08139534883723312,0.9186046511627669,0.8472755722558459,1.2488135758512489,3.4450029678655354,0.6666666666666666,1.722501483932829,3.9617534130453964,0.5,1.722501483932829,3.4019404307672545,0.4166666666666667,2.325377003309374,3.4019404307672545,0.4583333333333333,False,True,0.21531268549152713,1.205751038752968,True,False,1.3780011871462141,1.205751038752968,True,True,1.3780011871462141,1.205751038752968,True,True,1.3780011871462141,1.9378141694244784,True
EURJPY,body60_plus_early1,実体60%以上で入る。さらに1本以内にブレイク水準内へ戻れば撤退,1,2015-12-31 18:00:00,2016-01-03 23:00:00,2016-01-04 14:00:00,short,3m,131.02,130.71,131.1961091642853,129.2516725071441,129.2516725071441,2.999999999999981,2.9742856113021943,15,TP,130.65,0.19444366571412322,1.902864763637965,0.15428633218686597,0.10285755479114654,0.666666666666035,1.0,0.0,1.0,1.3758972038370945,0.6171453287474639,5.142877739562004,0.3333333333333333,1.131433102703635,5.245735294353151,0.3333333333333333,2.108579873220404,5.862880623100614,0.4166666666666667,2.3657237601984167,4.885733852583845,0.375,False,True,0.30857266437373193,0.9257179931211958,False,True,0.30857266437373193,0.9257179931211958,False,True,0.30857266437373193,1.5942920992642329,False,True,0.30857266437373193,3.445728085506625,False
EURJPY,body60_plus_early1,実体60%以上で入る。さらに1本以内にブレイク水準内へ戻れば撤退,1,2016-02-18 20:00:00,2016-02-18 21:00:00,2016-02-23 01:00:00,short,3m,125.82,125.65,126.24253963549344,123.87238109351968,123.87238109351968,2.999999999999996,2.978904364786363,50,TP,125.66,0.23701585419737733,0.6750603268368494,1.940798439656017,1.43450319452835,0.7391304347826033,0.8260869565217458,0.17391304347825415,0.8260869565217458,0.9963711762317108,1.3501206536737589,1.940798439656017,0.6666666666666666,1.7720333579467746,2.5314762256382752,0.6666666666666666,3.965979420166565,3.755023068030057,0.6666666666666666,5.35829134426759,4.30350958358505,0.625,False,False,0.506295245127667,0.2531476225638335,True,False,0.8860166789734173,0.2531476225638335,True,False,1.1391643015372508,0.2531476225638335,True,True,1.1391643015372508,1.2235468423917821,True
EURJPY,body60_plus_early1,実体60%以上で入る。さらに1本以内にブレイク水準内へ戻れば撤退,1,2016-04-07 02:00:00,2016-04-07 03:00:00,2016-04-07 13:00:00,short,3m,124.67,124.55,125.13618836467057,122.79143490598827,122.79143490598827,3.0000000000000036,2.9786757964617543,10,TP,124.54,0.23447534586823027,0.5544292919949565,1.2794522122961467,1.0662101769134151,0.8333333333333017,0.8333333333333017,0.16666666666669824,0.8333333333333017,1.048647165415431,2.3883107962860595,1.791233097214484,1.0,2.3883107962860595,2.5162560175156137,0.6666666666666666,3.6677630085821455,2.558904424592172,0.6666666666666666,4.478082743036332,4.733973185495561,0.6666666666666666,False,True,0.21324203538267092,0.7250229203011296,False,True,0.21324203538267092,0.8956165486073027,False,True,0.21324203538267092,1.4073974335257613,False,True,0.3838356636887834,4.9045668138017335,False
EURJPY,body60_plus_early1,実体60%以上で入る。さらに1本以内にブレイク水準内へ戻れば撤退,1,2016-11-15 09:00:00,2016-11-15 10:00:00,2016-11-23 15:00:00,long,3m,116.56,116.71,116.15755502246458,118.36733493260625,118.36733493260625,3.0000000000000004,2.9773733122604287,147,TP,116.69,0.22097799101416812,0.5882938812293774,1.448108015333872,0.995574260542053,0.6875000000000111,0.8437500000000056,0.15624999999999445,0.8437500000000056,0.7128741463945453,1.4933613908130796,1.8553883946465475,1.0,1.5838681417714304,1.357601264375521,0.8333333333333334,1.9006417701257552,1.6291215172506381,0.6666666666666666,3.1677362835429252,3.937043666689069,0.6666666666666666,False,True,0.18101350191670182,0.8598141341044945,False,True,0.18101350191670182,0.8598141341044945,False,False,0.4977871302710265,0.8598141341044945,True,True,1.0860810115004038,0.8598141341044945,False
EURJPY,body60_plus_early1,実体60%以上で入る。さらに1本以内にブレイク水準内へ戻れば撤退,1,2016-11-30 09:00:00,2016-11-30 10:00:00,2016-12-04 23:00:00,long,3m,120.14,120.31,119.7573241992454,121.9680274022638,119.7573241992454,-0.9999999999999992,-1.0226172377783165,59,SL,120.28,0.22107032030183993,0.6332826577934595,2.4878961556171393,2.4878961556171393,1.0,1.0,0.0,1.0,1.0813471570195046,1.2665653155868546,1.945082448937077,0.3333333333333333,2.3974272045038063,3.4378201423073604,0.5,2.533130631173838,2.8950064356272343,0.4166666666666667,4.613916506780882,4.704385457894279,0.5,False,False,0.27140685334006326,0.768986084463491,False,True,0.4523447555667292,0.768986084463491,False,True,0.4523447555667292,1.8998479733803784,False,True,0.4523447555667292,1.8998479733803784,False
EURJPY,body60_plus_early1,実体60%以上で入る。さらに1本以内にブレイク水準内へ戻れば撤退,1,2017-02-06 13:00:00,2017-02-06 14:00:00,2017-02-10 01:00:00,short,3m,120.54,120.46,120.90009543311115,119.13971370066652,120.90009543311115,-0.9999999999999932,-1.0284029304999138,83,SL,120.44,0.1760381732444626,0.568058609998977,1.8745934129964545,1.8177875519966133,0.9696969696969971,1.0,0.0,1.0,0.8825049763399728,2.0450109959961393,2.8970989109945644,1.0,3.749186825992909,4.771692323991019,0.8333333333333334,4.487663018991491,3.976410269992516,0.6666666666666666,5.510168516989601,6.078227126988577,0.5833333333333334,False,True,0.1136117219997631,1.8177875519965325,True,False,1.0793113589979513,1.8177875519965325,True,False,1.3065348029975583,1.8177875519965325,True,True,1.3065348029975583,2.8402930499946426,True
EURJPY,body60_plus_early1,実体60%以上で入る。さらに1本以内にブレイク水準内へ戻れば撤退,1,2017-02-22 08:00:00,2017-02-22 09:00:00,2017-02-22 16:00:00,short,3m,119.33,119.14,119.4775196419848,118.12744107404559,119.4775196419848,-0.9999999999999875,-1.0370348816634123,7,SL,119.12,0.13500785679392094,1.5554650298652064,2.370232426461392,2.0739533731536786,0.8749999999999833,0.9687499999999848,0.031250000000015266,0.9687499999999848,0.984457060210358,1.9258138464997694,3.5553486396919305,0.6666666666666666,3.1849998230573675,4.444185799614965,0.6666666666666666,3.4072091130381263,4.962674142903438,0.5833333333333334,5.777441539499518,6.962557752730162,0.5833333333333334,False,True,0.14813952665380412,1.2591859765575981,False,True,0.14813952665380412,1.9998836098268293,False,True,0.14813952665380412,3.8516276929997493,False,True,0.14813952665380412,3.8516276929997493,False
EURJPY,body60_plus_early1,実体60%以上で入る。さらに1本以内にブレイク水準内へ戻れば撤退,1,2017-03-09 09:00:00,2017-03-09 10:00:00,2017-03-10 09:00:00,long,3m,121.12,121.25,120.8316995835087,122.50490124947393,122.50490124947393,3.000000000000007,2.9701171705616853,23,TP,121.22,0.16732016659652382,0.5976565887669387,4.183596121368741,3.4664082148484314,0.8285714285714396,0.857142857142863,0.14285714285713705,0.857142857142863,1.2481365303101453,0.6574222476436665,3.64570519147853,0.6666666666666666,0.8367192242737652,3.765236509231901,0.5,1.5539071307941597,4.123830462492098,0.5833333333333334,5.139846663395962,5.7972689110396285,0.5,False,True,0.5378909298902959,1.1355475186572346,True,False,0.896484883150493,1.1355475186572346,True,False,1.9722667429309997,1.1355475186572346,True,True,2.211329378437826,3.5859395326018024,True
EURJPY,body60_plus_early1,実体60%以上で入る。さらに1本以内にブレイク水準内へ戻れば撤退,1,2017-03-29 11:00:00,2017-03-29 12:00:00,2017-03-29 13:00:00,short,3m,119.32,119.15,119.61758093047581,117.74725720857258,119.29,-0.2994134081933951,-0.32614674821063816,1,early_back_inside,119.17,0.18703237219032315,0.8020002005179738,3.475334202244781,3.0476007619684373,0.8769230769230587,0.8923076923076819,0.10769230769231812,0.8923076923076819,1.1324269638521993,1.4970670409669755,2.833734041830341,0.6666666666666666,2.9406674018993892,5.025867923246243,0.8333333333333334,4.010001002590097,5.988268163867902,0.6666666666666666,4.010001002590097,3.635734242348315,0.5416666666666666,True,False,0.8554668805525358,0.8554668805525358,True,False,0.8554668805525358,0.8554668805525358,True,False,1.6574670810705856,0.8554668805525358,True,False,1.7644004411396335,0.8554668805525358,True
EURJPY,body60_plus_early1,実体60%以上で入る。さらに1本以内にブレイク水準内へ戻れば撤退,1,2017-11-30 18:00:00,2017-11-30 19:00:00,2017-11-30 20:00:00,long,3m,133.86,134.03,133.54626796387308,135.48119610838074,133.85,-0.3721068413024876,-0.3979475941706914,1,early_back_inside,134.04,0.19349281445076563,0.9302671032560721,1.860534206512438,1.2920376434113663,0.6944444444444181,0.7777777777777515,0.22222222222224855,0.7777777777777515,1.1905298141489196,2.7391198040321028,4.237883470389247,1.0,3.876112930234099,5.58160261953702,1.0,5.219832079381873,5.323195090854835,0.8333333333333334,5.788328642482945,7.028684780157756,0.7083333333333334,True,False,1.085311620465442,0.15504451720936985,True,False,1.188674631938404,0.15504451720936985,True,False,1.188674631938404,0.41345204589170187,True,False,1.188674631938404,0.41345204589170187,True
EURJPY,body60_plus_early1,実体60%以上で入る。さらに1本以内にブレイク水準内へ戻れば撤退,1,2017-12-20 16:00:00,2017-12-20 17:00:00,2017-12-22 01:00:00,long,3m,134.33,134.61,134.15831591750083,135.96505224749757,134.15831591750083,-0.9999999999999905,-1.0276742096618088,32,SL,134.6,0.18067363299967557,1.4944073217394518,2.9888146434790612,2.379982030918584,0.7962962962963207,0.8148148148148227,0.18518518518517738,0.8148148148148227,1.1834921590134635,1.8818462570053813,3.154859901450129,0.6666666666666666,1.8818462570053813,3.7636925140107627,0.5,3.3209051594213537,4.538570384542307,0.5833333333333334,5.811584028987212,6.475765060871325,0.625,False,False,0.44278735458940893,0.33209051594213534,False,True,0.44278735458940893,0.38743893526577217,False,True,0.44278735458940893,0.4981357739132031,False,False,0.44278735458940893,0.8302262898553384,False
EURJPY,body60_plus_early1,実体60%以上で入る。さらに1本以内にブレイク水準内へ戻れば撤退,1,2018-02-01 10:00:00,2018-02-01 11:00:00,2018-02-05 20:00:00,long,3m,136.27,136.43,135.9523954568814,137.86281362935586,135.9523954568814,-1.000000000000006,-1.0261722803522142,55,SL,136.45,0.19104181724744534,0.942202092680237,1.8320596246562064,1.727370503247225,0.9428571428571126,0.9428571428571126,0.057142857142887304,0.9428571428571126,0.9304296485546224,2.5648834745186297,3.7688083707213944,0.6666666666666666,2.6172280352231945,3.350051885085618,0.6666666666666666,3.925842052834792,4.868044145515029,0.75,5.234456070446389,5.967279920308813,0.7083333333333334,False,False,0.8375129712714044,0.15703368211339763,False,False,0.942202092680237,0.15703368211339763,False,True,0.942202092680237,0.4711010463401929,True,False,2.5125389138142133,0.9945466533848021,False
EURJPY,body60_plus_early1,実体60%以上で入る。さらに1本以内にブレイク水準内へ戻れば撤退,1,2018-04-09 13:00:00,2018-04-09 14:00:00,2018-04-09 15:00:00,long,3m,131.8,131.9,131.47036067826883,133.1889179651935,131.75,-0.34913005493911536,-0.3782242261840141,1,early_back_inside,131.89,0.17185572869246574,0.5236950824085077,1.3965202197564617,1.1055785073071436,0.7916666666666272,0.9583333333332544,0.041666666666745615,0.9583333333332544,0.9340974099151432,1.9202153021651347,2.6184754120432,0.6666666666666666,2.909417124492518,2.269345357104085,0.5,3.4913005493909886,4.131372316779257,0.75,3.5494888918809515,3.4913005493909886,0.625,True,False,0.8146367948578257,0.5236950824086731,True,False,0.9892018223273834,0.5236950824086731,True,False,1.1637668497969411,0.5236950824086731,True,False,3.0839821519619104,0.5236950824086731,True
EURJPY,body60_plus_early1,実体60%以上で入る。さらに1本以内にブレイク水準内へ戻れば撤退,1,2018-04-24 13:00:00,2018-04-24 14:00:00,2018-04-24 17:00:00,long,3m,133.07,133.43,133.0343447697335,134.6169656907995,133.0343447697335,-1.000000000000008,-1.0315931625409636,3,SL,133.42,0.15826209210659828,2.2115213778688703,2.969757278852524,2.401080353114784,0.8085106382978646,0.9361702127659549,0.06382978723404513,0.9361702127659549,1.1091960338501692,1.3900991518033055,3.222502579180349,1.0,2.780198303606611,4.107111130327826,0.6666666666666666,2.969757278852524,4.043924805245914,0.5833333333333334,4.35985643065583,6.192259858032873,0.5833333333333334,False,False,1.137353851475301,0.3159316254099156,False,False,1.137353851475301,0.3159316254099156,False,False,2.401080353114784,0.3159316254099156,True,False,3.601620529672176,0.3159316254099156,False
EURJPY,body60_plus_early1,実体60%以上で入る。さらに1本以内にブレイク水準内へ戻れば撤退,1,2018-05-23 07:00:00,2018-05-23 08:00:00,2018-05-28 12:00:00,short,3m,129.22,128.87,129.52440171956854,126.90679484129441,126.90679484129441,3.0000000000000027,2.9808985832001964,73,TP,128.86,0.2617606878274119,1.3753020095872683,4.0495003615626874,3.51466069116756,0.8679245283018732,0.8679245283018732,0.13207547169812686,0.8679245283018732,1.5354357356278503,1.2224906751888158,4.35512303035981,0.3333333333333333,3.4764578575679472,4.240514529560862,0.5,3.9730946943633527,6.685495879938385,0.5,6.265264710342314,9.1304772303158,0.5416666666666666,False,False,0.15281133439856126,1.489910510386325,False,True,0.19101416799817442,1.9865473471817305,False,True,0.19101416799817442,1.9865473471817305,False,True,0.6112453375943536,2.444981350377523,False
EURJPY,body60_plus_early1,実体60%以上で入る。さらに1本以内にブレイク水準内へ戻れば撤退,1,2018-08-03 13:00:00,2018-08-03 14:00:00,2018-08-07 18:00:00,short,3m,129.11,128.7,129.1084773667572,127.47456789972833,129.1084773667572,-0.9999999999999796,-1.0306014506977808,50,SL,128.71,0.16339094670288765,2.448116055826344,3.3049566753656427,3.0601450697828865,0.9259259259258908,0.9259259259258908,0.07407407407410917,0.9259259259258908,1.1501194641108041,1.8972899432654036,3.488565379552449,0.3333333333333333,1.8972899432654036,3.1213479711784884,0.5,2.0808986474523836,4.345405999091573,0.5833333333333334,2.570521858617722,4.95743501304829,0.5416666666666666,False,False,1.162855126517483,0.06120290139577601,False,False,1.224058027913085,0.06120290139577601,False,False,1.5300725348914432,0.06120290139577601,False,True,1.5300725348914432,0.24481160558275616,False
EURJPY,body60_plus_early1,実体60%以上で入る。さらに1本以内にブレイク水準内へ戻れば撤退,1,2018-08-26 23:00:00,2018-08-27 00:00:00,2018-08-27 01:00:00,long,3m,129.43,129.58,129.2017968773843,130.71460936784715,129.41,-0.44949390905148573,-0.4825449317758265,1,early_back_inside,129.6,0.15128124904628584,1.1237347726285263,1.916959318013457,1.6525511362185428,0.8620689655172651,0.8965517241379243,0.10344827586207572,0.8965517241379243,0.8936464651719712,1.4542449998723102,2.181367499808371,0.3333333333333333,1.5203470453211796,2.049163408911008,0.16666666666666666,3.833918636027102,4.8254493177580775,0.5833333333333334,6.742408635771722,7.535633181156465,0.625,True,False,1.5203470453209917,-0.13220409089736318,True,False,1.916959318013457,-0.13220409089736318,True,False,4.164428863270698,-0.13220409089736318,True,False,4.230530908719379,-0.13220409089736318,True
EURJPY,body60_plus_early1,実体60%以上で入る。さらに1本以内にブレイク水準内へ戻れば撤退,1,2018-10-08 08:00:00,2018-10-08 09:00:00,2018-10-18 17:00:00,short,3m,130.15,129.97,130.48905903395524,128.41282289813427,128.41282289813427,2.999999999999977,2.97591796080544,198,TP,129.99,0.20762361358209935,0.7706252542258578,3.515977722405502,3.3714854872381452,0.9589041095890389,0.9589041095890389,0.04109589041096104,0.9589041095890389,1.1026117441285177,1.8783990571756397,4.47925929018779,1.0,2.215547605899427,5.298048622802859,1.0,2.600860233012287,5.249884544413785,0.75,3.612305879183786,5.009064152468144,0.5833333333333334,False,False,0.8187893326149313,0.09632815677828356,False,False,0.8187893326149313,0.1444922351673569,False,False,0.8187893326149313,0.19265631355656712,False,True,0.8187893326149313,1.8302349787864296,False
EURJPY,body60_plus_early1,実体60%以上で入る。さらに1本以内にブレイク水準内へ戻れば撤退,1,2019-01-02 02:00:00,2019-01-02 03:00:00,2019-01-02 09:00:00,short,3m,125.53,125.49,125.66499191175882,124.96502426472352,124.96502426472352,3.0000000000000333,2.9285681270960073,6,TP,125.49,0.0699967647035286,0.5714549832328153,1.8572286955064974,1.285773712273682,0.6923076923076671,0.7692307692307776,0.23076923076922237,0.7692307692307776,0.5245540895853601,3.714457391012589,3.1430024077799765,1.0,4.285912374245404,2.2858199329310582,0.5,4.285912374245404,2.2858199329310582,0.25,4.285912374245404,2.2858199329310582,0.125,False,True,0.0,5.285958594902577,False,True,0.0,5.285958594902577,False,True,0.0,5.285958594902577,False,True,0.42859123742456073,5.285958594902577,False
EURJPY,body60_plus_early1,実体60%以上で入る。さらに1本以内にブレイク水準内へ戻れば撤退,1,2019-03-22 14:00:00,2019-03-22 15:00:00,2019-03-25 08:00:00,short,3m,124.27,123.94,124.54957324912665,122.11128025262003,124.54957324912665,-0.9999999999999997,-1.0205061492083147,16,SL,123.99,0.2438292996506619,1.1483443556666961,2.1326395176667545,1.6404919366667254,0.769230769230765,1.0,0.0,1.0,1.96928541295844,2.0506149208333775,2.5837748002500955,1.0,7.177152222916821,3.568069962250096,0.8333333333333334,7.177152222916821,7.956385892833555,0.4166666666666667,7.177152222916821,8.407521175416894,0.4583333333333333,False,True,0.6972090730833554,0.6561967746666668,False,False,0.6972090730833554,0.6972090730833554,True,False,1.2303689525000732,0.6972090730833554,True,False,1.5584673398334066,0.6972090730833554,True
EURJPY,body60_plus_early1,実体60%以上で入る。さらに1本以内にブレイク水準内へ戻れば撤退,1,2019-07-16 09:00:00,2019-07-16 10:00:00,2019-07-16 14:00:00,short,3m,121.3,121.17,121.43751373848232,120.36745878455302,121.43751373848232,-0.9999999999999809,-1.0467265721413008,4,SL,121.18,0.1070054953929307,1.1214377313926078,2.6166880399161734,2.6166880399161734,1.0,1.0,0.0,1.0,1.078152934487126,2.5232348956335335,4.018485204157099,0.6666666666666666,2.5232348956335335,3.644672627026141,0.3333333333333333,2.5232348956335335,2.6166880399161734,0.16666666666666666,2.990500617047131,4.205391492722511,0.375,False,True,0.373812577130825,0.7476251542619156,False,True,0.373812577130825,0.7476251542619156,True,False,2.055969174219936,0.934531442827328,True,False,3.0839537613299037,0.934531442827328,True
EURJPY,body60_plus_early1,実体60%以上で入る。さらに1本以内にブレイク水準内へ戻れば撤退,1,2019-08-01 12:00:00,2019-08-01 13:00:00,2019-08-02 01:00:00,short,3m,120.03,119.77,120.17032227646841,118.56903317059474,118.56903317059474,3.0000000000000044,2.968775157579888,12,TP,119.76,0.1601289105873678,1.686141490687789,2.7477861329727196,2.43553770877129,0.8863636363636422,0.9772727272727155,0.022727272727284472,0.9772727272727155,1.5131928687614653,2.248188654250415,4.059229514618758,1.0,3.184933926854703,4.87107541754258,0.8333333333333334,3.372282981375578,5.245773526584242,0.5833333333333334,5.932720059827422,8.056009344397284,0.5833333333333334,False,False,0.7493962180834124,0.4371477938820719,False,True,0.7493962180834124,1.311443381646127,False,False,0.7493962180834124,1.311443381646127,False,True,0.7493962180834124,5.308223211424652,False
EURJPY,body60_plus_early1,実体60%以上で入る。さらに1本以内にブレイク水準内へ戻れば撤退,1,2019-08-23 15:00:00,2019-08-23 16:00:00,2019-08-26 07:00:00,short,3m,117.5,117.37,117.7874202349423,116.11773929517312,117.7874202349423,-1.0000000000000067,-1.0299458410340827,14,SL,117.36,0.16696809397691825,0.8384835489548933,2.7550173751375433,2.635234011001069,0.9565217391304133,0.9782608695652066,0.021739130434793353,0.9782608695652066,1.3248759059378903,1.7368587799780237,2.814909057205695,0.6666666666666666,1.8566421441144128,3.2940425137513363,0.6666666666666666,2.335775600660054,3.353934195819573,0.5833333333333334,2.51545064686468,3.8929593344334514,0.5416666666666666,False,False,0.7785918668866563,0.5989168206820302,False,False,0.7785918668866563,0.5989168206820302,False,True,0.7785918668866563,0.5989168206820302,False,True,0.7785918668866563,3.4138258778877253,False
EURJPY,body60_plus_early1,実体60%以上で入る。さらに1本以内にブレイク水準内へ戻れば撤退,1,2019-10-11 10:00:00,2019-10-11 11:00:00,2019-10-17 08:00:00,long,3m,119.35,119.47,119.0709052582008,120.6672842253976,120.6672842253976,2.9999999999999876,2.9686791162829134,92,TP,119.48,0.15963789671968004,0.814342976644739,2.3177453950656517,2.3177453950656517,1.0,1.0,0.0,1.0,1.1963695783588113,2.505670697368277,4.00907311578919,0.6666666666666666,2.505670697368277,3.507938976315552,0.6666666666666666,2.6935959996709022,4.447565487828679,0.6666666666666666,4.760774324999691,6.577385580591616,0.5833333333333334,False,True,0.18792530230262525,2.568312464802426,False,True,0.18792530230262525,2.568312464802426,False,True,0.18792530230262525,3.069446604276064,False,True,0.18792530230262525,3.069446604276064,False
EURJPY,body60_plus_early1,実体60%以上で入る。さらに1本以内にブレイク水準内へ戻れば撤退,1,2020-01-26 23:00:00,2020-01-27 00:00:00,2020-01-27 01:00:00,short,3m,120.16,119.94,120.32202361595864,118.79392915212405,120.26,-0.837644550316613,-0.8703650405633252,1,early_back_inside,119.94,0.15280944638345884,1.4397015708566379,1.5051425513501553,1.1779376488827544,0.78260869565219,0.9130434782608884,0.08695652173911163,0.9130434782608884,1.3132473161326186,0.8507327464152606,3.7301358881286295,0.3333333333333333,1.7014654928305213,3.795576868622054,0.5,3.664694907635019,6.347775107867928,0.5,5.497042361452575,7.3948307957636485,0.4583333333333333,True,False,2.159552356284957,0.06544098049342435,True,False,2.159552356284957,0.06544098049342435,True,False,2.159552356284957,0.06544098049342435,True,False,2.4867572587523576,0.06544098049342435,True
EURJPY,body60_plus_early1,実体60%以上で入る。さらに1本以内にブレイク水準内へ戻れば撤退,1,2020-02-20 14:00:00,2020-02-20 15:00:00,2020-02-20 16:00:00,long,3m,121.13,121.3,120.80176899108378,122.79469302674867,121.05,-0.5017752719643241,-0.5268640355625175,1,early_back_inside,121.29,0.19929240356649128,0.8028404351429728,1.956923560660867,1.5555033430894163,0.7948717948717996,0.7948717948717996,0.20512820512820046,0.7948717948717996,1.6992707192012895,1.5555033430894163,2.408521305428776,0.6666666666666666,3.261539267768064,3.512426903750283,0.8333333333333334,4.917397665250325,5.720238100393298,0.9166666666666666,8.37964704180415,8.83124478657213,0.7916666666666666,True,False,1.3547932343037266,0.2508876359821478,True,False,4.01420217571465,0.2508876359821478,True,False,4.01420217571465,0.2508876359821478,True,False,4.01420217571465,0.2508876359821478,True
EURJPY,body60_plus_early1,実体60%以上で入る。さらに1本以内にブレイク水準内へ戻れば撤退,1,2020-05-27 09:00:00,2020-05-27 10:00:00,2020-05-27 15:00:00,long,3m,118.5,118.66,118.13570445153998,120.23288664538003,118.13570445153998,-1.000000000000008,-1.0238415146508653,5,SL,118.65,0.20971821938400526,0.7152454395263946,4.434521725063511,3.62391022693362,0.8172043010752683,1.0,0.0,1.0,1.4603511991988738,1.5735399669580004,3.9100084027441775,1.0,1.7642720841650614,3.7669593148388985,0.8333333333333334,2.1934193478808983,2.956347816709007,0.5,3.0040308460107217,3.0040308460107896,0.5,False,False,0.476830293017619,0.6198793809228301,False,True,0.476830293017619,1.1443927032421637,False,True,1.1443927032422314,1.1443927032421637,True,False,2.5272005529931705,1.1443927032421637,False
EURJPY,body60_plus_early1,実体60%以上で入る。さらに1本以内にブレイク水準内へ戻れば撤退,1,2020-07-14 10:00:00,2020-07-14 11:00:00,2020-07-22 04:00:00,long,3m,121.95,122.1,121.70205356053538,123.29383931839384,123.29383931839384,2.999999999999992,2.9685887376783446,137,TP,122.1,0.159178575785846,0.942337869650228,1.5077405914405075,1.382095542153739,0.9166666666666272,0.9166666666666272,0.08333333333337281,0.9166666666666272,1.1693631072178283,2.952658658237542,3.455238855384348,0.6666666666666666,2.952658658237542,2.952658658237542,0.6666666666666666,3.078303707524221,2.3872559364473513,0.5,4.774511872894703,5.0886244961114455,0.5416666666666666,False,True,0.31411262321674266,0.6282252464335746,False,False,0.8166928203635487,0.6282252464335746,False,True,0.8166928203635487,0.6910477710768695,False,True,0.8166928203635487,1.193627968223765,False
EURJPY,body60_plus_early1,実体60%以上で入る。さらに1本以内にブレイク水準内へ戻れば撤退,1,2020-08-05 09:00:00,2020-08-05 10:00:00,2020-08-06 11:00:00,long,3m,125.17,125.31,124.94576508452589,126.40270474642236,124.94576508452589,-0.9999999999999885,-1.034318511128219,25,SL,125.34,0.1456939661896473,1.1668293783609107,2.0591106676956845,1.578651511900067,0.7666666666666871,0.8666666666666919,0.13333333333330807,0.8666666666666919,0.9013725421806968,2.6768438680044193,3.157303023800134,1.0,2.745480890260978,4.186858357647928,0.5,3.2259400460565955,4.392769424417506,0.4166666666666667,5.696872847291436,2.5395698234913997,0.4583333333333333,False,False,1.098192356104352,0.2745480890260393,False,False,1.098192356104352,0.2745480890260393,False,False,1.098192356104352,0.8236442670782153,False,True,1.1668293783609107,1.0295553338477934,False
EURJPY,body60_plus_early1,実体60%以上で入る。さらに1本以内にブレイク水準内へ戻れば撤退,1,2020-09-16 12:00:00,2020-09-16 13:00:00,2020-09-21 08:00:00,short,3m,124.44,124.36,124.79656866788886,123.05029399633341,123.05029399633341,2.999999999999996,2.97136761998877,66,TP,124.35,0.1746274671555457,0.5153828402025543,2.863238001125193,1.832472320720166,0.6400000000000148,0.8200000000000216,0.1799999999999784,0.8200000000000216,1.1990958096962743,2.347855160922639,3.3786208413277476,0.3333333333333333,2.347855160922639,3.0350322811927115,0.5,2.8059732411026603,1.7752075606976327,0.3333333333333333,5.497416962160336,4.466651281755308,0.375,False,True,0.3435885601350362,1.0880304404275605,False,True,0.3435885601350362,2.6914437210576754,False,True,0.3435885601350362,2.6914437210576754,False,True,0.3435885601350362,2.6914437210576754,False
EURJPY,body60_plus_early1,実体60%以上で入る。さらに1本以内にブレイク水準内へ戻れば撤退,1,2020-09-28 00:00:00,2020-09-28 01:00:00,2020-09-28 02:00:00,short,3m,122.5,122.39,122.75489612358454,121.29531162924638,122.62,-0.6303163698770219,-0.6645726943268283,1,early_back_inside,122.38,0.14595844943381572,0.8221517867961324,3.0830692004853995,3.0830692004853995,1.0,1.0,0.0,1.0,0.8871858494074643,0.9591770845954555,2.7405059559870435,0.3333333333333333,1.2332276801941013,2.6034806581877206,0.3333333333333333,1.918354169190911,1.986866818090621,0.4166666666666667,3.6311703916827884,4.590347476278244,0.5416666666666666,True,False,2.192404764789654,-0.06851264889971016,True,False,2.192404764789654,-0.06851264889971016,True,False,2.192404764789654,-0.06851264889971016,True,False,2.192404764789654,0.0685126488996128,True
EURJPY,body60_plus_early1,実体60%以上で入る。さらに1本以内にブレイク水準内へ戻れば撤退,1,2021-02-24 07:00:00,2021-02-24 08:00:00,2021-02-25 08:00:00,long,3m,128.42,128.55,128.2259184846971,129.52224454590876,129.52224454590876,3.000000000000005,2.96142945706637,24,TP,128.55,0.1296326061211666,1.0028341162756065,2.391373661887563,1.9285271466835046,0.8064516129032199,0.838709677419411,0.16129032258058898,0.838709677419411,1.1250227099357248,1.9285271466835046,2.699938005357082,1.0,1.9285271466835046,2.5456558336223223,0.6666666666666666,4.474182980305827,5.245593838979185,0.5833333333333334,5.091311667244535,5.091311667244535,0.4583333333333333,False,True,0.30856434346951855,1.2342573738774165,False,True,0.4628465152040586,1.2342573738774165,False,True,0.4628465152040586,1.6971038890814751,False,True,0.4628465152040586,1.6971038890814751,False
EURJPY,body60_plus_early1,実体60%以上で入る。さらに1本以内にブレイク水準内へ戻れば撤退,1,2021-03-23 18:00:00,2021-03-23 19:00:00,2021-03-26 07:00:00,short,3m,128.72,128.63,128.99201531866663,127.54395404400012,128.99201531866663,-1.0000000000000255,-1.0345289255881156,60,SL,128.63,0.14480612746665059,0.6215206605862087,1.7264462794060698,1.58833057705371,0.9200000000000728,1.0,0.0,1.0,1.1822704436064735,1.1739834699960412,2.002677684110986,0.6666666666666666,1.933619832934806,2.3479669399922787,0.8333333333333334,6.215206605861891,5.731801647628238,0.8333333333333334,7.527305778210488,8.355999992325433,0.7083333333333334,False,False,0.2762314047049162,0.2762314047049162,False,False,0.8286942141149449,0.2762314047049162,False,False,0.8286942141149449,0.2762314047049162,False,True,0.8286942141149449,1.4502148747011536,False
EURJPY,body60_plus_early1,実体60%以上で入る。さらに1本以内にブレイク水準内へ戻れば撤退,1,2021-04-20 04:00:00,2021-04-20 05:00:00,2021-04-20 09:00:00,long,3m,130.65,130.88,130.5477774797242,131.87666756082737,130.5477774797242,-0.999999999999995,-1.037625384304502,4,SL,130.85,0.13288900811031748,1.5050153721815662,3.1605322815813746,2.78427843853609,0.880952380952418,1.0,0.0,1.0,1.2050937232466399,1.0535107605272673,3.1605322815813746,0.6666666666666666,3.6120368932358873,4.816049190981183,0.8333333333333334,3.6120368932358873,5.493306108462952,0.5833333333333334,5.643807645681194,7.750829166735515,0.5833333333333334,False,False,0.677256917481769,0.677256917481769,False,True,0.677256917481769,0.677256917481769,False,False,0.8277584546997973,0.677256917481769,True,False,2.78427843853609,0.677256917481769,False
EURJPY,body60_plus_early1,実体60%以上で入る。さらに1本以内にブレイク水準内へ戻れば撤退,1,2021-07-08 04:00:00,2021-07-08 05:00:00,2021-07-09 06:00:00,short,3m,130.04,129.93,130.28445911488558,128.86662265534332,130.28445911488558,-1.0000000000000386,-1.0352649980634243,25,SL,129.92,0.14178364595422316,0.8463599535220602,1.974839891551407,1.6927199070441203,0.8571428571428862,1.0,0.0,1.0,1.2783251153024342,2.2569598760586933,3.1738498257077254,0.6666666666666666,2.6096098566927517,2.9622598373272107,0.6666666666666666,4.020209779229585,4.654979744371331,0.75,6.559289639795566,6.841409624303052,0.625,False,True,0.49370997288800206,2.11589988380495,False,True,0.49370997288800206,2.11589988380495,False,False,1.4811299186636053,2.11589988380495,False,False,1.4811299186636053,2.11589988380495,False
EURJPY,body60_plus_early1,実体60%以上で入る。さらに1本以内にブレイク水準内へ戻れば撤退,1,2021-08-31 01:00:00,2021-08-31 02:00:00,2021-08-31 12:00:00,long,3m,129.78,129.84,129.6433645299804,130.42990641005878,129.6433645299804,-1.000000000000049,-1.0635694058592424,10,SL,129.85,0.07865418800783643,0.8899716820294297,2.161359799214742,2.0342209874959942,0.9411764705881271,0.9411764705881271,0.05882352941187288,0.9411764705881271,0.8204249745464158,1.271388117184951,2.797053857807037,0.3333333333333333,1.3985269289033377,2.542776234369902,0.5,1.907082175777246,3.0513314812438104,0.5833333333333334,3.3056091046809453,3.687025539836467,0.5416666666666666,False,True,0.2542776234367734,0.762832870311043,False,False,0.5085552468739082,0.762832870311043,False,True,0.5085552468739082,1.1442493054665643,False,True,0.6356940585922949,2.161359799214742,False
EURJPY,body60_plus_early1,実体60%以上で入る。さらに1本以内にブレイク水準内へ戻れば撤退,1,2022-02-24 02:00:00,2022-02-24 03:00:00,2022-02-24 18:00:00,short,3m,129.17,128.86,129.49236561203458,126.9629031638963,129.49236561203458,-0.9999999999999868,-1.0197670457755648,15,SL,128.85,0.25294624481382805,1.265090929638104,3.637136422709577,2.9650568663393697,0.8152173913043589,0.9782608695652368,0.021739130434763134,0.9782608695652368,1.247874192988926,1.7790341198035768,3.044125049441793,0.6666666666666666,2.0557727606620033,4.585954619938211,0.6666666666666666,3.7952727889144247,5.613841000269269,0.75,4.585954619938211,5.49523872561569,0.625,False,False,0.4744090986143171,1.9767045775595797,False,True,0.4744090986143171,1.9767045775595797,False,True,0.4744090986143171,1.9767045775595797,False,True,1.2255568380869484,1.9767045775595797,False
EURJPY,body60_plus_early1,実体60%以上で入る。さらに1本以内にブレイク水準内へ戻れば撤退,1,2022-04-18 23:00:00,2022-04-19 00:00:00,2022-04-19 06:00:00,long,3m,137.28,137.38,137.01750875030277,138.4674737490917,138.4674737490917,3.000000000000029,2.9655164089880275,6,TP,137.44,0.14499649987889382,1.1034749123850178,1.5862451865534262,1.5862451865534262,1.0,1.0,0.0,1.0,0.7558903033155971,1.7241795506016269,3.10352319108285,1.0,2.7586872809624463,3.86216219334766,0.8333333333333334,3.9311293753716625,5.3104730158530815,0.8333333333333334,5.03460428775668,5.724276107997292,0.625,False,True,0.5517374561924109,1.2414092764332185,False,True,0.5517374561924109,2.758687280962642,False,True,0.5517374561924109,4.275965285492066,False,True,0.5517374561924109,6.138079200141894,False
EURJPY,body60_plus_early1,実体60%以上で入る。さらに1本以内にブレイク水準内へ戻れば撤退,1,2023-01-03 00:00:00,2023-01-03 01:00:00,2023-01-04 14:00:00,short,3m,139.17,138.71,139.4417004486672,136.5148986539984,139.4417004486672,-0.9999999999999833,-1.0170834936930067,37,SL,138.72,0.29268017946688396,1.5375144323734604,3.416698738607776,2.1525202053228836,0.6299999999999955,0.6500000000000057,0.3499999999999943,0.6500000000000057,1.2533593787281856,2.2550211674811207,2.4941900791836416,0.3333333333333333,2.357522129639358,2.4258561044115483,0.5,2.494190079183739,2.7675259782723067,0.5833333333333334,3.177529826905255,4.817545221436953,0.625,False,True,0.4441708360189954,0.5466717981772325,False,True,0.4441708360189954,0.9566756468101812,False,True,0.4441708360189954,1.605848407145651,False,True,0.4441708360189954,1.7425163566899349,False
EURJPY,body60_plus_early1,実体60%以上で入る。さらに1本以内にブレイク水準内へ戻れば撤退,1,2023-02-27 14:00:00,2023-02-27 15:00:00,2023-03-09 08:00:00,long,3m,144.13,144.23,143.75181676839512,145.66454969481464,143.75181676839512,-0.9999999999999858,-1.0261406071434778,184,SL,144.27,0.19127329264195211,0.7319370000185195,2.509498285777611,1.6729988571851235,0.6666666666666864,0.6666666666666864,0.3333333333333136,0.6666666666666864,1.0647033605685448,1.5684364286110068,1.9344049286201923,0.3333333333333333,1.5684364286110068,2.143529785768277,0.5,2.561779500064595,2.8231855714998124,0.4166666666666667,2.614060714351579,2.614060714351579,0.4166666666666667,False,True,0.4705309285833021,0.2614060714350688,False,True,0.4705309285833021,0.8364994285924875,False,True,0.4705309285833021,1.254749142888657,False,True,0.4705309285833021,1.3593115714627737,False
EURJPY,body60_plus_early1,実体60%以上で入る。さらに1本以内にブレイク水準内へ戻れば撤退,1,2023-03-30 21:00:00,2023-03-30 22:00:00,2023-03-31 06:00:00,long,3m,145.08,145.23,144.56290689141844,147.23127932574468,144.56290689141844,-0.9999999999999807,-1.018738013988114,8,SL,145.24,0.2668372434326267,0.5996164476207937,1.686421258933582,1.4240890630993983,0.8444444444444024,0.9333333333333333,0.06666666666666667,0.9333333333333333,0.8973062642956934,1.0868048113126818,2.098657566672831,0.6666666666666666,2.548369902388453,3.4477945738196967,0.6666666666666666,4.084887049416757,3.860030881558946,0.5,7.232873399426004,5.658880224421433,0.5,False,True,0.03747602797637283,1.386613035123132,False,True,0.03747602797637283,1.386613035123132,True,False,1.1617568672653211,1.386613035123132,True,False,1.9862294827439257,1.386613035123132,True
EURJPY,body60_plus_early1,実体60%以上で入る。さらに1本以内にブレイク水準内へ戻れば撤退,1,2023-08-10 02:00:00,2023-08-10 03:00:00,2023-08-18 14:00:00,long,3m,158.02,158.13,157.71065014111875,159.3880495766437,157.71065014111875,-1.0000000000000244,-1.0298080462775092,154,SL,158.13,0.16773994355249486,0.6557770181051736,1.5500184064305644,1.1327057585454385,0.7307692307692476,0.7307692307692476,0.2692307692307524,0.7307692307692476,0.7871615541344396,1.7884827766506122,2.026947146870829,1.0,2.026947146870829,2.682724164976003,0.8333333333333334,3.2192689979712372,2.7423402575311417,0.6666666666666666,6.140457533167457,6.557770181052583,0.625,False,True,0.2980804627750173,0.29808046277518674,False,True,0.2980804627750173,1.3115540362105167,False,True,0.2980804627750173,2.026947146870829,False,True,0.2980804627750173,2.6231080724210334,False
EURJPY,body60_plus_early1,実体60%以上で入る。さらに1本以内にブレイク水準内へ戻れば撤退,1,2023-10-03 12:00:00,2023-10-03 13:00:00,2023-10-06 02:00:00,short,3m,156.63,156.11,156.74232672460275,154.2130198261918,156.74232672460275,-1.0000000000000067,-1.0197682614282138,61,SL,156.11,0.252930689841092,2.055899188535328,5.258357539907899,3.8350427170756456,0.7293233082706689,0.7293233082706689,0.270676691729331,0.7293233082706689,1.4253366077070913,1.0674861171240781,3.795506194219119,0.3333333333333333,1.265168731406373,3.795506194219119,0.3333333333333333,1.8582165742531453,2.8861661685208095,0.4166666666666667,3.5582870570805225,4.388554037065892,0.5833333333333334,False,True,0.31629218285153704,1.0674861171241905,False,True,0.31629218285153704,1.186095685693545,False,True,0.31629218285153704,1.186095685693545,False,True,0.31629218285153704,1.462851345688668,False
EURJPY,body60_plus_early1,実体60%以上で入る。さらに1本以内にブレイク水準内へ戻れば撤退,1,2023-10-31 07:00:00,2023-10-31 08:00:00,2023-11-01 09:00:00,long,3m,159.89,160.09,159.4547517489151,161.99574475325474,159.4547517489151,-0.9999999999999867,-1.0196773465784943,25,SL,160.09,0.25409930043396456,0.7870938631410878,1.9677346578525516,1.9677346578525516,1.0,1.0,0.0,1.0,1.5100756110249143,2.439990975737182,3.581277077291631,1.0,5.430947655673025,6.611588450384601,0.8333333333333334,5.706430507772355,7.398682313525577,0.6666666666666666,7.634810472467891,8.461259028765994,0.7083333333333334,False,True,0.9051579426121336,2.5580550552083396,False,True,0.9051579426121336,2.7154738278365125,False,True,0.9051579426121336,2.7154738278365125,False,True,0.9051579426121336,2.7154738278365125,False
EURJPY,body60_plus_early1,実体60%以上で入る。さらに1本以内にブレイク水準内へ戻れば撤退,1,2023-11-06 08:00:00,2023-11-06 09:00:00,2023-11-07 10:00:00,long,3m,160.78,160.84,160.4842977154739,161.90710685357834,160.4842977154739,-0.9999999999999808,-1.0351417478710747,25,SL,160.86,0.14228091381044397,0.5622679659381004,1.8273708892986764,1.265102923360576,0.6923076923076671,1.0,0.0,1.0,0.7592116913143825,1.6165204020717139,2.178788368009814,0.6666666666666666,1.757087393556289,2.319355359494389,0.5,3.514174787112578,4.287293240277441,0.5,7.0986330699673434,7.309483557194306,0.625,False,False,0.28113398296915004,0.4217009744533256,False,False,0.8434019489070507,0.4217009744533256,False,True,0.8434019489070507,0.7028349574224757,False,False,1.405669914845151,0.7028349574224757,False
EURJPY,body60_plus_early1,実体60%以上で入る。さらに1本以内にブレイク水準内へ戻れば撤退,1,2024-04-23 05:00:00,2024-04-23 06:00:00,2024-04-25 03:00:00,long,3m,165.14,165.33,164.87749174943718,166.6875247516885,166.6875247516885,2.9999999999999813,2.9723761942805473,45,TP,165.33,0.18100330022513275,1.0497046173395914,4.530304137991417,3.3148566863352213,0.7317073170731792,0.7317073170731792,0.2682926829268208,0.7317073170731792,0.950106856628339,1.7126759546063215,2.596637737629152,0.0,2.0441616232398436,2.486142514751416,0.16666666666666666,2.0441616232398436,2.320399680434655,0.3333333333333333,3.425351909212957,2.817628183384938,0.4583333333333333,False,False,0.6629713372670443,0.27623805719449707,True,False,1.9889140118011326,0.27623805719449707,True,False,2.4308949033125478,0.27623805719449707,True,True,2.4308949033125478,1.5469331202897174,True
EURJPY,body60_plus_early1,実体60%以上で入る。さらに1本以内にブレイク水準内へ戻れば撤退,1,2024-07-23 05:00:00,2024-07-23 06:00:00,2024-07-24 03:00:00,short,3m,169.99,169.71,170.4452777193341,167.50416684199777,167.50416684199777,2.99999999999999,2.9829996208625538,21,TP,169.7,0.2941110877336324,0.9860219899722541,2.9240652116416004,2.414053837518134,0.8255813953488607,0.9069767441860634,0.09302325581393658,0.9069767441860634,1.1008665748243949,1.0540235065219015,1.836040946844827,0.6666666666666666,2.448054595793006,3.3320743109405475,0.5,3.2640727943906103,4.420098575737418,0.5833333333333334,3.4680773440400356,3.43407658576526,0.4583333333333333,False,True,0.20400454964942522,0.7480166820478603,False,True,0.20400454964942522,1.1220250230717421,False,True,0.20400454964942522,1.1220250230717421,False,True,0.20400454964942522,1.4960333640957206,False
GBPJPY,body60_plus_early1,実体60%以上で入る。さらに1本以内にブレイク水準内へ戻れば撤退,1,2015-04-10 08:00:00,2015-04-10 09:00:00,2015-04-15 19:00:00,short,3m,176.45,176.1,176.82386213783184,173.92841358650443,176.82386213783184,-0.9999999999999807,-1.0276295705420824,80,SL,176.11,0.28954485513274325,1.1742567480403006,3.3500854282328643,2.3485134960806993,0.7010309278350301,0.804123711340179,0.195876288659821,0.804123711340179,1.152903183933097,2.0722177906595847,4.040824691785994,1.0,2.555735275146756,4.006287728608367,0.8333333333333334,2.624809201502108,4.282583434029579,0.75,4.489805213095636,5.62952499795831,0.5833333333333334,False,False,0.48351748448717097,0.5180544476648962,False,True,0.5525914108425232,0.6216653371978754,False,True,0.5525914108425232,1.277867637573378,False,False,0.5525914108425232,1.6232372693500408,False
GBPJPY,body60_plus_early1,実体60%以上で入る。さらに1本以内にブレイク水準内へ戻れば撤退,1,2015-07-30 11:00:00,2015-07-30 12:00:00,2015-07-30 13:00:00,long,3m,194.34,194.38,193.79125588820304,196.1462323353909,194.32,-0.10191184726564863,-0.13588246302083265,1,early_back_inside,194.39,0.2354976447187861,0.21231634847002082,1.3588246302085678,0.9766552029623854,0.7187499999999833,0.8124999999999889,0.1875000000000111,0.8124999999999889,0.8992885797993988,2.420406372559034,2.2930165634769732,1.0,3.269671766439479,3.609377923991561,0.8333333333333334,3.9490840815437633,4.670959666342027,0.5833333333333334,4.373716778483925,3.8641575421556826,0.4583333333333333,True,False,1.316361360514467,0.2972428878582222,True,False,1.316361360514467,0.6794123151044046,True,False,2.0807002150068317,0.6794123151044046,True,False,3.52445138460348,0.6794123151044046,True
GBPJPY,body60_plus_early1,実体60%以上で入る。さらに1本以内にブレイク水準内へ戻れば撤退,1,2015-08-21 14:00:00,2015-08-21 15:00:00,2015-08-24 06:00:00,short,3m,191.95,191.8,192.67808517354564,189.1657444793631,189.1657444793631,2.9999999999999862,2.9772231662684434,13,TP,191.76,0.35123406941825663,0.5409498011246223,1.9645019093473297,1.366610023893851,0.6956521739130721,1.0,0.0,1.0,1.5895703304861946,1.110370644413673,1.5943783612094389,0.3333333333333333,3.7297065235435,4.099830071681391,0.5,4.0428879873524535,3.7866486078724373,0.5833333333333334,5.751150517219687,5.551853222068607,0.5416666666666666,False,True,0.25623937948009706,1.2811968974004042,False,True,0.25623937948009706,1.2811968974004042,False,False,0.25623937948009706,1.2811968974004042,False,True,0.8256602227692286,3.217227764583306,False
GBPJPY,body60_plus_early1,実体60%以上で入る。さらに1本以内にブレイク水準内へ戻れば撤退,1,2016-08-29 02:00:00,2016-08-29 03:00:00,2016-08-30 00:00:00,long,3m,133.98,133.95,133.33099703302938,135.80700890091185,133.33099703302938,-0.9999999999999819,-1.0323100228385815,21,SL,134.0,0.24760118678824933,0.08077505709661402,0.8481380995140454,0.6058129282243182,0.7142857142857143,0.7142857142857143,0.2857142857142857,0.7142857142857143,1.2364322389137952,1.2924009135451355,1.0096882137071588,0.3333333333333333,1.4135634991899992,1.4135634991899992,0.5,6.21967939643618,5.9369666965980885,0.6666666666666666,6.381229510629293,5.735029053856611,0.5833333333333334,False,True,0.28271269983797687,0.48465034257945455,False,True,0.28271269983797687,0.6462004567725678,False,True,0.28271269983797687,1.3731759706417497,True,False,0.8885256280622951,1.3731759706417497,False
GBPJPY,body60_plus_early1,実体60%以上で入る。さらに1本以内にブレイク水準内へ戻れば撤退,1,2017-01-26 10:00:00,2017-01-26 11:00:00,2017-01-30 12:00:00,long,3m,143.98,144.18,143.47892716320877,146.28321851037376,143.47892716320877,-0.9999999999999866,-1.028527706324368,47,SL,144.27,0.28042913471650005,1.0341293542598422,1.5690238478424001,1.3907256833149146,0.8863636363636745,1.0,0.0,1.0,0.9024082789346798,2.1039183414249583,2.3178761388581233,0.6666666666666666,2.603153202102141,3.352005493117864,0.8333333333333334,3.7442614550784135,4.279155948661175,0.75,5.919499062314529,4.6357522777162465,0.6666666666666666,False,False,1.3907256833149146,0.10697889871653189,True,False,1.6403431136534552,0.10697889871653189,True,False,2.3178761388581233,0.10697889871653189,True,True,2.7457917337242512,0.3922559619605494,True
GBPJPY,body60_plus_early1,実体60%以上で入る。さらに1本以内にブレイク水準内へ戻れば撤退,1,2017-03-22 14:00:00,2017-03-22 15:00:00,2017-03-22 19:00:00,short,3m,138.41,137.99,138.6432437552596,136.03026873422124,138.6432437552596,-0.9999999999999869,-1.0306164426968392,4,SL,138.04,0.2612975021038358,1.4160104747307227,1.9135276685550073,1.9135276685550073,1.0,1.0,0.0,1.0,1.1216464805505508,0.9184932809064383,2.066609882039486,0.6666666666666666,3.1764559298013597,3.750514230367884,0.6666666666666666,3.788784783738949,4.592466404532082,0.5833333333333334,6.81215850005583,8.075086761302183,0.5833333333333334,False,False,0.6505994073087634,0.8802227275352642,True,False,2.028339328668312,0.8802227275352642,True,False,2.257962648894922,0.8802227275352642,True,False,2.870291502832511,0.8802227275352642,True
GBPJPY,body60_plus_early1,実体60%以上で入る。さらに1本以内にブレイク水準内へ戻れば撤退,1,2017-04-19 11:00:00,2017-04-19 12:00:00,2017-04-19 13:00:00,long,3m,140.06,140.1,139.32556397893367,142.423308063199,139.69,-0.5294175230065649,-0.555242768031252,1,early_back_inside,140.1,0.3097744084265322,0.12912622512352778,1.3558253637972713,1.2266991386737434,0.9047619047619209,0.9047619047619209,0.09523809523807912,0.9047619047619209,1.4451573985281385,1.2589806949546942,1.7432040391679464,0.6666666666666666,2.0014564894150935,2.356553608504818,0.6666666666666666,2.6148060587519653,2.421116721066628,0.5,7.392476388323411,7.198787050638074,0.5416666666666666,True,False,1.388106920078222,0.12912622512352778,True,False,1.388106920078222,0.12912622512352778,True,False,1.5495147014826087,0.12912622512352778,True,False,3.389563409493224,0.12912622512352778,True
GBPJPY,body60_plus_early1,実体60%以上で入る。さらに1本以内にブレイク水準内へ戻れば撤退,1,2017-09-15 06:00:00,2017-09-15 07:00:00,2017-09-15 10:00:00,long,long,148.41,148.68,147.83192860393623,151.2242141881913,151.2242141881913,2.999999999999987,2.976417079867544,3,TP,148.67,0.3392285584255068,0.7664449043050892,2.4762066139088463,1.7981976601004208,0.7261904761904556,0.7738095238094936,0.2261904761905064,0.7738095238094936,1.4289355131055794,2.122462811921856,2.5056852640744007,1.0,2.7415144653990047,3.596395320200925,0.8333333333333334,3.6848312706976727,1.8276763102659754,0.5833333333333334,7.988714194872578,8.224543396197182,0.5,False,True,0.5895730033115941,0.4127011023181829,False,True,0.5895730033115941,3.065779617220524,False,True,0.5895730033115941,7.163311990236296,False,True,0.5895730033115941,8.371936647025123,False
GBPJPY,body60_plus_early1,実体60%以上で入る。さらに1本以内にブレイク水準内へ戻れば撤退,1,2017-11-29 15:00:00,2017-11-29 16:00:00,2017-11-29 17:00:00,long,3m,150.09,150.24,149.5058720258636,152.44238392240922,150.06,-0.24518885853893793,-0.2724320650432385,1,early_back_inside,150.22,0.29365118965455994,0.4427021056952723,1.0556742520426172,0.9194582195210173,0.8709677419355105,0.9677419354839005,0.03225806451609946,0.9677419354839005,1.3519245383126477,2.4178345772589065,2.247564536606834,0.6666666666666666,2.724320650432579,2.7583746585629547,0.5,4.01837295938802,4.324859032561693,0.5833333333333334,10.556742520426171,8.683772073253762,0.5,True,False,1.804862430911562,0.27243206504329665,True,False,1.804862430911562,0.5108101219561206,True,False,1.804862430911562,0.5108101219561206,True,False,1.804862430911562,0.5108101219561206,True
GBPJPY,body60_plus_early1,実体60%以上で入る。さらに1本以内にブレイク水準内へ戻れば撤退,1,2018-01-17 18:00:00,2018-01-17 19:00:00,2018-01-19 14:00:00,long,3m,153.63,153.98,153.27003660808026,156.10989017575918,153.27003660808026,-0.999999999999994,-1.0281704665727873,43,SL,153.99,0.2839853567678932,1.2676709957769008,3.0283251565780853,2.3240634922575514,0.7674418604651001,0.7790697674418666,0.22093023255813338,0.7790697674418666,1.2516218514747228,2.4649158251217185,4.57770081808312,0.6666666666666666,2.746620490849852,4.718553150947186,0.6666666666666666,3.4508821551702855,4.57770081808312,0.5833333333333334,4.57770081808312,5.387601732051628,0.625,False,True,0.5634093314563671,0.6690485811044421,False,False,0.5634093314563671,0.8803270804005923,False,False,0.5986224146724588,0.8803270804005923,False,False,1.126818662912834,0.8803270804005923,False
GBPJPY,body60_plus_early1,実体60%以上で入る。さらに1本以内にブレイク水準内へ戻れば撤退,1,2018-02-28 12:00:00,2018-02-28 13:00:00,2018-03-02 06:00:00,short,3m,147.99,147.78,148.44474409224892,145.7857677232532,145.7857677232532,2.9999999999999947,2.969913233929884,41,TP,147.74,0.2658976368995738,0.940211439691816,2.3317243704357207,1.9932482521466541,0.8548387096774149,0.8548387096774149,0.14516129032258507,0.8548387096774149,1.1421297126537049,2.8958512342507245,3.7232373011795183,1.0,2.8958512342507245,4.136930334643969,0.6666666666666666,4.738665656046718,5.528443265387874,0.8333333333333334,5.152358689511169,5.490834807800128,0.625,False,False,1.2786875579808825,-0.07521691517527687,False,False,1.2786875579808825,0.0,False,True,1.2786875579808825,2.93345969183847,False,True,1.2786875579808825,3.0838935221892374,False
GBPJPY,body60_plus_early1,実体60%以上で入る。さらに1本以内にブレイク水準内へ戻れば撤退,1,2018-08-29 13:00:00,2018-08-29 14:00:00,2018-08-31 07:00:00,long,3m,143.7,144.45,143.9509475877786,145.94715723666417,143.9509475877786,-1.0000000000000178,-1.0400759509626778,41,SL,143.97,0.19962096488855752,1.3525633449910597,3.4064558318292404,3.256171015719123,0.9558823529411753,1.0,0.0,1.0,1.2799778886895699,1.2022785288809419,3.356360893125773,0.6666666666666666,2.504746935168534,4.759019176820158,0.8333333333333334,3.206076077015655,4.60873436071004,0.6666666666666666,4.057690034973037,2.9556013834988875,0.4583333333333333,False,True,-1.45275322239771,5.911202766997775,False,True,-1.45275322239771,7.3639559893954845,False,True,-1.45275322239771,7.3639559893954845,False,True,-1.45275322239771,7.564335744208927,False
GBPJPY,body60_plus_early1,実体60%以上で入る。さらに1本以内にブレイク水準内へ戻れば撤退,1,2018-12-20 15:00:00,2018-12-20 16:00:00,2019-01-02 03:00:00,short,3m,141.18,141.15,141.74962179910057,139.35113460269832,139.35113460269832,3.000000000000008,2.9666456422532046,173,TP,141.15,0.2398487196402237,0.1250788415506305,1.417560204240321,1.042323679588548,0.7352941176471129,0.8823529411764853,0.11764705882351466,0.8823529411764853,1.1334985620195888,2.376497989461861,2.4598838838289874,1.0,2.376497989461861,1.9178755704429615,0.5,2.418190936645365,3.2520498803162745,0.6666666666666666,3.4188216690504087,4.044215876803562,0.5416666666666666,False,True,0.500315366202522,0.750473049303783,False,True,0.500315366202522,1.4175602042404394,False,True,0.500315366202522,1.834489676075835,False,True,0.500315366202522,2.5015768310124913,False
GBPJPY,body60_plus_early1,実体60%以上で入る。さらに1本以内にブレイク水準内へ戻れば撤退,1,2019-01-17 17:00:00,2019-01-17 18:00:00,2019-01-23 15:00:00,long,3m,140.88,141.23,140.5272479280902,143.33825621572936,143.33825621572936,2.9999999999999885,2.9715404609969513,92,TP,140.98,0.281100828763917,0.35574423753826595,1.6008490689222474,1.0672327126147978,0.6666666666666456,0.7999999999999874,0.20000000000001264,0.7999999999999874,0.9159007245713634,1.7075723401837373,1.9565933064605132,0.6666666666666666,2.5969329340294527,3.0238260190754125,0.6666666666666666,4.233356426705598,2.490209662767963,0.5833333333333334,4.233356426705598,3.6641656466443515,0.5,False,True,-0.8537861700919191,1.7075723401838383,False,True,-0.8537861700919191,4.268930850459495,False,True,-0.8537861700919191,4.268930850459495,False,True,-0.8537861700919191,4.268930850459495,False
GBPJPY,body60_plus_early1,実体60%以上で入る。さらに1本以内にブレイク水準内へ戻れば撤退,1,2019-05-08 03:00:00,2019-05-08 04:00:00,2019-05-08 05:00:00,short,3m,143.68,143.66,144.12209585032647,142.27371244902054,143.73,-0.15148372345377242,-0.19476478729767227,1,early_back_inside,143.65,0.18483834013059428,0.16230398941477814,1.4066345749279747,1.0820265960984186,0.7692307692307524,0.8846153846153763,0.11538461538462379,0.8846153846153763,0.9459482895444458,1.6230398941477815,1.4066345749279747,1.0,2.1640531921969908,2.542762500831422,0.8333333333333334,2.4345598412216725,1.731242553757531,0.5833333333333334,8.493908779373186,7.898794151518947,0.625,True,False,0.5951146278540841,-0.054101329804874795,True,False,1.0820265960984186,-0.054101329804874795,True,False,1.4607359047328496,-0.054101329804874795,True,True,1.4607359047328496,2.0558505325870873,True
GBPJPY,body60_plus_early1,実体60%以上で入る。さらに1本以内にブレイク水準内へ戻れば撤退,1,2019-07-03 06:00:00,2019-07-03 07:00:00,2019-07-03 08:00:00,short,3m,135.35,135.24,135.67123097413264,133.9463070776021,135.41,-0.3942202907430755,-0.44059914847751624,1,early_back_inside,135.23,0.17249238965305444,0.6956828660172697,2.14502217021986,1.6232600207069077,0.7567567567567506,0.7837837837838295,0.21621621621617054,0.7837837837838295,0.9532862053620033,0.6956828660172697,1.4493393042025902,0.3333333333333333,2.4348900310604438,1.8551543093794407,0.6666666666666666,3.652335046590666,3.536387902254399,0.6666666666666666,9.623612979905344,9.623612979905179,0.625,True,False,1.2174450155302219,0.5217621495129523,True,False,1.4493393042025902,0.5217621495129523,True,False,1.4493393042025902,0.5217621495129523,True,False,1.7392071650431742,0.5217621495129523,True
GBPJPY,body60_plus_early1,実体60%以上で入る。さらに1本以内にブレイク水準内へ戻れば撤退,1,2019-07-30 03:00:00,2019-07-30 04:00:00,2019-07-31 13:00:00,short,long,132.24,132.2,132.7227485396765,130.63175438097045,132.7227485396765,-1.0000000000000084,-1.0382593130004012,33,SL,132.19,0.20909941587060354,0.23912070625272688,1.0521311075117536,0.6695379775075537,0.6363636363637069,1.0,0.0,1.0,1.2634852022373868,3.538986452539597,3.252041605036379,1.0,3.538986452539597,3.538986452539597,0.6666666666666666,4.256348571297641,4.4954692775502325,0.5833333333333334,10.138717945113337,9.5648282501069,0.625,False,True,0.04782414125049101,2.869448475032043,False,True,0.04782414125049101,2.869448475032043,False,True,0.04782414125049101,2.869448475032043,True,False,0.6695379775075537,2.869448475032043,False
GBPJPY,body60_plus_early1,実体60%以上で入る。さらに1本以内にブレイク水準内へ戻れば撤退,1,2019-10-01 14:00:00,2019-10-01 15:00:00,2019-10-01 16:00:00,short,3m,131.99,131.8,132.4214309842031,129.9357070473907,132.4214309842031,-0.9999999999999952,-1.03218378308836,1,SL,131.81,0.24857239368124176,0.7241351194888956,2.252864816187599,2.212635087327143,0.9821428571428734,0.9821428571428734,0.017857142857126543,0.9821428571428734,1.1762665051479266,3.66090532630482,4.385040445793716,1.0,3.9827431571886978,5.109175565282611,0.6666666666666666,3.9827431571886978,4.224121530351777,0.4166666666666667,3.9827431571886978,5.310324209585007,0.4583333333333333,False,True,0.7643648483493518,0.20114864430250914,True,False,4.183891801491207,0.20114864430250914,True,False,4.183891801491207,0.20114864430250914,True,False,4.183891801491207,0.20114864430250914,True
GBPJPY,body60_plus_early1,実体60%以上で入る。さらに1本以内にブレイク水準内へ戻れば撤退,1,2019-10-11 10:00:00,2019-10-11 11:00:00,2019-10-15 15:00:00,long,3m,135.65,135.94,134.8906052943302,139.08818411700946,139.08818411700946,3.0000000000000107,2.9809413942228677,51,TP,135.95,0.41975788226792704,0.7146977166434628,2.8587908665740542,1.9296838349374648,0.6749999999999923,0.7333333333333191,0.2666666666666809,0.7333333333333191,1.700887428723361,3.311432753781601,3.5020188115531643,0.6666666666666666,3.311432753781601,3.7402513837676516,0.8333333333333334,3.359079268224458,4.454949100411115,0.5833333333333334,9.672242431908751,10.625172720766702,0.5833333333333334,False,True,0.07146977166435305,3.4543722971103072,False,True,0.07146977166435305,3.4543722971103072,False,True,0.07146977166435305,3.7164281265462233,False,True,0.07146977166435305,4.526418872075535,False
GBPJPY,body60_plus_early1,実体60%以上で入る。さらに1本以内にブレイク水準内へ戻れば撤退,1,2019-11-18 07:00:00,2019-11-18 08:00:00,2019-11-18 15:00:00,long,3m,140.72,140.96,140.6037101941711,142.02886941748673,140.6037101941711,-0.9999999999999988,-1.0561340786988036,7,SL,140.95,0.14251592233156335,1.613854762592033,3.017206730063548,1.8945251560862562,0.6279069767441338,0.6744186046511336,0.32558139534886643,0.6744186046511336,0.9005830685385648,0.8420111804826698,2.526033541448408,0.6666666666666666,1.4735195658448215,2.596201139821914,0.8333333333333334,2.806703934942631,4.139888304040441,0.5833333333333334,7.367597829224706,7.578100624345423,0.6666666666666666,False,True,0.0,1.6840223609657383,False,True,0.0,2.105027951207173,False,True,0.0,4.069720705667135,False,False,1.052513975603387,4.069720705667135,False
GBPJPY,body60_plus_early1,実体60%以上で入る。さらに1本以内にブレイク水準内へ戻れば撤退,1,2020-01-17 06:00:00,2020-01-17 07:00:00,2020-01-17 08:00:00,long,3m,144.15,144.24,143.84785693739022,145.4164291878294,144.12,-0.3060107686245385,-0.3570125633952466,1,early_back_inside,144.25,0.15685722504391883,0.637522434634395,1.4663015996591264,1.2112926258054046,0.826086956521766,0.9565217391304723,0.04347826086952761,0.9565217391304723,0.8593547728603763,0.6375224346345761,1.1475403823420196,0.6666666666666666,1.657558330049463,0.7650269215613463,0.6666666666666666,1.9125673039031847,2.550089738537761,0.6666666666666666,5.928958642100072,5.737701911709917,0.625,True,False,1.0200358954150681,0.12750448692695146,True,False,1.0837881388784532,0.637522434634395,True,False,3.7613823643431656,1.5300538431226927,True,False,5.036427233611955,1.5300538431226927,True
GBPJPY,body60_plus_early1,実体60%以上で入る。さらに1本以内にブレイク水準内へ戻れば撤退,1,2020-02-27 21:00:00,2020-02-27 22:00:00,2020-02-28 15:00:00,short,3m,141.25,141.17,141.9027836080771,138.97164917576868,138.97164917576868,2.9999999999999893,2.9727068130624925,17,TP,141.16,0.29311344323084265,0.30704835304712913,1.5352417652355486,1.364659346876097,0.8888888888889239,0.9777777777777974,0.022222222222202572,0.9777777777777974,1.1867087067003856,1.4670087978918067,1.8422901182826776,0.6666666666666666,2.2516879223455164,1.1940769285165485,0.5,3.5481143018777748,3.3775318835183232,0.6666666666666666,4.093978040628291,4.1963274916439035,0.625,False,False,0.1705824183595485,1.1599604448446776,False,False,0.2729318693752582,1.1599604448446776,False,True,0.5458637387504194,1.1599604448446776,False,True,0.5458637387504194,3.3092989161744844,False
GBPJPY,body60_plus_early1,実体60%以上で入る。さらに1本以内にブレイク水準内へ戻れば撤退,1,2020-03-18 16:00:00,2020-03-18 17:00:00,2020-03-19 12:00:00,short,long,126.52,124.99,127.03940891063121,118.84177326810637,127.03940891063121,-1.0000000000000018,-1.00975891140917,19,SL,125.0,0.8197635642524844,1.8541931677410355,4.428106051907874,3.3546257968999087,0.7575757575757586,0.7658402203856762,0.2341597796143238,0.7658402203856762,1.1919182897501346,1.1100761727923465,2.8788788657031934,0.6666666666666666,2.537316966382474,4.537893805260966,0.8333333333333334,3.5742013036060754,5.855346845498036,0.75,4.330516937816242,5.501586306915839,0.625,False,False,1.4760353506359523,0.5245414882425394,False,False,1.5858231039890442,0.5245414882425394,False,True,1.5858231039890442,0.5245414882425394,False,False,1.5858231039890442,1.0002884194392372,False
GBPJPY,body60_plus_early1,実体60%以上で入る。さらに1本以内にブレイク水準内へ戻れば撤退,1,2020-04-21 09:00:00,2020-04-21 10:00:00,2020-04-21 11:00:00,short,3m,132.46,132.41,133.06642281982496,130.44073154052512,132.48,-0.10663858398259138,-0.13710675083473559,1,early_back_inside,132.4,0.262569127929983,0.22851125139129816,2.551708973869352,2.3993681396085225,0.9402985074626974,1.0,0.0,1.0,1.0522357440351016,1.8661752196955657,3.6561800222606626,0.6666666666666666,2.0566012625215753,3.6561800222606626,0.6666666666666666,4.03703210791279,5.217673573434461,0.6666666666666666,5.598525659086588,6.6268262903473225,0.6666666666666666,True,False,0.761704171304255,0.22851125139129816,True,True,0.761704171304255,1.5234083426086185,True,True,0.761704171304255,1.7138343854347362,True,True,1.5614935511737986,1.7900048025650968,True
GBPJPY,body60_plus_early1,実体60%以上で入る。さらに1本以内にブレイク水準内へ戻れば撤退,1,2020-05-06 08:00:00,2020-05-06 09:00:00,2020-05-08 14:00:00,short,3m,131.88,131.58,132.0884348809851,130.0546953570448,132.0884348809851,-1.0000000000000275,-1.0393364042239723,51,SL,131.57,0.20337395239402564,1.5242856636792632,3.1960828431984596,2.6552072851187978,0.830769230769255,0.830769230769255,0.169230769230745,0.830769230769255,0.8172206472846504,0.8850690950394595,3.1469123379185286,0.3333333333333333,0.8850690950394595,3.097741832638458,0.3333333333333333,2.901059811518454,4.425345475197856,0.5,5.359585075517248,6.736359223356717,0.5416666666666666,False,True,0.19668202112000413,0.7867280844795972,False,True,0.3933640422398685,0.7867280844795972,False,True,0.3933640422398685,1.4259446531192612,False,True,0.3933640422398685,3.097741832638458,False
GBPJPY,body60_plus_early1,実体60%以上で入る。さらに1本以内にブレイク水準内へ戻れば撤退,1,2020-05-29 14:00:00,2020-05-29 15:00:00,2020-05-29 16:00:00,long,3m,133.16,133.17,132.44738395881456,135.3378481235563,132.74,-0.5950601363548079,-0.6227373519991938,1,early_back_inside,133.19,0.28904641647417534,0.1037895586665454,2.2833702906639006,1.487650340887118,0.6515151515151653,0.6515151515151653,0.3484848484848348,0.6515151515151653,1.402833363200062,2.733125044885663,2.5947389666635368,0.6666666666666666,3.8402136706620817,4.670530139994346,0.5,3.8402136706620817,2.83691460355211,0.5,3.8402136706620817,2.110387692886292,0.5,True,False,1.7644224973311735,-0.06919303911106305,True,False,2.5601424471080545,-0.06919303911106305,True,False,2.5601424471080545,-0.06919303911106305,True,False,2.5601424471080545,0.3113686759996362,True
GBPJPY,body60_plus_early1,実体60%以上で入る。さらに1本以内にブレイク水準内へ戻れば撤退,1,2020-11-09 11:00:00,2020-11-09 12:00:00,2020-11-19 02:00:00,long,3m,137.62,138.1,137.28456773718003,140.54629678845993,137.28456773718003,-0.9999999999999932,-1.0245268686460984,181,SL,138.09,0.3261729051279894,1.4409535329599865,3.280468681419531,2.881907065919973,0.8785046728971997,1.0,0.0,1.0,1.179163879466436,3.587054539496107,6.101058575724241,0.6666666666666666,3.587054539496107,5.211959587302144,0.3333333333333333,3.587054539496107,6.039741404108891,0.5833333333333334,5.273276758917407,7.848597966760804,0.625,False,True,0.0,0.8584404026144656,False,True,0.0,1.931490905882526,False,True,0.0,1.931490905882526,False,True,0.0,2.054125249113139,False
GBPJPY,body60_plus_early1,実体60%以上で入る。さらに1本以内にブレイク水準内へ戻れば撤退,1,2020-12-11 07:00:00,2020-12-11 08:00:00,2020-12-13 22:00:00,short,3m,137.58,137.51,138.22914783384977,135.3525564984507,138.22914783384977,-1.0000000000000164,-1.0278106935161428,13,SL,137.5,0.2876591335399051,0.2781069351615586,3.337283221938209,2.190092114396916,0.6562499999999898,0.7708333333333364,0.22916666666666358,0.7708333333333364,1.0577612409719388,1.772931711654726,3.337283221938209,0.3333333333333333,1.8424584454450417,3.232993121252637,0.3333333333333333,2.190092114396916,3.615390157099669,0.4166666666666667,4.2411307612131015,5.666428803915855,0.5,False,False,1.0081376399604647,0.06952673379041435,False,True,1.0081376399604647,0.834320805484577,False,True,1.0081376399604647,1.321007942017181,False,True,1.0081376399604647,2.5724891502440466,False
GBPJPY,body60_plus_early1,実体60%以上で入る。さらに1本以内にブレイク水準内へ戻れば撤退,1,2020-12-24 07:00:00,2020-12-24 08:00:00,2020-12-28 00:00:00,long,3m,140.67,140.85,140.14895544135797,142.95313367592607,140.14895544135797,-0.9999999999999986,-1.0285288570511442,37,SL,140.84,0.28041782345681027,0.6062382123374521,1.7473924943842898,1.3194596386167003,0.7551020408163218,0.8775510204081609,0.1224489795918391,0.8775510204081609,0.9229635366556826,1.3194596386167003,1.6760703517563245,0.6666666666666666,1.6404092804423924,1.8187146370121539,0.6666666666666666,3.7800735592802384,3.708751416652273,0.75,6.989569977537058,7.381841761990614,0.625,False,True,0.5349160697094868,0.6062382123373508,False,True,0.5349160697094868,1.212476424674803,False,False,0.5349160697094868,1.212476424674803,False,False,1.3551207099306324,1.212476424674803,False
GBPJPY,body60_plus_early1,実体60%以上で入る。さらに1本以内にブレイク水準内へ戻れば撤退,1,2021-01-27 14:00:00,2021-01-27 15:00:00,2021-01-27 16:00:00,long,long,142.67,142.61,142.20162866170415,143.8351140148876,142.46,-0.36731275173707306,-0.4162877853019697,1,early_back_inside,142.68,0.1633485353183464,0.06121879195629484,2.0814389265100224,2.0814389265100224,1.0,1.0,0.0,1.0,1.1402864407364075,1.530469798904413,2.3263140943346796,0.6666666666666666,2.4487516782470955,1.0407194632550982,0.6666666666666666,2.693626846071927,1.8365637586853651,0.5,3.060939597808826,1.7141261747729495,0.5416666666666666,True,False,1.2855946310797557,-0.367312751737073,True,False,1.469251006948292,0.0,True,True,1.469251006948292,0.367312751737073,True,False,1.7753449667292442,0.6121879195617304,True
GBPJPY,body60_plus_early1,実体60%以上で入る。さらに1本以内にブレイク水準内へ戻れば撤退,1,2021-03-31 11:00:00,2021-03-31 12:00:00,2021-03-31 13:00:00,long,3m,152.51,152.58,152.0973423711277,154.027972886617,152.44,-0.29006067992151674,-0.3314979199102628,1,early_back_inside,152.61,0.1930630515489315,0.5179654998599145,1.3467102996354243,1.1913206496776265,0.8846153846154855,0.8846153846154855,0.11538461538451449,0.8846153846154855,0.9711631892500786,1.2431171996635593,1.6056930495653816,0.3333333333333333,2.0718619994392165,2.434437849341186,0.5,3.3149791991027753,3.4185722990747878,0.5,6.888941148135361,6.370975648275594,0.5416666666666666,True,False,1.139524099691694,0.6733551498177122,True,False,2.0718619994392165,0.6733551498177122,True,False,2.0718619994392165,0.6733551498177122,True,False,2.0718619994392165,0.6733551498177122,True
GBPJPY,body60_plus_early1,実体60%以上で入る。さらに1本以内にブレイク水準内へ戻れば撤退,1,2021-06-17 10:00:00,2021-06-17 11:00:00,2021-06-18 12:00:00,short,3m,154.07,153.85,154.35700658463938,152.32898024608187,152.32898024608187,2.999999999999999,2.960552780563574,25,TP,153.79,0.2028026338557501,1.3806526802761356,3.2050865792124728,2.909232433439005,0.907692307692305,0.9846153846153988,0.015384615384601258,0.9846153846153988,1.5581020017563467,2.021669996118602,4.092649016532876,0.3333333333333333,3.10646853062127,5.02952047814881,0.5,3.3530136520992064,4.684357308079811,0.4166666666666667,4.3885031623063435,6.065009988355946,0.5,False,False,1.5778887774585408,0.24654512147779628,False,True,1.5778887774585408,0.29585414577346764,False,True,1.5778887774585408,2.0709790204141334,False,True,1.5778887774585408,3.303704627803535,False
GBPJPY,body60_plus_early1,実体60%以上で入る。さらに1本以内にブレイク水準内へ戻れば撤退,1,2021-07-08 05:00:00,2021-07-08 06:00:00,2021-07-08 07:00:00,short,3m,151.29,151.24,151.8244598815851,149.48662035524472,151.4,-0.273757027712605,-0.3079766561766502,1,early_back_inside,151.18,0.23378395263403787,0.47051989138098665,2.480923063645589,2.224275850164885,0.8965517241378803,0.9655172413792934,0.03448275862070655,0.9655172413792934,1.4431362529823597,3.1653156329271015,4.961846127291056,1.0,3.3791883108276273,4.961846127291056,0.6666666666666666,4.833522520550887,5.902885910053151,0.6666666666666666,6.416180337014316,6.287856730274025,0.5833333333333334,True,False,1.026588853922208,0.0,True,False,2.224275850164885,0.0,True,True,2.224275850164885,0.7699416404417471,True,True,2.224275850164885,2.2670503857450632,True
GBPJPY,body60_plus_early1,実体60%以上で入る。さらに1本以内にブレイク水準内へ戻れば撤退,1,2021-08-16 11:00:00,2021-08-16 12:00:00,2021-08-16 13:00:00,short,3m,151.16,150.98,151.44940683824623,149.5717794852613,151.22,-0.5112835613913994,-0.5538905248406424,1,early_back_inside,150.96,0.18776273529849202,1.0651740862319814,3.302039667319354,3.0890048500728366,0.9354838709677094,0.9354838709677094,0.06451612903229059,0.9354838709677094,1.5991427457793592,1.9705720595293017,2.8759700328264706,0.3333333333333333,2.2368655810873728,3.0890048500728366,0.5,2.5564178069569974,3.78136800612364,0.6666666666666666,6.071492291522717,7.509477307935877,0.6666666666666666,True,False,1.4379850164131598,-0.10651740862310731,True,False,1.9705720595293017,-0.10651740862310731,True,False,1.9705720595293017,-0.10651740862310731,True,False,1.9705720595293017,-0.10651740862310731,True
GBPJPY,body60_plus_early1,実体60%以上で入る。さらに1本以内にブレイク水準内へ戻れば撤退,1,2021-10-08 12:00:00,2021-10-08 13:00:00,2021-10-11 10:00:00,long,3m,152.53,152.76,152.28370340568742,154.1888897829377,154.1888897829377,2.999999999999976,2.9580093575330757,20,TP,152.75,0.19051863772503036,1.1547426678408128,2.0470438202631978,1.8370906079285454,0.8974358974359142,0.8974358974359142,0.10256410256408574,0.8974358974359142,1.0173497322252734,2.1520204264305987,2.939344972685732,0.6666666666666666,2.3094853356816256,2.7818800634347056,0.6666666666666666,2.5194385480162778,2.8343683665183312,0.5,4.776435580614278,4.618970671363251,0.5833333333333334,False,True,0.10497660616740086,0.7873245462551335,False,False,0.4723947277530801,0.7873245462551335,False,False,0.4723947277530801,0.7873245462551335,False,True,0.4723947277530801,0.7873245462551335,False
GBPJPY,body60_plus_early1,実体60%以上で入る。さらに1本以内にブレイク水準内へ戻れば撤退,1,2021-10-15 03:00:00,2021-10-15 04:00:00,2021-10-15 09:00:00,long,long,156.04,156.09,155.7300187918068,157.1699436245796,157.1699436245796,2.999999999999999,2.9444415443229235,5,TP,156.08,0.14399248327727798,0.27779227838577364,1.1806171831388472,0.9028249047534683,0.7647058823531379,0.8823529411765689,0.11764705882343107,0.8823529411765689,0.7464383349499079,1.9445459486994288,1.3195133223319315,1.0,3.4724034798203944,3.4029554102240493,0.8333333333333334,4.5141245237663545,4.097436106188089,0.75,6.667014681255015,6.805910820448099,0.5833333333333334,False,True,1.0417210439461577,0.6944806959640394,False,True,1.0417210439461577,3.958539966995202,False,True,1.0417210439461577,5.139157150134049,False,True,1.0417210439461577,8.19487221237598,False
GBPJPY,body60_plus_early1,実体60%以上で入る。さらに1本以内にブレイク水準内へ戻れば撤退,1,2022-02-24 02:00:00,2022-02-24 03:00:00,2022-03-01 15:00:00,short,3m,155.01,154.94,155.54804242114986,153.11587273655044,153.11587273655044,2.9999999999999964,2.9671075581171418,83,TP,154.95,0.24321696845994087,0.2466933141216444,2.9192042171060475,2.343586484155622,0.8028169014084722,0.9436619718309978,0.05633802816900224,0.9436619718309978,1.1339541142699054,1.7679687512050792,2.2202398270947996,0.6666666666666666,1.7679687512050792,3.4125908453493365,0.6666666666666666,3.618168607117412,4.111555235360584,0.6666666666666666,5.42725291067606,5.591715120090451,0.5833333333333334,False,True,0.2878088664753297,2.055777617680292,False,True,0.2878088664753297,2.055777617680292,False,True,0.2878088664753297,2.343586484155505,False,True,0.2878088664753297,3.5770530547636104,False
GBPJPY,body60_plus_early1,実体60%以上で入る。さらに1本以内にブレイク水準内へ戻れば撤退,1,2022-03-16 19:00:00,2022-03-16 20:00:00,2022-03-22 06:00:00,long,3m,156.05,156.12,155.42339344731275,158.20981965806175,158.20981965806175,2.9999999999999996,2.9712893886472505,81,TP,156.11,0.278642621074899,0.21532958514582126,0.7895418122014126,0.5742122270555914,0.7272727272727507,1.0,0.0,1.0,1.1446874011945185,3.0505024562323317,3.1581672488053445,0.6666666666666666,5.1320217793084675,3.804156004242706,0.8333333333333334,6.352222761801421,5.81389879893697,0.75,6.60344061113828,6.711105403711191,0.5416666666666666,False,False,0.21532958514582126,0.10766479257280863,True,False,0.32299437771873185,0.5383239628644512,True,True,0.32299437771873185,0.5383239628644512,True,True,0.5742122270555914,1.4355305676386723,True
GBPJPY,body60_plus_early1,実体60%以上で入る。さらに1本以内にブレイク水準内へ戻れば撤退,1,2022-04-13 16:00:00,2022-04-13 17:00:00,2022-04-19 02:00:00,long,3m,164.57,164.63,163.99869116295986,166.5239265111204,166.5239265111204,3.0000000000000036,2.968319784507138,80,TP,164.64,0.25252353481605466,0.27720188556279785,1.0296070035191403,0.9108061954206697,0.8846153846152796,0.9615384615383901,0.038461538461609934,0.9615384615383901,1.1651242647597808,2.455216700699211,2.3364158926008534,1.0,4.316429360906858,4.1184280140762235,1.0,4.316429360906858,3.564024242950515,0.8333333333333334,6.534044445409353,6.969647408436703,0.7916666666666666,False,True,0.19800134683052165,0.4356029630273502,False,True,0.19800134683052165,0.712804848590148,False,True,0.23760161619660347,0.8316056566885061,True,False,1.1088075422511914,0.8316056566885061,False
GBPJPY,body60_plus_early1,実体60%以上で入る。さらに1本以内にブレイク水準内へ戻れば撤退,1,2022-05-11 14:00:00,2022-05-11 15:00:00,2022-05-12 06:00:00,short,3m,159.71,159.68,160.6756066492711,156.69318005218673,156.69318005218673,3.00000000000001,2.979911745251386,15,TP,159.69,0.39824265970843514,0.050220636871631995,2.033935793300061,1.632170698327219,0.8024691358024739,0.9135802469135889,0.08641975308641109,0.9135802469135889,1.0503881124773014,2.3854802514013422,3.8669890391136654,0.6666666666666666,3.2894517150902187,1.2052952849185257,0.5,3.2894517150902187,2.6365834357593596,0.6666666666666666,3.2894517150902187,1.607060379891439,0.5833333333333334,False,True,-0.025110318435780314,2.1845977039148856,False,True,-0.025110318435780314,2.1845977039148856,False,True,-0.025110318435780314,2.1845977039148856,False,True,-0.025110318435780314,2.1845977039148856,False
GBPJPY,body60_plus_early1,実体60%以上で入る。さらに1本以内にブレイク水準内へ戻れば撤退,1,2022-09-06 04:00:00,2022-09-06 05:00:00,2022-09-07 08:00:00,long,3m,163.53,163.69,162.9480217957965,165.91593461261044,165.91593461261044,3.0000000000000147,2.973045030316704,27,TP,163.7,0.2967912816813912,0.5727931057708239,2.089010150458468,1.4151359083750388,0.6774193548386845,0.90322580645161,0.09677419354839005,0.90322580645161,1.1580564243744897,2.7965781046459393,3.8410831798751732,0.6666666666666666,3.6052271951460164,3.7736957556668016,0.8333333333333334,5.1888316640419365,6.300724163479446,0.8333333333333334,8.895139995500463,9.063608556021343,0.75,False,True,0.5054056815624522,1.9205415899376825,False,True,0.5054056815624522,1.9205415899376825,False,True,0.5054056815624522,2.6954969683335257,False,True,0.5054056815624522,2.830271816750173,False
GBPJPY,body60_plus_early1,実体60%以上で入る。さらに1本以内にブレイク水準内へ戻れば撤退,1,2022-12-20 02:00:00,2022-12-20 03:00:00,2023-01-03 00:00:00,short,3m,164.01,161.98,163.56420209097138,157.2273937270858,157.2273937270858,3.0000000000000036,2.987375348060731,239,TP,161.99,0.6336808363885582,3.187724614669214,8.127119685914167,7.4801062740258155,0.9203883495145584,0.9378640776698988,0.06213592233010121,0.9378640776698988,1.9817389652215849,0.7259174865088499,7.4801062740258155,0.3333333333333333,1.2466843790042952,6.722627157668784,0.3333333333333333,1.5465198625623344,6.517476563655424,0.5,2.256656534147049,6.249202709945611,0.5,False,True,0.031561629848181616,0.7101366715847591,False,True,0.031561629848181616,1.7674512714997852,False,True,0.2840546686338588,1.8936977908926462,False,True,0.2840546686338588,2.714300166946086,False
GBPJPY,body60_plus_early1,実体60%以上で入る。さらに1本以内にブレイク水準内へ戻れば撤退,1,2023-03-13 08:00:00,2023-03-13 09:00:00,2023-03-13 10:00:00,short,3m,161.15,160.86,162.2326897605183,156.74193071844513,161.17,-0.22583398588398085,-0.24040392045712888,1,early_back_inside,160.85,0.5490759042073183,0.5463725464935688,2.5133137138703128,1.8758790762945172,0.7463768115942062,0.8333333333333403,0.1666666666666598,0.8333333333333403,1.8159497339182424,2.167277767757737,3.7335457343725995,0.6666666666666666,2.167277767757737,3.0961110967968035,0.5,2.167277767757737,2.312977113489372,0.4166666666666667,4.316343117298986,4.116006516918097,0.5,True,False,0.7649215650909963,0.14569934573158383,True,True,1.0745326747706507,0.7102843104415877,True,True,1.0745326747706507,1.5298431301819408,True,False,2.003366003809666,1.5298431301819408,True
GBPJPY,body60_plus_early1,実体60%以上で入る。さらに1本以内にブレイク水準内へ戻れば撤退,1,2023-03-30 10:00:00,2023-03-30 11:00:00,2023-04-02 23:00:00,long,3m,164.2,164.23,163.4197975468374,166.66060735948773,163.4197975468374,-1.0000000000000093,-1.0246851881550352,35,SL,164.22,0.32408098126503243,0.061712970387652256,2.314236389535776,2.036528022791472,0.8799999999999955,0.9066666666666757,0.09333333333332423,0.9066666666666757,0.9668996224782848,2.4993753006986448,1.2034029225585612,0.3333333333333333,3.209074460156251,2.962222578605817,0.6666666666666666,3.3016439157376856,3.363356886125338,0.5833333333333334,3.579352282481989,2.4685188155048623,0.5416666666666666,False,True,0.30856485193808586,0.5554167334886072,False,True,0.30856485193808586,0.6171297038761717,True,False,0.6479861890700417,0.6171297038761717,True,False,1.4193983189153003,0.6171297038761717,True
GBPJPY,body60_plus_early1,実体60%以上で入る。さらに1本以内にブレイク水準内へ戻れば撤退,1,2023-07-27 15:00:00,2023-07-27 16:00:00,2023-07-28 01:00:00,short,3m,179.45,179.03,180.28476474730948,175.26570575807156,180.28476474730948,-0.999999999999997,-1.0159392428284766,9,SL,179.02,0.5019058989237934,0.8567343020315192,5.040785544511287,4.243823403086567,0.8418972332015788,0.8418972332015788,0.15810276679842114,0.8418972332015788,1.7704474897497704,1.434531854564474,4.861469062690721,0.3333333333333333,1.7931648182056066,5.220102026331797,0.6666666666666666,2.131873728311083,4.921241223297576,0.5833333333333334,2.1916458889179387,4.642304473798898,0.5,False,True,0.09962026767805465,1.3747596939576185,False,True,0.09962026767805465,3.247620726305737,False,True,0.09962026767805465,3.247620726305737,False,True,0.09962026767805465,3.247620726305737,False
GBPJPY,body60_plus_early1,実体60%以上で入る。さらに1本以内にブレイク水準内へ戻れば撤退,1,2023-11-14 12:00:00,2023-11-14 13:00:00,2023-11-17 01:00:00,long,long,186.73,187.22,186.65992188872985,188.90023433381046,186.65992188872985,-0.9999999999999831,-1.0357093048228863,60,SL,187.18,0.22403124450806142,2.008648396290208,3.8833868994941487,3.213837434064206,0.8275862068965731,0.942528735632202,0.05747126436779807,0.942528735632202,1.3479705286351946,1.6961919790894244,3.303110696121591,0.3333333333333333,2.008648396290081,3.5262938512649895,0.5,2.5889245996627657,4.419026471838331,0.5,6.02594518887037,5.802762033727099,0.5833333333333334,False,True,-0.17854652411464286,3.3031106961214642,False,True,-0.17854652411464286,3.9726601615515333,False,True,-0.17854652411464286,4.820756151096246,False,True,-0.17854652411464286,4.820756151096246,False
GBPJPY,body60_plus_early1,実体60%以上で入る。さらに1本以内にブレイク水準内へ戻れば撤退,1,2023-11-24 13:00:00,2023-11-24 14:00:00,2023-11-27 01:00:00,long,3m,188.26,188.33,187.8444422872836,189.7866731381492,187.8444422872836,-1.000000000000004,-1.041189748357813,10,SL,188.34,0.1942230850865591,0.41189748357853045,1.5446155634193064,1.1842052652880373,0.7666666666666035,0.8,0.2,0.8,0.8342108203086886,1.6475899343138292,2.162461788787029,1.0,4.736821061152442,2.9862567559439435,0.8333333333333334,5.3546672865200176,5.560616028309356,0.5833333333333334,5.3546672865200176,4.736821061152442,0.5416666666666666,False,True,0.1029743708946692,1.0297437089461066,False,True,0.1029743708946692,1.3901540070773757,False,True,0.1029743708946692,1.3901540070773757,False,True,0.1029743708946692,1.3901540070773757,False
GBPJPY,body60_plus_early1,実体60%以上で入る。さらに1本以内にブレイク水準内へ戻れば撤退,1,2023-12-07 00:00:00,2023-12-07 01:00:00,2023-12-07 07:00:00,short,3m,184.45,184.45,184.94330419332135,182.97008742003587,182.97008742003587,3.000000000000021,2.959457064685963,6,TP,184.42,0.1973216773285482,0.15203600742786097,1.6217174125637543,1.5203600742786096,0.9375000000000555,0.9687500000000278,0.031249999999972244,0.9687500000000278,0.8557049255789365,2.077825434847337,2.2805401114179142,1.0,3.0407201485570754,3.294113494270225,1.0,4.459722884550396,4.30768687712268,0.75,6.030761627971578,5.878725620543861,0.6666666666666666,False,True,0.20271467657057732,0.9122160445670218,False,True,0.20271467657057732,1.26696672856546,False,True,0.20271467657057732,1.8751107582767599,False,True,0.20271467657057732,6.740262995968167,False
GBPJPY,body60_plus_early1,実体60%以上で入る。さらに1本以内にブレイク水準内へ戻れば撤退,1,2024-01-19 04:00:00,2024-01-19 05:00:00,2024-01-19 06:00:00,long,long,188.61,188.71,188.16665398533107,190.34003804400686,188.6,-0.20244926258828672,-0.2392582194224826,1,early_back_inside,188.72,0.21733840586758058,0.506123156470586,1.426347077326399,1.0582575089840478,0.7419354838709293,0.7741935483871204,0.22580645161287957,0.7741935483871204,1.0023937172177728,1.4723582733692748,1.3803358812836544,0.3333333333333333,2.5306157823533226,2.254548606096592,0.5,3.58887329133737,3.6348844873801154,0.5833333333333334,5.889433093476707,5.061231564706515,0.625,True,False,0.506123156470586,0.7821903327273169,True,False,3.2667949190378947,0.7821903327273169,True,False,4.647130800321418,0.7821903327273169,True,False,6.119489073690693,0.7821903327273169,True
GBPJPY,body60_plus_early1,実体60%以上で入る。さらに1本以内にブレイク水準内へ戻れば撤退,1,2024-06-12 08:00:00,2024-06-12 09:00:00,2024-06-12 10:00:00,long,3m,200.7,200.73,200.31272562077862,201.9818231376641,200.72,-0.023965046736516067,-0.07189514020954821,1,early_back_inside,200.74,0.16690975168854874,0.23965046736550122,0.9586018694614941,0.5991261684135828,0.6250000000001554,1.0,0.0,1.0,0.6849982741146161,2.096941589447029,1.4379028041923263,1.0,2.9956308420672326,2.755980374701902,0.8333333333333334,3.774494861004686,3.534844393639355,0.5833333333333334,6.051174300975756,3.1753686925912734,0.5833333333333334,True,False,0.5991261684135828,0.7189514020961632,True,False,0.8387766357789137,0.7189514020961632,True,False,4.67318411362489,0.7189514020961632,True,False,4.912834580990391,0.7189514020961632,True
CHFJPY,body60_plus_early1,実体60%以上で入る。さらに1本以内にブレイク水準内へ戻れば撤退,1,2015-06-28 21:00:00,2015-06-28 22:00:00,2015-06-29 06:00:00,short,3m,130.893,130.491,131.36540298295662,127.86779105113015,131.36540298295662,-0.9999999999999883,-1.0228727490525542,8,SL,130.258,0.4372014914783102,1.4524195648392328,1.8366817489227034,1.1276265282925115,0.6139476961394729,0.7310087173100761,0.26899128268992395,0.7310087173100761,1.7257529389525093,1.2717248473238454,4.533378862222677,0.3333333333333333,1.2717248473238454,5.139506712116193,0.5,1.7657762268597363,4.668328081632932,0.4166666666666667,3.0397883490887865,4.073636606265635,0.4166666666666667,False,False,0.8897499381455795,1.4066740667341011,False,False,1.0704446556610319,1.4066740667341011,True,False,2.2461039569640096,1.4066740667341011,True,False,2.3444567778900818,1.4066740667341011,True
CHFJPY,body60_plus_early1,実体60%以上で入る。さらに1本以内にブレイク水準内へ戻れば撤退,1,2015-08-04 18:00:00,2015-08-04 19:00:00,2015-08-05 15:00:00,short,3m,127.163,127.016,127.45117765224188,125.71046704327439,127.45117765224188,-1.000000000000009,-1.0459582423338647,20,SL,127.015,0.217588826120936,0.6801819865406951,1.8291380448864938,1.3603639730814556,0.7437185929648477,0.8793969849246174,0.12060301507538262,0.8793969849246174,1.0655199935037198,1.0754228706117084,1.7372215602188483,0.3333333333333333,3.010264872865998,3.7410009259738883,0.6666666666666666,4.453353682148354,5.0094484143876326,0.5833333333333334,4.453353682148354,3.6307011443727526,0.5416666666666666,False,False,0.5101364899055539,0.13787472700150108,False,False,0.7353318773412956,0.13787472700150108,True,False,0.8548233074092414,0.13787472700150108,True,False,0.8869940770429467,0.13787472700150108,True
CHFJPY,body60_plus_early1,実体60%以上で入る。さらに1本以内にブレイク水準内へ戻れば撤退,1,2016-02-11 08:00:00,2016-02-11 09:00:00,2016-02-11 12:00:00,short,3m,115.34,115.061,115.79674268331891,112.85377195004331,115.79674268331891,-1.000000000000007,-1.0271834167752731,3,SL,115.064,0.3678713416594493,0.7502623029969886,2.9820208202451486,2.261660275701003,0.7584320875114059,0.769371011850513,0.230628988149487,0.769371011850513,1.239034021003508,1.166168579658324,2.364957259446952,0.3333333333333333,1.6717801316779952,2.8488220780464335,0.6666666666666666,3.4332655387143647,4.042174074480023,0.6666666666666666,7.249817253959761,7.8043589561749265,0.5833333333333334,False,False,0.4702731102118677,0.8644326534530135,False,False,0.7122055195116084,0.8644326534530135,False,True,0.7122055195116084,1.087336671010064,True,False,2.392140676222218,1.6255683231600775,False
CHFJPY,body60_plus_early1,実体60%以上で入る。さらに1本以内にブレイク水準内へ戻れば撤退,1,2016-03-09 10:00:00,2016-03-09 11:00:00,2016-03-09 12:00:00,short,3m,112.273,112.103,112.59069523295317,110.63991430114046,112.375,-0.5577253612936579,-0.5987345790358588,1,early_back_inside,112.103,0.24384761647658873,0.6971567016170651,3.1084987048572175,2.1611857750128842,0.6952506596306123,0.7282321899736279,0.2717678100263721,0.7282321899736279,1.052745972743597,1.652671475009815,2.833736945984641,0.6666666666666666,1.8946258596887244,2.8296360242104615,0.6666666666666666,3.112599626631455,4.244454036315663,0.5,6.11447436535902,6.270309392779349,0.5,True,False,1.2179737669427888,0.3116700548405401,True,False,2.1242774790449213,0.3116700548405401,True,False,2.2883143500136662,0.3116700548405401,True,False,5.921731041970787,0.3116700548405401,True
CHFJPY,body60_plus_early1,実体60%以上で入る。さらに1本以内にブレイク水準内へ戻れば撤退,1,2016-06-02 13:00:00,2016-06-02 14:00:00,2016-06-06 12:00:00,short,3m,109.834,109.75,110.20552389913227,108.38342830260319,110.20552389913227,-1.000000000000014,-1.0439054900041795,46,SL,109.749,0.22776194956613374,0.3731966650352502,2.2128366962088273,1.4005851311321722,0.632936507936507,0.7837301587301714,0.21626984126982857,0.7837301587301714,1.220191321372098,2.221617794209635,2.928496183276343,1.0,2.458707440232016,2.8670284972705615,0.6666666666666666,3.2709590053086712,3.371941632318183,0.75,4.096382217386507,4.039305080381161,0.625,False,True,0.6234579580588746,0.4961320370468135,False,False,0.6234579580588746,0.4961320370468135,False,False,0.6234579580588746,0.4961320370468135,True,False,0.8781098000828719,0.4961320370468135,False
CHFJPY,body60_plus_early1,実体60%以上で入る。さらに1本以内にブレイク水準内へ戻れば撤退,1,2016-10-05 14:00:00,2016-10-05 15:00:00,2016-10-07 01:00:00,long,3m,105.813,105.976,105.56918400735414,107.19644797793758,105.56918400735414,-1.0000000000000049,-1.0491622757255332,34,SL,105.974,0.20340799632292927,0.791512639180609,2.1828050422123573,1.932077436012281,0.8851351351351314,0.9864864864864861,0.013513513513513946,0.9864864864864861,0.937947124466907,1.361795037596445,2.3892866002594784,0.6666666666666666,2.256548455800545,3.4020294802048605,0.8333333333333334,2.6744277994673618,3.775662775718653,0.75,5.722488894448586,5.496342426111308,0.75,False,False,0.25072760620007606,0.3293872473608377,False,True,0.25072760620007606,0.8062613218982605,False,True,0.25072760620007606,1.6862660573847088,False,True,0.25072760620007606,2.3253756418162985,False
CHFJPY,body60_plus_early1,実体60%以上で入る。さらに1本以内にブレイク水準内へ戻れば撤退,1,2017-02-22 07:00:00,2017-02-22 08:00:00,2017-02-24 19:00:00,short,3m,112.161,112.037,112.30742007297044,111.22573978108868,111.22573978108868,2.999999999999975,2.9260409932579123,59,TP,112.039,0.13521003648522262,0.9022998822527019,1.9894972813604026,1.4939719361888877,0.7509293680297574,0.8475836431226834,0.15241635687731656,0.8475836431226834,0.9541484893874291,1.8563710692247528,2.788254554174301,0.6666666666666666,3.313363502042662,3.46867741620092,0.6666666666666666,3.313363502042662,4.208267483621231,0.5,5.332444386099911,5.901928738013593,0.5833333333333334,False,True,-0.014791801348370489,1.6197022476504046,False,True,-0.014791801348370489,2.573773434622456,False,True,-0.014791801348370489,3.8828478539563447,False,True,-0.014791801348370489,3.9715986620467776,False
CHFJPY,body60_plus_early1,実体60%以上で入る。さらに1本以内にブレイク水準内へ戻れば撤退,1,2017-05-16 08:00:00,2017-05-16 09:00:00,2017-05-17 05:00:00,long,3m,114.351,114.659,114.28974347351091,115.76676957946728,114.28974347351091,-1.0000000000000158,-1.0541628883047163,20,SL,114.659,0.18462826324454504,1.6682169597839565,2.25859244230486,2.182764398678341,0.9664268585131996,0.98800959232615,0.01199040767384996,0.98800959232615,1.0953233587697258,2.4373299737102867,3.3851805190420436,0.3333333333333333,2.4373299737102867,3.8184836254794927,0.5,2.4373299737102867,2.6702303934204137,0.5,3.937641979749726,5.378374808654049,0.5833333333333334,False,False,1.110339210245858,0.06499546596560969,False,True,1.110339210245858,0.6012080601818127,False,True,1.110339210245858,1.3107418969730262,False,False,1.110339210245858,1.641135515631568,False
CHFJPY,body60_plus_early1,実体60%以上で入る。さらに1本以内にブレイク水準内へ戻れば撤退,1,2017-05-25 07:00:00,2017-05-25 08:00:00,2017-05-25 11:00:00,long,3m,114.962,115.149,114.861787058212,116.01063882536401,114.861787058212,-0.9999999999999898,-1.0696347451319577,3,SL,115.152,0.14360647089400094,1.3230601575066965,1.859247695022562,1.6781973576795643,0.9026217228464545,1.0,0.0,1.0,0.7077708494389107,1.3160966829934702,2.339727436432913,1.0,1.9706632872336909,2.8828784484620047,0.8333333333333334,3.2797964957140335,3.9970343705728966,0.6666666666666666,4.0666691157048644,3.238015648634873,0.5833333333333334,False,False,1.2255715143220207,0.08356169415832185,False,False,1.2325349888352473,0.08356169415832185,False,False,1.685160832192791,0.08356169415832185,True,False,2.284019640327398,0.08356169415832185,False
CHFJPY,body60_plus_early1,実体60%以上で入る。さらに1本以内にブレイク水準内へ戻れば撤退,1,2017-06-27 09:00:00,2017-06-27 10:00:00,2017-06-27 15:00:00,long,long,115.526,115.59,115.23186469206496,116.66440592380515,116.66440592380515,3.0000000000000084,2.9441551850463332,5,TP,115.588,0.17906765396752364,0.34623785271259633,1.2732617809431142,1.088973891596073,0.8552631578947278,0.8903508771929548,0.10964912280704515,0.8903508771929548,1.2469382557122681,4.272128343953977,4.394986936851952,0.3333333333333333,4.272128343953977,2.619121821325998,0.3333333333333333,4.272128343953977,3.144063081890244,0.5,4.294466269935463,4.741224789564548,0.5416666666666666,False,True,0.3797447416847856,1.211832484494206,False,True,0.3797447416847856,1.915477152910102,False,True,0.3797447416847856,2.5911994138492793,False,True,0.3797447416847856,7.483205203788679,False
CHFJPY,body60_plus_early1,実体60%以上で入る。さらに1本以内にブレイク水準内へ戻れば撤退,1,2017-07-27 09:00:00,2017-07-27 10:00:00,2017-07-28 00:00:00,short,3m,116.425,116.14,116.59300048170678,114.78099855487966,114.78099855487966,2.999999999999997,2.955849936572568,14,TP,116.14,0.2265002408533905,1.2582768076810653,2.525383628047654,1.9911678605759964,0.7884615384615232,0.8636363636363591,0.13636363636364088,0.8636363636363591,1.322657401335647,1.858717670293835,2.9183191925515644,0.6666666666666666,1.858717670293835,2.4944785836484473,0.5,2.27814327285419,3.5584951122489383,0.5,3.417214909281254,3.103749458946678,0.4583333333333333,False,True,0.3487855010764814,0.463575665987784,False,True,0.3487855010764814,0.9845464144311565,False,True,0.3487855010764814,1.0596015222577293,False,True,0.3487855010764814,2.9094891798661036,False
CHFJPY,body60_plus_early1,実体60%以上で入る。さらに1本以内にブレイク水準内へ戻れば撤退,1,2017-11-17 15:00:00,2017-11-17 16:00:00,2017-11-17 17:00:00,short,3m,113.283,113.251,113.55233715566833,112.34698853299503,113.306,-0.18251980867745882,-0.2488906481965776,1,early_back_inside,113.253,0.15066857783416335,0.19911251855726209,1.825198086774871,1.6592709879771212,0.9090909090908903,0.9636363636363457,0.036363636363654216,0.9636363636363457,1.1371879881550964,1.3738763780451084,1.8384722546786572,0.3333333333333333,1.5066180570832517,1.446884301516073,0.5,1.7190047435442999,1.1814009434396922,0.5,3.6902186772611003,1.9446655979092282,0.5,True,False,0.5707892198641199,0.856183829796227,True,False,0.6637083951908107,0.856183829796227,True,False,0.8760950816519532,0.856183829796227,True,False,1.3672392940931681,0.856183829796227,True
CHFJPY,body60_plus_early1,実体60%以上で入る。さらに1本以内にブレイク水準内へ戻れば撤退,1,2017-12-01 17:00:00,2017-12-01 18:00:00,2017-12-04 15:00:00,long,3m,114.704,114.923,114.46848961481223,116.28653115556332,114.46848961481223,-0.9999999999999983,-1.0440033949757754,21,SL,114.923,0.22725519259388743,0.9636743499690613,1.7073317250592996,1.6149245956102116,0.9458762886597925,0.9690721649484528,0.030927835051547146,0.9690721649484528,1.4455033614013453,2.552196908593819,3.1286413827761423,0.3333333333333333,2.552196908593819,2.3585819707004503,0.3333333333333333,2.552196908593819,2.1429653353192237,0.3333333333333333,2.8822223709119283,2.7106091305064792,0.4166666666666667,False,False,0.9108702759981538,0.004400339497596466,False,False,0.9108702759981538,0.004400339497596466,False,False,0.9108702759981538,0.004400339497596466,False,False,0.9108702759981538,1.0824835164035405,False
CHFJPY,body60_plus_early1,実体60%以上で入る。さらに1本以内にブレイク水準内へ戻れば撤退,1,2018-01-25 14:00:00,2018-01-25 15:00:00,2018-01-26 17:00:00,long,3m,116.157,116.278,115.83654507730338,117.60236476808986,115.83654507730338,-1.000000000000006,-1.0453047388798913,26,SL,116.28,0.22072746134830945,0.5572482882223242,1.8982685590662054,1.6762753385549158,0.8830548926014493,0.8830548926014493,0.1169451073985507,0.8830548926014493,1.3259523201521148,2.097609410137649,2.500821586168415,0.3333333333333333,2.097609410137649,2.586900590040113,0.5,2.740936702231671,3.5020563154133177,0.6666666666666666,3.8509028047883116,2.6457967505839575,0.5833333333333334,False,True,0.2537065377272156,3.3525506771097673,False,False,0.5617787621102677,3.3525506771097673,False,False,0.9060947775972537,3.3525506771097673,True,False,1.114496576444584,3.3525506771097673,False
CHFJPY,body60_plus_early1,実体60%以上で入る。さらに1本以内にブレイク水準内へ戻れば撤退,1,2018-03-01 18:00:00,2018-03-01 19:00:00,2018-03-01 20:00:00,short,long,112.495,112.458,112.88049208425272,111.19052374724181,112.719,-0.6177630533874579,-0.6651012183980161,1,early_back_inside,112.453,0.21124604212636344,0.19882029304425014,2.0260734624509076,1.9740014809392734,0.9742990654205383,0.9742990654205383,0.02570093457946167,0.9742990654205383,1.319026651225684,2.196490856488769,2.0402749119540013,0.3333333333333333,2.5515270940677874,1.5479579958444518,0.5,2.5515270940677874,2.6035990755793543,0.75,2.5515270940677874,2.972836762661533,0.625,True,False,1.4627492988254873,0.37870532008426355,True,False,2.0402749119540013,0.37870532008426355,True,False,2.0402749119540013,0.37870532008426355,True,False,2.0402749119540013,0.37870532008426355,True
CHFJPY,body60_plus_early1,実体60%以上で入る。さらに1本以内にブレイク水準内へ戻れば撤退,1,2018-03-16 01:00:00,2018-03-16 02:00:00,2018-03-20 01:00:00,short,3m,111.507,111.402,111.73631715189939,110.39904854430185,111.73631715189939,-0.9999999999999963,-1.0598234337854975,47,SL,111.399,0.1671585759496927,0.646093084883107,1.6810384893717594,1.2263803926021373,0.7295373665480213,0.7330960854092482,0.26690391459075186,0.7330960854092482,1.0713565785566388,1.166556958816721,1.7528266099142418,0.6666666666666666,1.2503097661163547,1.4058506939585558,0.5,2.710001550481836,2.4587431285828503,0.5,4.552563311074287,4.576492684588505,0.5833333333333334,False,True,0.41876403649825344,0.3230465424415535,False,True,0.41876403649825344,0.3230465424415535,False,True,0.41876403649825344,0.3230465424415535,True,True,1.2981685131447047,1.0169983743530104,False
CHFJPY,body60_plus_early1,実体60%以上で入る。さらに1本以内にブレイク水準内へ戻れば撤退,1,2018-05-22 07:00:00,2018-05-22 08:00:00,2018-05-22 08:00:00,long,3m,111.557,111.646,111.39781311302762,112.39056066091712,111.39781311302762,-1.0000000000000242,-1.0805844347539713,0,SL,111.646,0.12409344348618544,0.7172014693097502,3.1427929554023284,2.925214981566775,0.9307692307692282,1.0,0.0,1.0,0.983887608439629,0.9831301039976491,2.9171565380913456,0.3333333333333333,1.1120651996039415,3.3281371553362806,0.5,1.4424613820949292,2.5545265816988705,0.5,2.369182381764804,1.7970328950120897,0.5,True,False,2.25636417310937,0.01611688695074359,True,False,2.25636417310937,0.01611688695074359,True,False,2.25636417310937,0.01611688695074359,True,False,2.7318123381573938,0.01611688695074359,True
CHFJPY,body60_plus_early1,実体60%以上で入る。さらに1本以内にブレイク水準内へ戻れば撤退,1,2018-08-24 08:00:00,2018-08-24 09:00:00,2018-08-27 02:00:00,long,3m,113.174,113.176,112.9538147544233,113.8425557367301,112.9538147544233,-0.99999999999998,-1.0900149780337307,17,SL,113.176,0.11109262278835041,0.018002995606698973,1.332221674898794,1.2332051990617579,0.925675675675703,0.9391891891891853,0.06081081081081471,0.9391891891891853,0.866219064490373,1.161193216634834,1.2872141858819828,0.3333333333333333,1.9893310145449057,1.8633100452977571,0.5,3.231537711409949,3.1595257289830254,0.5833333333333334,4.869810311623393,3.5375886367245992,0.5833333333333334,False,True,0.32405392092134905,0.5220868725954215,False,True,0.32405392092134905,0.8191363001066582,True,False,0.3330554187247625,0.8191363001066582,True,True,1.2512081946684568,1.1161857276178948,True
CHFJPY,body60_plus_early1,実体60%以上で入る。さらに1本以内にブレイク水準内へ戻れば撤退,1,2018-09-13 12:00:00,2018-09-13 13:00:00,2018-09-17 10:00:00,long,3m,115.292,115.338,115.06598091911115,116.15405724266652,116.15405724266652,2.9999999999999876,2.9264757459856785,45,TP,115.337,0.13600954044442243,0.3308591430642327,2.154260642618087,1.9557451567796518,0.9078498293515784,0.9931740614334629,0.006825938566537175,0.9931740614334629,0.9661465876519636,2.213080045829576,3.330648706846505,0.6666666666666666,2.213080045829576,2.8086265033451947,0.5,4.279111583630638,3.6468029991079174,0.5833333333333334,6.205447038804546,7.30831084901855,0.5833333333333334,False,True,0.6690707115299277,1.1984453404325954,False,True,0.6690707115299277,2.970379862176528,False,True,0.6690707115299277,2.970379862176528,False,True,0.6690707115299277,3.8232612087420708,False
CHFJPY,body60_plus_early1,実体60%以上で入る。さらに1本以内にブレイク水準内へ戻れば撤退,1,2019-02-20 00:00:00,2019-02-20 01:00:00,2019-02-27 06:00:00,long,3m,110.617,110.658,110.40210942147829,111.42567173556513,110.40210942147829,-1.000000000000024,-1.07815840706429,125,SL,110.658,0.12794528926085438,0.32044946896330173,1.9695918580184588,1.8445384067157664,0.9365079365079705,0.9642857142857123,0.03571428571428773,0.9642857142857123,1.208718743202931,1.125481061724786,1.3208770793853954,0.0,1.6960374332936945,1.3365087607983153,0.3333333333333333,3.900104512504951,4.064237167339721,0.5,5.533615220147189,5.103743981294003,0.4583333333333333,False,True,0.2891861061376842,1.3443246015046642,False,True,0.2891861061376842,1.3443246015046642,True,False,0.7737682299358667,1.3443246015046642,True,False,0.7737682299358667,1.3443246015046642,True
CHFJPY,body60_plus_early1,実体60%以上で入る。さらに1本以内にブレイク水準内へ戻れば撤退,1,2019-08-01 12:00:00,2019-08-01 13:00:00,2019-08-02 01:00:00,short,3m,109.065,109.059,109.34554973827532,108.19935078517402,108.19935078517402,2.9999999999999805,2.930204089103724,12,TP,109.06,0.14327486913766402,0.03489795544807833,2.9453874398204696,2.5754691120705218,0.8744075829383942,0.8933649289099478,0.10663507109005219,0.8933649289099478,1.457046638242135,1.7169794080469816,3.957428147815634,0.6666666666666666,1.7169794080469816,3.433958816094062,0.6666666666666666,1.9054283674667831,3.6642853220514984,0.5833333333333334,3.4618771804524853,4.445999524089227,0.5416666666666666,False,True,0.2722040524952689,0.6770203356933941,False,True,0.2722040524952689,1.9612650961838274,False,True,0.2722040524952689,1.9612650961838274,False,True,0.2722040524952689,4.920611718183508,False
CHFJPY,body60_plus_early1,実体60%以上で入る。さらに1本以内にブレイク水準内へ戻れば撤退,1,2019-12-03 08:00:00,2019-12-03 09:00:00,2019-12-03 10:00:00,long,3m,110.174,110.198,110.01862798444019,110.7361160466794,110.01862798444019,-1.000000000000016,-1.1115001129780189,1,SL,110.198,0.08968600777990189,0.267600271146922,1.6279016494778613,1.5052515252021688,0.924657534246598,0.9589041095890357,0.04109589041096424,0.9589041095890357,1.1115545627931798,1.5275515477978645,2.0516020787941773,0.3333333333333333,1.795151818944945,2.631402666279413,0.3333333333333333,2.988203027808959,3.0997031407868034,0.4166666666666667,6.210556292871614,5.742255818364064,0.5416666666666666,False,True,1.2265012427573991,0.10035010168015515,True,False,3.0774031181912664,0.3679503728272356,True,False,3.0774031181912664,0.3679503728272356,True,False,3.0774031181912664,0.3679503728272356,True
CHFJPY,body60_plus_early1,実体60%以上で入る。さらに1本以内にブレイク水準内へ戻れば撤退,1,2019-12-27 07:00:00,2019-12-27 08:00:00,2019-12-27 15:00:00,long,3m,111.849,111.919,111.7485019246411,112.43049422607668,112.43049422607668,3.000000000000021,2.882696623067988,7,TP,111.917,0.08524903767944576,0.7976629631373915,2.0176180832299018,1.43110119857007,0.7093023255814068,0.8779069767441793,0.12209302325582068,0.8779069767441793,0.9445189109906338,0.7507416123647116,1.4193708608768167,0.6666666666666666,1.853393355525189,2.052809096309495,0.5,2.5689439548103072,1.3724495101041367,0.5,3.1554608394701393,2.2170338240143748,0.5,False,True,0.023460675386339933,2.2170338240142082,False,True,0.023460675386339933,4.093887854925904,False,True,0.023460675386339933,4.1408092056985835,False,True,0.023460675386339933,5.161348585006788,False
CHFJPY,body60_plus_early1,実体60%以上で入る。さらに1本以内にブレイク水準内へ戻れば撤退,1,2020-02-28 15:00:00,2020-02-28 16:00:00,2020-02-28 16:00:00,short,3m,111.624,111.452,111.97558434797156,109.88124695608532,111.97558434797156,-1.0000000000000133,-1.0381982388845277,0,SL,111.452,0.26179217398577853,0.6570097088132997,3.158994355747715,2.5478225335958107,0.8065296251511525,0.8415961305925024,0.1584038694074976,0.8415961305925024,1.6393191214144778,2.322452924177301,3.835103184003299,1.0,3.5982741029194405,5.038347708864877,0.8333333333333334,3.5982741029194405,4.39661729560534,0.75,5.385951682713757,7.360800633042178,0.75,True,False,2.200218559746931,0.48511763383306644,True,False,2.200218559746931,0.48511763383306644,True,False,2.200218559746931,0.48511763383306644,True,False,2.200218559746931,0.48511763383306644,True
CHFJPY,body60_plus_early1,実体60%以上で入る。さらに1本以内にブレイク水準内へ戻れば撤退,1,2020-03-09 01:00:00,2020-03-09 02:00:00,2020-03-10 04:00:00,short,3m,111.321,110.569,111.41172531713514,108.04082404859459,111.41172531713514,-0.9999999999999941,-1.0237325254069685,26,SL,110.57,0.42136265856756944,1.782312658062876,4.388143947747328,3.1184538384748564,0.7106544077879959,0.7295835586803683,0.27041644131963166,0.7295835586803683,1.8775187046504387,1.526001383667674,2.6983881387716084,0.6666666666666666,2.0291309222952814,4.257615058009053,0.5,2.9262203826784545,5.204542821746849,0.5,2.9262203826784545,3.659555417753582,0.5,False,True,1.4880293430165554,1.14865422969696,False,False,1.4880293430165554,1.14865422969696,False,False,1.4880293430165554,1.14865422969696,False,True,1.4880293430165554,1.14865422969696,False
CHFJPY,body60_plus_early1,実体60%以上で入る。さらに1本以内にブレイク水準内へ戻れば撤退,1,2020-04-23 09:00:00,2020-04-23 10:00:00,2020-04-23 13:00:00,short,3m,110.298,110.275,110.6119506038098,109.26414818857063,110.6119506038098,-1.0000000000000122,-1.0593558811703578,3,SL,110.275,0.1684753019048963,0.13651852669170197,2.029971136024772,1.5491884985452007,0.7631578947368323,0.871345029239733,0.12865497076026697,0.871345029239733,1.1073304921810556,3.715678161261759,3.596966398921068,0.6666666666666666,3.715678161261759,3.139926113909652,0.3333333333333333,3.715678161261759,3.2111531713140327,0.4166666666666667,5.609130770594829,5.134283721232233,0.375,False,True,0.4689114612454515,1.0446635085975589,False,True,0.5460741067668923,1.0446635085975589,False,True,0.5460741067668923,1.0446635085975589,True,False,4.10742697698577,1.0446635085975589,False
CHFJPY,body60_plus_early1,実体60%以上で入る。さらに1本以内にブレイク水準内へ戻れば撤退,1,2020-05-20 22:00:00,2020-05-20 23:00:00,2020-05-21 00:00:00,long,3m,111.516,111.529,111.2657362099763,112.3187913700711,111.502,-0.1025587301526372,-0.1785281598953674,1,early_back_inside,111.528,0.1316318950118492,0.09116331569123307,0.774888183375481,0.5013982363017818,0.6470588235294118,0.8039215686274974,0.19607843137250258,0.8039215686274974,0.848837641242894,1.040781187474875,0.36465326276493226,0.6666666666666666,1.2003169899345327,1.0027964726035636,0.8333333333333334,1.815669370850356,1.0559750734234856,0.6666666666666666,5.0291762489662135,4.094752263131075,0.6666666666666666,True,False,0.5469798941473984,0.05317860081981398,True,True,0.5469798941473984,0.34186243384201603,True,False,1.0179903585520667,0.34186243384201603,True,False,1.405434450239807,0.34186243384201603,True
CHFJPY,body60_plus_early1,実体60%以上で入る。さらに1本以内にブレイク水準内へ戻れば撤退,1,2020-05-28 15:00:00,2020-05-28 16:00:00,2020-05-29 04:00:00,long,3m,111.655,111.664,111.30160287792091,112.75119136623725,111.30160287792091,-1.000000000000011,-1.0551880762332595,12,SL,111.664,0.18119856103954188,0.04966926860989986,1.589416595516717,1.1313555627810001,0.7118055555555578,0.9895833333333328,0.010416666666667181,0.9895833333333328,1.3013201458279324,2.770441426907617,2.7759602345309653,1.0,3.6424130313924996,2.814591887894247,0.6666666666666666,3.6424130313924996,2.0254023977591977,0.5833333333333334,3.6424130313924996,2.742847388791032,0.625,False,True,0.3973541488791989,0.3918353412558505,True,False,0.3973541488791989,0.5794748004488317,True,True,0.3973541488791989,0.5794748004488317,True,False,0.7064073757852163,0.5794748004488317,True
CHFJPY,body60_plus_early1,実体60%以上で入る。さらに1本以内にブレイク水準内へ戻れば撤退,1,2020-07-22 04:00:00,2020-07-22 05:00:00,2020-07-22 06:00:00,long,3m,114.625,114.639,114.4311390487716,115.2625828536852,114.617,-0.1058399851919147,-0.2020581535482878,1,early_back_inside,114.642,0.10393047561420095,0.16357088620571122,0.7697453468505746,0.596552643809185,0.7749999999999867,0.8749999999999334,0.1250000000000666,0.8749999999999334,0.8875052024343582,1.0583998519195572,1.0391562182482006,0.6666666666666666,1.491381609523031,0.6927708121655581,0.5,2.5401596446069097,1.972472451304623,0.6666666666666666,6.052122789612683,3.665912214375942,0.7083333333333334,True,False,0.596552643809185,0.038487267342576584,True,False,0.8082326141930145,0.12508361886327135,True,False,1.0680216687550987,0.41373812393225395,True,True,1.5972215947149457,1.4047852580023363,True
CHFJPY,body60_plus_early1,実体60%以上で入る。さらに1本以内にブレイク水準内へ戻れば撤退,1,2020-07-31 13:00:00,2020-07-31 14:00:00,2020-08-03 05:00:00,long,3m,115.674,115.94,115.52504706980191,117.18485879059423,115.52504706980191,-1.0000000000000062,-1.0481982377867909,15,SL,115.947,0.20747646509904044,1.3158118915785342,2.1689207004042217,1.6580193798645901,0.764444444444458,0.8599999999999955,0.14000000000000443,0.8599999999999955,1.356867964978235,2.111082815060107,3.393155940187954,0.6666666666666666,3.2003629890408827,4.68004888909443,0.5,3.5281110059908416,4.925859901806917,0.5833333333333334,3.5281110059908416,3.489552415761455,0.5416666666666666,False,True,0.9495052843991886,1.5953616707417766,False,True,0.9495052843991886,1.6917581463152778,False,False,0.9495052843991886,1.6917581463152778,False,False,1.3254515391359323,1.6917581463152778,False
CHFJPY,body60_plus_early1,実体60%以上で入る。さらに1本以内にブレイク水準内へ戻れば撤退,1,2020-08-28 03:00:00,2020-08-28 04:00:00,2020-08-28 05:00:00,long,3m,117.638,117.868,117.51654402286165,118.92236793141504,117.51654402286165,-0.9999999999999853,-1.0569061313534929,1,SL,117.869,0.17572798856917418,1.314531634265323,1.718565166875009,1.6787308749276264,0.9768211920530101,0.9834437086092862,0.01655629139071383,0.9834437086092862,1.1541791238445893,2.0827644075373124,3.351771136719878,0.6666666666666666,2.6745881736134844,3.852545092630535,0.6666666666666666,3.4940364651036067,3.6761360854347176,0.6666666666666666,6.874260667500198,6.470227134890512,0.625,False,False,0.9332605541970563,0.0625967444888018,True,False,3.6704454722993427,0.0625967444888018,True,False,3.8753075451718733,0.0625967444888018,True,False,6.162934025581716,0.0625967444888018,True
CHFJPY,body60_plus_early1,実体60%以上で入る。さらに1本以内にブレイク水準内へ戻れば撤退,1,2020-10-20 09:00:00,2020-10-20 10:00:00,2020-10-21 08:00:00,long,3m,116.177,116.245,115.98409708872434,117.02770873382698,115.98409708872434,-1.0000000000000164,-1.0766568678832535,22,SL,116.245,0.1304514556378301,0.5212667016057295,1.7477765877368707,1.479477550145704,0.8464912280701866,0.8728070175438725,0.1271929824561275,0.8728070175438725,1.0917564980166092,2.3993599647441144,2.6063335080287566,0.6666666666666666,2.3993599647441144,1.977747191386582,0.6666666666666666,3.365236500072445,3.6948610319701363,0.5833333333333334,6.117218057079211,5.649611162991758,0.625,False,True,0.1303166754015141,1.057864776788063,False,True,0.1303166754015141,1.1191902710946962,False,True,0.1303166754015141,1.8857589499266323,False,True,0.1303166754015141,2.6216648816053603,False
CHFJPY,body60_plus_early1,実体60%以上で入る。さらに1本以内にブレイク水準内へ戻れば撤退,1,2020-12-02 01:00:00,2020-12-02 02:00:00,2020-12-04 12:00:00,long,3m,116.102,116.123,115.85122135891545,116.93833592325366,116.93833592325366,2.9999999999999756,2.9264106998246615,58,TP,116.121,0.1358893205422771,0.13981967033296097,1.2951716830848812,1.000814482383729,0.7727272727272397,0.8977272727272699,0.10227272727273003,0.8977272727272699,1.060741140919925,1.111198432646648,1.560093163715782,0.6666666666666666,1.2142234528921088,1.5453753036807611,0.6666666666666666,5.754683273706599,5.085020642111522,0.75,8.558435610384636,8.433333800086697,0.7083333333333334,False,False,0.21340897050827515,0.64022691152493,False,True,0.21340897050827515,0.64022691152493,True,False,0.5004072411918645,0.64022691152493,True,True,0.9198662521909566,0.8536358820332052,True
CHFJPY,body60_plus_early1,実体60%以上で入る。さらに1本以内にブレイク水準内へ戻れば撤退,1,2021-01-29 09:00:00,2021-01-29 10:00:00,2021-01-29 11:00:00,long,long,117.88,117.906,117.627836428332,118.74049071500401,117.863,-0.15458530296457448,-0.22648544387835617,1,early_back_inside,117.905,0.1390817858340015,0.17975035228440317,2.192954297869167,1.3301526069042975,0.6065573770492024,0.8491803278688741,0.15081967213112585,0.8491803278688741,1.2847754496976722,2.444604791067352,2.660305213808595,1.0,2.8472455801843046,3.65252715841821,0.6666666666666666,4.047977933443857,4.961109723048383,0.6666666666666666,5.334990455799906,4.874829553951886,0.5416666666666666,True,False,0.7190014091374084,0.3379306622945799,True,False,0.733381437320226,0.3379306622945799,True,False,1.3301526069042975,0.3379306622945799,True,False,1.862213649665996,0.7261914232288172,True
CHFJPY,body60_plus_early1,実体60%以上で入る。さらに1本以内にブレイク水準内へ戻れば撤退,1,2021-04-27 14:00:00,2021-04-27 15:00:00,2021-04-29 09:00:00,long,3m,118.736,118.83,118.51400124096897,119.77799627709311,119.77799627709311,3.000000000000002,2.9367086122067803,42,TP,118.831,0.15799937951551837,0.6012681840352934,1.8544376623404037,1.5253224458158656,0.8225255972696455,0.8225255972696455,0.17747440273035456,0.8225255972696455,1.2034336163934907,1.6202595275056535,1.5696264172711298,0.6666666666666666,3.3227978591424865,4.132927622895314,0.6666666666666666,3.6519130756671143,3.563305132756586,0.4166666666666667,4.987361358103405,3.886091210501865,0.5416666666666666,False,True,0.4240522982144159,0.1075953592483963,False,True,0.4240522982144159,0.46202713089024117,False,True,0.4240522982144159,1.075953592484233,False,True,0.4240522982144159,1.1519032578360633,False
CHFJPY,body60_plus_early1,実体60%以上で入る。さらに1本以内にブレイク水準内へ戻れば撤退,1,2021-06-17 12:00:00,2021-06-17 13:00:00,2021-06-18 06:00:00,short,3m,120.884,120.742,121.05265151541562,119.81004545375315,119.81004545375315,2.999999999999982,2.9356191777359983,17,TP,120.74,0.1553257577078104,0.9270838406009241,1.5837682276932454,1.3326830208638285,0.8414634146341463,0.8780487804878049,0.12195121951219512,0.8780487804878049,1.376845456698874,1.8219772700698107,1.8348534345226624,1.0,5.691264688133237,5.298541672323185,1.0,6.457396473074248,6.998195380091454,0.8333333333333334,9.084134021443441,8.981124705821177,0.75,False,True,1.0107789095440936,1.010778909544002,False,True,1.0107789095440936,2.1889479569742516,False,True,1.0107789095440936,3.734087691309125,False,True,1.0107789095440936,5.208408521153589,False
CHFJPY,body60_plus_early1,実体60%以上で入る。さらに1本以内にブレイク水準内へ戻れば撤退,1,2021-09-13 10:00:00,2021-09-13 11:00:00,2021-09-14 06:00:00,short,3m,119.28,119.21,119.4618701810611,118.45438945681668,119.4618701810611,-1.0000000000000144,-1.0794059857175464,19,SL,119.208,0.12593509053055205,0.5717230971659596,2.1995458043745195,1.5484167214911406,0.7039711191335981,0.9458483754512617,0.054151624548738314,0.9458483754512617,1.1674293496368067,1.9613278472220363,3.3350514001346516,0.6666666666666666,2.6680411201076986,3.4144573858521836,0.6666666666666666,2.6680411201076986,3.6288535472894186,0.5,4.907289917341041,4.716715551619054,0.5416666666666666,False,True,0.1985149642937736,0.5955448928812079,False,False,0.7067132728856624,0.5955448928812079,True,False,1.4372483414865733,0.5955448928812079,True,False,1.6040009114933116,0.5955448928812079,True
CHFJPY,body60_plus_early1,実体60%以上で入る。さらに1本以内にブレイク水準内へ戻れば撤退,1,2022-03-14 06:00:00,2022-03-14 07:00:00,2022-03-14 08:00:00,long,3m,125.912,125.983,125.66208795564471,126.94573613306588,125.778,-0.6388043191455812,-0.7011266917451826,1,early_back_inside,125.984,0.16045602217764554,0.44872108271682826,0.959764538033435,0.772797420234631,0.8051948051947189,0.9480519480518881,0.05194805194811187,0.9480519480518881,0.9165122437905412,0.9348355889935768,0.8288875555742456,0.3333333333333333,2.1314251429052664,2.4617337176829674,0.5,3.084957443678715,2.9166870376597824,0.6666666666666666,3.6707877461146303,3.3903370694165575,0.5833333333333334,True,False,1.6203816875887482,-0.006232237259898135,True,False,1.6203816875887482,-0.006232237259898135,True,True,1.6203816875887482,2.922919274919858,True,True,1.6203816875887482,2.922919274919858,True
CHFJPY,body60_plus_early1,実体60%以上で入る。さらに1本以内にブレイク水準内へ戻れば撤退,1,2022-03-18 08:00:00,2022-03-18 09:00:00,2022-03-21 08:00:00,long,long,127.072,127.08,126.78043213841738,127.97870358474783,127.97870358474783,2.999999999999997,2.933237164045731,23,TP,127.082,0.14978393079130603,0.06676283595417125,1.3486092862754737,1.0081188229088778,0.7475247524752356,0.8762376237623469,0.12376237623765302,0.8762376237623469,0.8431811586133183,1.301875301107478,1.6089843464969884,1.0,1.7959202871687816,2.2766127060392702,0.6666666666666666,3.2580263945665173,3.6586034102918297,0.6666666666666666,5.8951584147586535,6.068741788239632,0.6666666666666666,False,True,0.06676283595417125,1.4954875253748212,False,True,0.06676283595417125,2.7639814085052135,False,True,0.06676283595417125,2.7639814085052135,False,True,0.06676283595417125,3.091119304680994,False
CHFJPY,body60_plus_early1,実体60%以上で入る。さらに1本以内にブレイク水準内へ戻れば撤退,1,2022-05-31 12:00:00,2022-05-31 13:00:00,2022-06-02 06:00:00,long,3m,133.628,133.831,133.32783697149884,135.34048908550344,135.34048908550344,2.9999999999999902,2.9602514515830705,41,TP,133.826,0.25158151425057523,0.7870212586557511,1.4547968720606308,1.0016634201072065,0.6885245901638568,0.975409836065535,0.024590163934465056,0.975409836065535,1.131335593537194,2.047050243473273,2.2139941468243802,1.0,3.179883873356495,2.031150824106415,0.8333333333333334,3.179883873356495,1.7926595336046722,0.75,3.4819728413253315,3.9788296965372765,0.7083333333333334,False,True,0.0953965162006971,1.7409864206627221,False,True,0.0953965162006971,2.4087620340674887,False,True,0.0953965162006971,2.4087620340674887,False,True,0.0953965162006971,2.4087620340674887,False
CHFJPY,body60_plus_early1,実体60%以上で入る。さらに1本以内にブレイク水準内へ戻れば撤退,1,2022-08-19 07:00:00,2022-08-19 08:00:00,2022-08-22 14:00:00,long,3m,142.56,142.836,142.39060134995503,144.17219595013492,142.39060134995503,-1.000000000000026,-1.0449035936637305,30,SL,142.838,0.22269932502248357,1.248319903852088,2.20476644888984,1.9218738088082965,0.8716904276985946,0.9898167006110069,0.010183299388993077,0.9898167006110069,1.0518836450595572,1.8859509338772562,3.363279165414519,0.3333333333333333,1.8859509338772562,2.83790711954874,0.3333333333333333,2.510110885803364,3.2779623374533777,0.4166666666666667,4.337687147917728,4.333196788551459,0.5416666666666666,False,False,1.724297996687766,0.07184574986208066,False,True,1.724297996687766,0.4580166553702218,False,True,1.724297996687766,1.1270802009600343,False,True,1.724297996687766,2.1014881834633705,False
CHFJPY,body60_plus_early1,実体60%以上で入る。さらに1本以内にブレイク水準内へ戻れば撤退,1,2022-09-22 06:00:00,2022-09-22 07:00:00,2022-09-22 07:00:00,long,3m,150.706,151.043,150.15384101378874,153.7104769586338,150.15384101378874,-1.0000000000000107,-1.022493165238325,0,SL,151.044,0.4445794931056307,0.7602689850557603,2.467500226645327,2.3347905517391583,0.9462169553327283,0.9899726526891562,0.010027347310843752,0.9899726526891562,1.8597372070049667,1.6240065302077786,2.5732181032654933,1.0,3.6978763651822244,4.442400134571139,1.0,3.7541092782780736,4.332183624903284,0.75,4.550367327715086,4.979986783767282,0.625,True,False,4.53237279552446,0.9222197747717119,True,False,15.158144054113713,0.9222197747717119,True,False,15.158144054113713,0.9222197747717119,True,False,16.94635069056135,0.9222197747717119,True
CHFJPY,body60_plus_early1,実体60%以上で入る。さらに1本以内にブレイク水準内へ戻れば撤退,1,2023-04-11 14:00:00,2023-04-11 15:00:00,2023-04-13 08:00:00,long,3m,147.561,147.676,147.18113421218285,149.1605973634514,149.1605973634514,2.99999999999998,2.9595850016461793,41,TP,147.676,0.24743289390856824,0.46477248106905156,1.8995049226303515,1.661056432342721,0.874468085106388,0.8829787234042406,0.11702127659575948,0.8829787234042406,1.0145822004309386,1.661056432342721,1.657014932507318,0.6666666666666666,1.661056432342721,1.9035464224656395,0.5,2.3359869048518114,3.3948598617222374,0.5,3.471648358594665,3.281697866331527,0.5,False,True,0.008082999670691201,0.8770054642783232,False,True,0.008082999670691201,0.8770054642783232,False,True,0.008082999670691201,1.21649145045057,False,True,0.008082999670691201,1.7540109285566463,False
CHFJPY,body60_plus_early1,実体60%以上で入る。さらに1本以内にブレイク水準内へ戻れば撤退,1,2023-05-22 09:00:00,2023-05-22 10:00:00,2023-05-23 09:00:00,long,3m,153.958,154.08,153.62779356533022,155.43661930400938,153.62779356533022,-0.9999999999999979,-1.0442275882575294,23,SL,154.082,0.2261032173348956,0.5484220943938674,1.0879986711361782,0.8580152121968387,0.7886178861788758,0.9065040650406588,0.09349593495934114,0.9065040650406588,1.0549281827252333,2.923443583825492,3.042858072120877,0.6666666666666666,3.0472808309466557,3.2595732545830076,0.8333333333333334,3.533784301780004,2.7421104719694624,0.75,4.643896767044948,4.696969872954036,0.6666666666666666,False,True,0.12383724712116341,0.7739827945075541,False,True,0.12383724712116341,1.2295269535605804,False,True,0.12383724712116341,1.5612338654923175,False,True,0.7960965886363199,1.5612338654923175,False
CHFJPY,body60_plus_early1,実体60%以上で入る。さらに1本以内にブレイク水準内へ戻れば撤退,1,2023-06-15 00:00:00,2023-06-15 01:00:00,2023-06-15 15:00:00,long,3m,155.546,155.817,155.34813628243086,157.22359115270748,157.22359115270748,2.9999999999999996,2.957343681648747,14,TP,155.819,0.23443185878457962,1.1645174909902367,1.612408833678873,1.4887055104600226,0.9232804232803606,0.9576719576719075,0.04232804232809245,0.9576719576719075,1.0842818063609154,0.8915170535420023,1.6166744655139014,0.6666666666666666,2.3674256684966974,2.252253608948146,0.6666666666666666,2.3674256684966974,1.8214247936001076,0.5833333333333334,3.9585063429998235,4.918273505903854,0.5833333333333334,False,True,0.17489090524028086,1.5313618288113964,False,True,0.17489090524028086,1.5313618288113964,False,True,0.17489090524028086,1.6550651520301258,False,True,0.17489090524028086,2.546582205572128,False
CHFJPY,body60_plus_early1,実体60%以上で入る。さらに1本以内にブレイク水準内へ戻れば撤退,1,2023-09-21 07:00:00,2023-09-21 08:00:00,2023-10-03 14:00:00,short,3m,163.827,163.755,164.33910179998247,162.0026946000526,162.0026946000526,2.9999999999999774,2.9657593933102158,198,TP,163.755,0.292050899991236,0.24653236816651938,4.988856394702827,3.913701344643349,0.7844886753603333,0.8634179821551238,0.13658201784487628,0.8634179821551238,1.6581375144427728,0.7738377111893201,3.6808652191528126,0.0,1.537403240371653,3.697985522497693,0.16666666666666666,1.9037777319524365,3.561023095738451,0.4166666666666667,2.3180890728989647,4.4101901416453835,0.4583333333333333,False,True,0.3252857635530302,1.6058844537512744,False,True,0.3252857635530302,1.7394228198414237,False,True,0.3252857635530302,2.489292106347969,False,True,0.3252857635530302,2.667343261134867,False
CHFJPY,body60_plus_early1,実体60%以上で入る。さらに1本以内にブレイク水準内へ戻れば撤退,1,2024-03-06 07:00:00,2024-03-06 08:00:00,2024-03-06 09:00:00,short,3m,169.197,169.113,169.4927402825307,167.97377915240796,169.345,-0.6109438757824087,-0.6636114512808444,1,early_back_inside,169.113,0.189870141265339,0.4424076341872795,2.8914498948666383,1.795964324498336,0.6211293260473985,0.6466302367941783,0.3533697632058217,0.6466302367941783,0.9129698999877736,1.0006839344711775,2.1751708680874327,1.0,1.0533515099696134,2.2173049284861217,0.8333333333333334,2.5227768663772885,3.023118833613027,0.5833333333333334,3.318057256404447,3.623529194295614,0.625,True,False,1.2956223572627472,0.27913815014194904,True,False,1.4536250837582043,0.27913815014194904,True,False,1.4536250837582043,0.27913815014194904,True,True,1.4536250837582043,0.6214773908820809,True
CHFJPY,body60_plus_early1,実体60%以上で入る。さらに1本以内にブレイク水準内へ戻れば撤退,1,2024-04-26 03:00:00,2024-04-26 04:00:00,2024-04-26 08:00:00,long,3m,170.702,170.779,170.34517246091107,172.08048261726674,170.34517246091107,-1.0000000000000182,-1.0461012688175395,4,SL,170.778,0.2169137695444579,0.3503696430134497,3.2639698322834647,2.0192355742092123,0.6186440677965949,0.7019774011299248,0.29802259887007515,0.7019774011299248,1.1712795701178855,0.9589063914053065,1.2677848924830133,0.0,1.304665907536978,1.1479215935573008,0.0,1.9961849398004516,2.369605217222662,0.4166666666666667,3.978539498955699,3.7526432817496094,0.4166666666666667,False,True,0.02305063440876062,1.3830380645269473,False,True,0.02305063440876062,1.3830380645269473,False,True,0.02305063440876062,3.180987548411848,False,True,2.1068279849626075,5.444559847354263,False
CHFJPY,body60_plus_early1,実体60%以上で入る。さらに1本以内にブレイク水準内へ戻れば撤退,1,2024-05-30 08:00:00,2024-05-30 09:00:00,2024-06-03 00:00:00,long,3m,172.713,173.019,172.55847257929386,174.40058226211843,174.40058226211843,3.0000000000000298,2.956571532767144,36,TP,173.016,0.23026371035306908,1.3158825571576165,2.436337011767001,2.2582802961120225,0.926916221033871,0.9572192513368951,0.042780748663104856,0.9572192513368951,1.462446876528585,3.0095927792416335,4.242961248656792,0.6666666666666666,3.0095927792416335,3.422163217954416,0.5,3.6393055541190904,1.7675386163799716,0.5,3.6393055541190904,3.9215905911330933,0.625,False,True,0.7773695634693669,0.4473132124991653,False,True,0.7773695634693669,1.2594255497549147,False,False,1.4418251121330832,1.2594255497549147,False,True,1.4418251121330832,1.6459389081279414,False
CHFJPY,body60_plus_early1,実体60%以上で入る。さらに1本以内にブレイク水準内へ戻れば撤退,1,2024-07-23 03:00:00,2024-07-23 04:00:00,2024-07-24 01:00:00,short,3m,175.854,175.778,176.2602205395452,174.33133838136436,174.33133838136436,3.0000000000000004,2.9585252008990657,21,TP,175.775,0.24111026977260505,0.3276509128977123,1.9368731180153367,1.3520784506916657,0.6980728051391953,0.781584582441098,0.218415417558902,0.781584582441098,0.934864678666806,1.5718948859269248,1.5055352073652883,0.6666666666666666,2.268671510823284,2.455308106777489,0.5,2.687566981743099,2.948858216079057,0.4166666666666667,5.470526001418301,6.142417746853957,0.5416666666666666,False,False,0.4811076695712169,0.2447013146957255,False,False,0.5391723883126195,0.2447013146957255,True,False,0.8917081806709161,0.5184349887621522,True,True,1.1156720958161743,3.1852645709546663,True
CHFJPY,body60_plus_early1,実体60%以上で入る。さらに1本以内にブレイク水準内へ戻れば撤退,1,2024-12-19 09:00:00,2024-12-19 10:00:00,2024-12-23 22:00:00,long,3m,175.016,175.216,174.305816841446,177.94654947566204,174.305816841446,-1.0000000000000095,-1.0219735992827688,60,SL,175.216,0.45509157927700544,0.43947198565561885,1.3689552353171774,1.120653563421775,0.8186195826645327,0.8186195826645327,0.18138041733546728,0.8186195826645327,1.659445351645265,5.5109787001210115,3.662999000439274,1.0,5.869148368430334,6.0581213222622,1.0,7.780851506032061,7.543536633778101,0.8333333333333334,7.780851506032061,7.319405921093745,0.625,False,False,0.7097472568337804,0.10767063648556947,True,False,0.8437862124587482,0.23511751232573452,True,False,0.9272858897332702,0.23511751232573452,True,True,1.3601657956040238,0.9492594890160292,True
AUDJPY,body60_plus_early1,実体60%以上で入る。さらに1本以内にブレイク水準内へ戻れば撤退,1,2015-03-06 12:00:00,2015-03-06 13:00:00,2015-03-06 13:00:00,long,3m,93.959,93.998,93.71623409786797,94.8432977063961,93.71623409786797,-1.0000000000000202,-1.0443630684387673,0,SL,93.998,0.1408829510660155,0.2768255470580447,2.1081330122111623,1.8029151013523599,0.8552188552188802,0.9360269360269649,0.06397306397303514,0.9360269360269649,0.9330269497841363,1.3273430076886068,2.3139776497672115,0.6666666666666666,1.6893456461491267,2.8747268348334396,0.6666666666666666,2.7966478343812042,3.832969113111287,0.6666666666666666,4.9757617560943626,1.9448769203564515,0.5,True,False,2.299781467866732,1.4054220081407411,True,False,4.237560297273045,1.4054220081407411,True,False,4.237560297273045,1.4054220081407411,True,False,5.92690594342207,1.4054220081407411,True
AUDJPY,body60_plus_early1,実体60%以上で入る。さらに1本以内にブレイク水準内へ戻れば撤退,1,2015-11-19 00:00:00,2015-11-19 01:00:00,2015-11-24 22:00:00,long,3m,88.098,88.144,87.83310377695291,89.07668866914129,89.07668866914129,3.0,2.9597936575829835,93,TP,88.142,0.15544811152354754,0.28305265061603363,1.9620695099521406,1.5760886227484168,0.803278688524578,0.9311475409836023,0.06885245901639772,0.9311475409836023,1.0538927417488964,1.5246245044547089,1.5117584748811905,0.6666666666666666,4.03993328606549,4.49024432113644,0.8333333333333334,4.03993328606549,3.0942801124163664,0.5833333333333334,4.03993328606549,2.4702776781037405,0.5416666666666666,False,True,0.28305265061603363,2.058564731753163,False,True,0.28305265061603363,2.058564731753163,False,True,0.28305265061603363,2.058564731753163,False,True,0.28305265061603363,2.058564731753163,False
AUDJPY,body60_plus_early1,実体60%以上で入る。さらに1本以内にブレイク水準内へ戻れば撤退,1,2016-02-11 08:00:00,2016-02-11 09:00:00,2016-02-11 12:00:00,short,3m,79.21,78.322,79.34319032270673,75.25842903187983,79.34319032270673,-1.0000000000000042,-1.0122406173678389,3,SL,78.324,0.5105951613533627,1.7352299180658122,4.759152032618433,3.307904437486663,0.6950617283950667,0.6954732510288077,0.30452674897119225,0.6954732510288077,1.3892239301602822,1.0145023674470612,3.1198885547165442,0.0,1.476708079256927,3.924831552826087,0.3333333333333333,2.4872934491462586,4.32828230127029,0.5,4.4712527121267165,6.455211975107174,0.5416666666666666,False,False,0.22326886078951586,1.1418047880726532,False,False,1.045838347908757,1.1418047880726532,False,False,1.045838347908757,1.1418047880726532,True,False,3.1551415327359416,1.1418047880726532,False
AUDJPY,body60_plus_early1,実体60%以上で入る。さらに1本以内にブレイク水準内へ戻れば撤退,1,2016-04-05 09:00:00,2016-04-05 10:00:00,2016-04-07 00:00:00,short,3m,83.345,83.126,83.70612201460138,81.3856339561959,83.70612201460138,-1.0000000000000064,-1.0215471912552427,38,SL,83.126,0.29006100730068407,0.7550135815841442,1.9926842472860702,1.5203698149708116,0.7629757785466886,0.8581314878892605,0.1418685121107395,0.8581314878892605,1.3221284133478677,2.7752782336769757,2.492579084407992,1.0,4.061214607790611,2.899390055307205,0.6666666666666666,4.216354384828459,5.254067115681587,0.75,6.053898855076682,6.664115311425501,0.7083333333333334,False,False,0.3654403636891202,0.24822364326055668,True,False,1.1721672042858804,0.24822364326055668,True,False,1.1721672042858804,0.24822364326055668,True,True,1.1721672042858804,1.1101112934707902,True
AUDJPY,body60_plus_early1,実体60%以上で入る。さらに1本以内にブレイク水準内へ戻れば撤退,1,2016-06-03 14:00:00,2016-06-03 15:00:00,2016-06-03 16:00:00,short,3m,78.308,78.191,78.63008079192335,76.87375762422998,78.438,-0.5625388414693496,-0.5910074063210115,1,early_back_inside,78.193,0.2195403959616697,0.5238215932710959,2.309369980768868,1.812878209755458,0.7850098619329455,0.8205128205128291,0.17948717948717086,0.8205128205128291,1.2059493258821032,2.186385780609637,3.029055300219605,0.6666666666666666,2.482458855067179,3.170259381883938,0.5,2.5507834107112326,2.7557570776433917,0.4166666666666667,2.7921968406535322,1.2161770904640818,0.375,True,False,1.279946675731908,0.150314022416917,True,False,1.279946675731908,0.150314022416917,True,False,1.279946675731908,0.150314022416917,True,False,1.9130875580334243,0.150314022416917,True
AUDJPY,body60_plus_early1,実体60%以上で入る。さらに1本以内にブレイク水準内へ戻れば撤退,1,2016-06-14 07:00:00,2016-06-14 08:00:00,2016-06-14 13:00:00,short,3m,78.034,77.893,78.32493149566804,76.59720551299588,78.32493149566804,-1.0000000000000029,-1.0289397743053144,5,SL,77.893,0.2159657478340187,0.6528813083284458,1.838254463875018,1.4817164444332644,0.8060453400503782,0.9722921914357785,0.027707808564221458,0.9722921914357785,1.0513397291724198,1.4215217138781375,2.329073036093588,0.6666666666666666,1.4770860805443884,2.440201769426089,0.5,1.879927738874706,2.5698519583139636,0.5,3.310710180530596,2.8615648833117797,0.5,False,True,0.4954489361073802,1.7271257305425822,False,True,0.4954489361073802,1.7873204610976434,False,True,0.4954489361073802,1.7873204610976434,True,False,2.0929244777620224,1.7873204610976434,False
AUDJPY,body60_plus_early1,実体60%以上で入る。さらに1本以内にブレイク水準内へ戻れば撤退,1,2017-02-10 15:00:00,2017-02-10 16:00:00,2017-02-10 17:00:00,long,3m,87.089,87.124,86.81466272718721,88.05201181843834,87.012,-0.36206435448785523,-0.40247332262262564,1,early_back_inside,87.122,0.15466863640639278,0.21335935175178988,1.9460959053723252,1.603427855589178,0.8239202657807411,0.9269102990033042,0.07308970099669578,0.9269102990033042,1.0405990184830654,1.7715291630299517,2.1982478665335314,0.6666666666666666,1.8620452516518924,1.9008378610613088,0.5,2.2305750410413476,0.9956769748416249,0.5,6.161559461195415,6.025785328262457,0.625,True,False,1.4482574179515129,0.07758521881883268,True,False,1.4482574179515129,0.07758521881883268,True,False,2.2887639551554724,0.36852978938945524,True,False,2.2887639551554724,0.36852978938945524,True
AUDJPY,body60_plus_early1,実体60%以上で入る。さらに1本以内にブレイク水準内へ戻れば撤退,1,2017-05-02 00:00:00,2017-05-02 01:00:00,2017-05-02 02:00:00,long,3m,84.412,84.418,84.14249385671542,85.24451842985378,84.358,-0.21778098769297868,-0.2631520267956396,1,early_back_inside,84.418,0.1377530716422972,0.043556197538595735,2.199587975698982,1.5389856463636817,0.6996699669967168,0.7326732673267671,0.267326732673233,0.7326732673267671,0.8505033362170541,1.4518732512864903,2.0979568481089594,0.6666666666666666,1.4518732512864903,1.2195735310806808,0.5,2.177809876929684,2.744040444931428,0.6666666666666666,7.22306942515022,7.353738017766006,0.75,True,False,0.7840115556947233,0.5081556379502148,True,False,0.7840115556947233,0.5081556379502148,True,False,0.7840115556947233,0.5081556379502148,True,False,0.9219395145669775,0.8420864857461499,True
AUDJPY,body60_plus_early1,実体60%以上で入る。さらに1本以内にブレイク水準内へ戻れば撤退,1,2017-05-18 09:00:00,2017-05-18 10:00:00,2017-05-18 11:00:00,short,3m,81.913,81.865,82.45514325572694,80.09457023281917,81.921,-0.094892213808375,-0.11607351153343504,1,early_back_inside,81.866,0.2950716278634715,0.15928335889258644,2.8128763378905273,2.4807535895612873,0.8819277108433745,0.8831325301204886,0.11686746987951133,0.8831325301204886,1.7088297296906045,2.39263939102497,3.514400918545181,0.6666666666666666,2.39263939102497,3.2602253458442196,0.5,3.2703923687522582,1.626723665286105,0.3333333333333333,4.090532216667296,4.375208858092373,0.5,True,False,0.782860763918913,0.020334045816076913,True,False,2.0977957266918548,0.020334045816076913,True,False,2.0977957266918548,0.020334045816076913,True,False,2.900990536426845,0.020334045816076913,True
AUDJPY,body60_plus_early1,実体60%以上で入る。さらに1本以内にブレイク水準内へ戻れば撤退,1,2017-08-09 00:00:00,2017-08-09 01:00:00,2017-08-09 23:00:00,short,3m,86.64,86.534,86.86151852511034,85.55144442466899,86.86151852511034,-0.9999999999999816,-1.0381657800754058,22,SL,86.534,0.16375926255517062,0.6472916300797523,3.5234648165663693,2.3387990030241044,0.6637781629116062,0.7573656845753882,0.2426343154246118,0.7573656845753882,1.2777565764074452,2.595273045131199,4.555467509806764,1.0,3.383014745888704,5.129480842141632,1.0,4.097478148901325,5.709600699288603,0.8333333333333334,5.654641975980026,7.016397009072399,0.625,False,True,0.3663914887243341,1.514418153394244,False,True,0.3663914887243341,1.5205246782063466,False,True,0.3663914887243341,1.5205246782063466,True,False,1.5571638270787018,1.5205246782063466,False
AUDJPY,body60_plus_early1,実体60%以上で入る。さらに1本以内にブレイク水準内へ戻れば撤退,1,2017-09-12 06:00:00,2017-09-12 07:00:00,2017-09-14 22:00:00,long,3m,87.938,88.038,87.73994541540061,88.93216375379816,87.73994541540061,-0.9999999999999825,-1.041938626835029,63,SL,88.039,0.14902729229969486,0.6777282096549633,2.5901295933348045,2.31501220129667,0.8937823834196962,0.9041450777202271,0.09585492227977291,0.9041450777202271,0.9270352893721396,1.3084851572545981,3.0397116730069618,1.0,2.200939136305267,1.7513570566331096,0.8333333333333334,2.764594280968827,1.6037330901736695,0.6666666666666666,4.91185197492512,5.435246037826998,0.7083333333333334,False,True,0.2751173920381345,0.9260048805187061,False,True,0.2751173920381345,1.3822971404844135,False,True,0.2751173920381345,1.3822971404844135,False,True,0.2751173920381345,1.3822971404844135,False
AUDJPY,body60_plus_early1,実体60%以上で入る。さらに1本以内にブレイク水準内へ戻れば撤退,1,2017-11-13 09:00:00,2017-11-13 10:00:00,2017-11-15 01:00:00,short,3m,86.69,86.667,86.89629757330448,85.97910728008658,85.97910728008658,3.0000000000000155,2.945485685609996,39,TP,86.665,0.11464878665223624,0.21805725756020328,1.212398352035107,0.8460621593338267,0.6978417266186845,0.7553956834531866,0.24460431654681333,0.7553956834531866,0.9472135217851894,2.041015930764152,2.041015930764152,1.0,2.9306895416101186,3.6284727658029925,0.8333333333333334,2.9306895416101186,2.2503508980220266,0.5833333333333334,3.017912444634274,3.192358250682462,0.6666666666666666,False,True,0.23550183816498482,0.340169321794046,True,False,0.6541717726807338,0.340169321794046,True,True,0.6541717726807338,0.7501169660074661,True,False,1.0205079653820142,1.3083435453617154,True
AUDJPY,body60_plus_early1,実体60%以上で入る。さらに1本以内にブレイク水準内へ戻れば撤退,1,2017-11-27 16:00:00,2017-11-27 17:00:00,2017-11-28 06:00:00,short,3m,84.502,84.406,84.67125944925435,83.61022165223699,84.67125944925435,-1.0000000000000184,-1.04712367470841,13,SL,84.405,0.1326297246271697,0.7313594314748609,2.442891296885234,1.6285941979234535,0.6666666666666521,0.8271604938271675,0.17283950617283247,0.8271604938271675,1.2004139424643812,1.7492308051770864,2.0659018992177787,0.6666666666666666,3.739734824861331,4.531412559963062,0.6666666666666666,3.739734824861331,1.8321684726638987,0.4166666666666667,3.739734824861331,4.380616800896101,0.5,False,False,0.6182626121746136,0.11309681930024727,True,False,0.9198541303086422,0.11309681930024727,True,False,0.9198541303086422,0.11309681930024727,True,False,1.4400994990897795,0.11309681930024727,True
AUDJPY,body60_plus_early1,実体60%以上で入る。さらに1本以内にブレイク水準内へ戻れば撤退,1,2017-12-14 00:00:00,2017-12-14 01:00:00,2017-12-14 18:00:00,long,3m,86.2,86.467,86.17500835024741,87.34297494925777,86.17500835024741,-1.0000000000000047,-1.042809443388472,17,SL,86.468,0.1459958248762938,1.8356689324991609,3.3562603616588698,2.9658382379557735,0.8836734693877785,0.9714285714285797,0.028571428571420285,0.9714285714285797,1.4502802686252734,1.630183604234322,3.6850368868826116,1.0,1.794571866846193,3.787779551015031,0.6666666666666666,2.8699450847654506,4.88370130176087,0.75,3.0891294349145793,4.239847273197676,0.6666666666666666,False,False,1.0822227288614514,0.0,False,False,1.0822227288614514,0.0,False,False,1.157567349225193,0.0,False,False,1.4589458306803547,0.0,False
AUDJPY,body60_plus_early1,実体60%以上で入る。さらに1本以内にブレイク水準内へ戻れば撤退,1,2018-03-19 01:00:00,2018-03-19 02:00:00,2018-03-19 03:00:00,short,3m,81.487,81.47,81.78895211847683,80.51314364456952,81.533,-0.19752181079988618,-0.23671264627601693,1,early_back_inside,81.472,0.1594760592384127,0.09405800514280294,1.7620199630084787,1.4547638128752927,0.825622775800692,0.8825622775800692,0.1174377224199308,0.8825622775800692,0.9982874447051548,1.022096989218399,1.6177976884562104,0.6666666666666666,1.022096989218399,1.9501359732940846,0.6666666666666666,3.248136444264676,4.332938770244973,0.6666666666666666,6.283074743538969,6.577789826319811,0.625,True,False,0.7524640411424235,0.050164269409465195,True,False,0.7524640411424235,0.050164269409465195,True,True,0.7524640411424235,1.235295134208693,True,False,0.8151693779043219,1.3607058077324898,True
AUDJPY,body60_plus_early1,実体60%以上で入る。さらに1本以内にブレイク水準内へ戻れば撤退,1,2018-05-03 14:00:00,2018-05-03 15:00:00,2018-05-03 16:00:00,short,3m,81.9,81.821,82.1222615301197,80.9172154096409,81.928,-0.3551731280043809,-0.3966653158553225,1,early_back_inside,81.821,0.15063076505984924,0.5244612544364302,3.3459300283030067,2.8878562744281773,0.8630952380952343,0.8888888888888952,0.11111111111110485,0.8888888888888952,1.39943693188333,1.998263766903178,3.292820027853688,0.6666666666666666,2.914411274652742,4.461240037737279,0.6666666666666666,2.914411274652742,4.016443783974827,0.5,3.166683776786769,4.102747534704804,0.5416666666666666,True,False,1.0422837588165776,0.47135125398711175,True,False,2.3567562699356532,0.47135125398711175,True,False,2.8015525236981054,0.47135125398711175,True,False,3.6313962807176923,0.47135125398711175,True
AUDJPY,body60_plus_early1,実体60%以上で入る。さらに1本以内にブレイク水準内へ戻れば撤退,1,2018-06-19 05:00:00,2018-06-19 06:00:00,2018-06-19 15:00:00,short,3m,81.026,80.889,81.25321036124976,79.79636891625073,81.25321036124976,-1.000000000000012,-1.0343208248032822,9,SL,80.89,0.18210518062487815,0.7468211477198148,1.6419082585899754,1.4826596315025986,0.9030100334447828,0.9799331103678927,0.02006688963210734,0.9799331103678927,1.264314888905457,2.1306368037889016,2.8939319474143796,0.6666666666666666,5.216765370101829,3.5419091197006827,0.6666666666666666,5.326592009472371,6.3205230957759655,0.5,7.061852911527304,7.737286743656301,0.625,False,True,0.13728329921323681,0.774277807562509,False,False,0.5875725206325163,1.4387289757543973,False,False,0.6754338321289972,1.4387289757543973,False,True,1.0049137502406251,1.4387289757543973,False
AUDJPY,body60_plus_early1,実体60%以上で入る。さらに1本以内にブレイク水準内へ戻れば撤退,1,2018-08-10 00:00:00,2018-08-10 01:00:00,2018-08-10 06:00:00,short,3m,81.809,81.72,81.9735395490584,80.9593813528248,80.9593813528248,2.999999999999994,2.9506980270083583,5,TP,81.718,0.12676977452919902,0.7178367267588209,1.7038761865925436,1.4120085064817465,0.8287037037036817,0.925925925925904,0.07407407407409601,0.925925925925904,1.168017219059146,0.962374512797603,1.9957438667032286,0.6666666666666666,1.3567902967310248,2.2402816527418987,0.8333333333333334,4.788207616952008,4.938085614846647,0.8333333333333334,6.152886229361739,4.732989407201286,0.7083333333333334,False,False,1.0806992479776407,0.1893195762880604,False,False,1.0806992479776407,0.1893195762880604,False,True,1.0806992479776407,0.1893195762880604,False,True,1.0806992479776407,7.501788210414169,False
AUDJPY,body60_plus_early1,実体60%以上で入る。さらに1本以内にブレイク水準内へ戻れば撤退,1,2018-10-10 19:00:00,2018-10-10 20:00:00,2018-10-11 12:00:00,short,3m,79.703,79.514,79.89004606472292,78.38586180583123,79.89004606472292,-1.0000000000000113,-1.0332406084589745,16,SL,79.516,0.18802303236146187,0.9945590050930699,1.4679052695491288,1.3030318515924901,0.8876811594202669,0.8876811594202669,0.11231884057973308,0.8876811594202669,1.224299223109463,2.175265417556485,2.7071151529004247,0.3333333333333333,4.127153946268601,3.0794099676411144,0.6666666666666666,4.472856274242121,4.621774200138442,0.5833333333333334,4.632411194845295,3.6378521897522247,0.375,False,True,0.27124336502532087,2.281635364625318,False,True,0.27124336502532087,2.5156492481766155,False,True,0.27124336502532087,2.5156492481766155,False,True,0.27124336502532087,2.5156492481766155,False
AUDJPY,body60_plus_early1,実体60%以上で入る。さらに1本以内にブレイク水準内へ戻れば撤退,1,2019-01-30 19:00:00,2019-01-30 20:00:00,2019-01-30 20:00:00,long,3m,79.102,79.193,78.92179445936408,80.00661662190775,78.92179445936408,-0.9999999999999983,-1.0460905037953072,0,SL,79.193,0.13560277031795942,0.6710777352602642,3.8863512800239923,3.06778393261853,0.7893738140417381,0.8254269449715397,0.1745730550284603,0.8254269449715397,0.9424439265087936,0.6858266964748468,2.617940615575958,0.3333333333333333,1.393776834771463,3.281643870228931,0.5,2.1607228179260956,3.8052319933441017,0.5833333333333334,5.6857245481944885,7.964439055836617,0.625,True,False,2.1091014536752657,0.0,True,False,2.1091014536752657,0.0,True,False,2.1091014536752657,0.0,True,False,2.219718662784112,0.0,True
AUDJPY,body60_plus_early1,実体60%以上で入る。さらに1本以内にブレイク水準内へ戻れば撤退,1,2019-03-25 00:00:00,2019-03-25 01:00:00,2019-03-25 07:00:00,short,3m,77.728,77.627,77.96080118557015,76.62559644328954,77.96080118557015,-1.0000000000000064,-1.0374474403937186,6,SL,77.625,0.1669005927850751,0.6171338176889033,2.294779147328823,1.959250081400788,0.8537859007832632,0.9347258485639555,0.06527415143604451,0.9347258485639555,1.326461722754604,1.0365451500988194,1.5997546536208114,0.3333333333333333,1.4619480729718486,1.983216443252815,0.5,3.277399983260646,3.5230551922436018,0.5,6.351085890779362,6.051506367629409,0.5416666666666666,False,False,0.43139451333597206,0.5032935988919675,False,False,0.6051506367629325,0.5032935988919675,True,False,0.9826208359319081,0.5032935988919675,True,False,1.8573930435298232,0.5032935988919675,True
AUDJPY,body60_plus_early1,実体60%以上で入る。さらに1本以内にブレイク水準内へ戻れば撤退,1,2019-06-13 01:00:00,2019-06-13 02:00:00,2019-06-17 16:00:00,short,3m,74.967,74.955,75.13380034011024,74.41859897966928,74.41859897966928,3.0000000000000187,2.930089618441002,62,TP,74.956,0.08940017005511854,0.12304227154393298,3.8031247568140056,2.5055880750774793,0.6588235294117691,0.9588235294117357,0.041176470588264305,0.9588235294117357,1.0293100800502644,0.9843381723517817,2.449659769830107,0.6666666666666666,1.1744944101925932,2.326617498286174,0.3333333333333333,2.8411579065610773,4.228179876693177,0.5,4.496635741880055,5.4138599479351175,0.5416666666666666,False,True,0.3243841704340918,2.069347294148802,False,True,0.3243841704340918,2.069347294148802,False,True,0.3243841704340918,2.069347294148802,False,True,0.3243841704340918,2.069347294148802,False
AUDJPY,body60_plus_early1,実体60%以上で入る。さらに1本以内にブレイク水準内へ戻れば撤退,1,2019-07-26 14:00:00,2019-07-26 15:00:00,2019-07-30 13:00:00,short,3m,75.132,75.084,75.2365994230905,74.62620173072851,74.62620173072851,2.999999999999999,2.918086190977434,46,TP,75.082,0.07629971154524878,0.6553104721812659,1.4941078765730034,1.0091781271590825,0.6754385964913112,0.9298245614035503,0.07017543859644967,0.9298245614035503,0.9567010165527179,2.372223909295609,2.870259868153401,0.6666666666666666,2.5032860037317133,2.8833660775970857,0.6666666666666666,4.272624278620796,4.377473954169903,0.75,5.937112877960772,6.435148836818564,0.6666666666666666,False,True,0.18348693221084386,0.7732663571736852,False,True,0.19659314165434252,0.7732663571736852,False,False,0.19659314165434252,0.7732663571736852,False,True,0.4718235399704221,0.7732663571736852,False
AUDJPY,body60_plus_early1,実体60%以上で入る。さらに1本以内にブレイク水準内へ戻れば撤退,1,2019-10-02 08:00:00,2019-10-02 09:00:00,2019-10-04 12:00:00,short,3m,71.993,71.937,72.19998346716622,71.14804959850133,72.19998346716622,-1.0000000000000007,-1.0475315050587877,51,SL,71.938,0.1314917335831111,0.41827724451764975,2.1370164674449437,1.8328148350684907,0.8576512455516255,0.8647686832740291,0.1352313167259709,0.8647686832740291,1.1212707692955697,2.9963860789086985,3.3005877112851514,1.0,3.2929826704758103,3.399453241807558,0.6666666666666666,3.2929826704758103,2.121806385826153,0.3333333333333333,5.110587423925403,5.125797505544193,0.4166666666666667,False,True,0.06084032647526896,0.9962603460330831,False,True,0.06084032647526896,0.9962603460330831,False,True,0.06084032647526896,0.9962603460330831,False,True,0.494327652611817,1.0266805092707716,False
AUDJPY,body60_plus_early1,実体60%以上で入る。さらに1本以内にブレイク水準内へ戻れば撤退,1,2019-12-12 11:00:00,2019-12-12 12:00:00,2019-12-12 13:00:00,long,3m,74.844,74.865,74.7134994085861,75.31950177424169,74.828,-0.24422346906163966,-0.32673139779862304,1,early_back_inside,74.865,0.07575029570694838,0.2772266405565268,1.3993344713804388,0.9108875332569719,0.6509433962263392,0.6886792452829911,0.31132075471700893,0.6886792452829911,0.9252262305947138,1.0957052936281149,1.0032964134425435,0.6666666666666666,1.9009826781018981,1.8745801409059133,0.8333333333333334,3.8943742363891802,3.815166624801601,0.6666666666666666,7.260697728861103,7.141886311479735,0.7083333333333334,True,False,0.8580824588653776,0.03960380579378955,True,False,1.3597306655866492,0.25082410336072963,True,True,1.3597306655866492,3.48513490985348,True,True,1.3597306655866492,7.5775281752114205,True
AUDJPY,body60_plus_early1,実体60%以上で入る。さらに1本以内にブレイク水準内へ戻れば撤退,1,2020-11-09 11:00:00,2020-11-09 12:00:00,2020-11-13 01:00:00,long,3m,76.112,76.271,75.85229141545858,77.52712575362425,75.85229141545858,-1.0000000000000107,-1.0298536988767104,85,SL,76.272,0.2093542922707079,0.7642546912442617,4.074432822695669,3.7687309461980183,0.9249706916764439,0.9777256740914521,0.022274325908547915,0.9777256740914521,0.9636805861430752,1.0460736086405522,4.3944644746542165,0.6666666666666666,1.1559352205068891,3.4439227024192394,0.5,2.3214236246543085,4.977208676727926,0.6666666666666666,3.19076333594454,5.865654755299355,0.4583333333333333,False,True,0.8645631194700681,3.5299013551841485,False,True,0.8645631194700681,3.6588693343316137,False,True,0.8645631194700681,3.6588693343316137,False,True,0.8645631194700681,3.6588693343316137,False
AUDJPY,body60_plus_early1,実体60%以上で入る。さらに1本以内にブレイク水準内へ戻れば撤退,1,2021-04-20 06:00:00,2021-04-20 07:00:00,2021-04-20 09:00:00,long,3m,84.484,84.651,84.3773381667813,85.47198549965607,84.3773381667813,-1.0000000000000229,-1.0456768116071409,2,SL,84.652,0.13683091660934507,1.2277926960004926,2.0755543194292656,1.775914435286323,0.8556338028169085,0.9718309859155078,0.028169014084492242,0.9718309859155078,1.1551816396480323,1.4397331018576858,2.287494725286563,1.0,4.026867711287191,4.509214841858814,1.0,4.61153089985882,5.678541219002071,0.8333333333333334,4.7284635375730835,4.52383142157307,0.7083333333333334,False,False,0.3873393624286922,0.4677305508572613,False,False,1.0670103191432505,0.4677305508572613,True,False,2.367885913715132,0.4677305508572613,True,False,3.719919537287068,0.4677305508572613,True
AUDJPY,body60_plus_early1,実体60%以上で入る。さらに1本以内にブレイク水準内へ戻れば撤退,1,2021-06-17 10:00:00,2021-06-17 11:00:00,2021-06-18 05:00:00,short,3m,83.973,83.831,84.13010305733988,82.93369082798037,82.93369082798037,3.0000000000000004,2.9582083843904527,18,TP,83.83,0.14955152866993868,0.9561921651473234,1.8722643793094431,1.6582913073883885,0.8857142857142988,0.9392857142857292,0.06071428571427085,0.9392857142857292,1.5826341072249286,2.387137083619526,2.507496936575137,1.0,3.035742957880351,4.085548341993118,1.0,3.83814197758433,3.2497160298014056,0.6666666666666666,4.794334142731653,5.94443940430743,0.7083333333333334,False,True,0.6285458987682232,0.5416193383002501,False,True,0.6285458987682232,2.0260575247526926,False,True,0.6285458987682232,2.0461175002452943,False,True,0.6285458987682232,5.095233775120682,False
AUDJPY,body60_plus_early1,実体60%以上で入る。さらに1本以内にブレイク水準内へ戻れば撤退,1,2021-07-08 06:00:00,2021-07-08 07:00:00,2021-07-09 13:00:00,short,3m,82.133,81.954,82.30253999436964,80.90838001689106,82.30253999436964,-1.0000000000000024,-1.0358638899463934,30,SL,81.953,0.17426999718482206,1.0328800304569559,2.387100514833933,1.8706604996054146,0.7836538461538363,0.9110576923076769,0.08894230769232313,0.9110576923076769,1.3909545353518273,2.042807171348254,3.276524985505244,1.0,3.4027658781166865,3.477362769205196,0.8333333333333334,4.504504577270779,4.929133034236422,0.6666666666666666,6.501405969487635,6.6333850844904525,0.5416666666666666,False,True,0.4016755673999046,2.3469329580939915,False,True,0.4016755673999046,2.4903885178796368,False,True,0.4016755673999046,2.4903885178796368,False,True,0.4016755673999046,3.5060538811623903,False
AUDJPY,body60_plus_early1,実体60%以上で入る。さらに1本以内にブレイク水準内へ戻れば撤退,1,2021-07-18 22:00:00,2021-07-18 23:00:00,2021-07-19 11:00:00,short,3m,81.319,81.298,81.57346653211643,80.47160040365071,80.47160040365071,2.999999999999991,2.9546224366932976,12,TP,81.3,0.13773326605821545,0.13794779245251299,0.8639888053602263,0.6389160913588826,0.7394957983193969,1.0,0.0,1.0,1.0271780229306349,1.5246861271063423,0.6679577318751251,1.0,2.3305916514339806,2.4830602641445116,0.8333333333333334,4.065829672283442,3.8334965481529863,0.75,4.341725257188365,2.105518937432534,0.5416666666666666,False,True,0.21781230387233463,1.1181031598779156,False,True,0.21781230387233463,2.170862628594131,False,True,0.21781230387233463,2.170862628594131,False,True,0.21781230387233463,2.170862628594131,False
AUDJPY,body60_plus_early1,実体60%以上で入る。さらに1本以内にブレイク水準内へ戻れば撤退,1,2021-09-03 05:00:00,2021-09-03 06:00:00,2021-09-07 05:00:00,long,3m,81.581,81.647,81.42040123981778,82.3267962805467,81.42040123981778,-0.9999999999999826,-1.055163585140237,47,SL,81.645,0.1132993800911157,0.5648751118366575,1.6240159465305473,1.3327522169897275,0.8206521739130342,0.9293478260869271,0.07065217391307287,0.9293478260869271,0.9919286693723917,1.6240159465305473,1.147402570918297,0.6666666666666666,2.330109836326432,2.7625923438264786,0.5,2.330109836326432,1.9594105441835703,0.4166666666666667,4.333651248622331,4.315998901377349,0.5833333333333334,False,True,0.4413086811224122,0.5472227645918012,False,True,0.6354845008163338,0.9444005776020098,False,True,0.6354845008163338,1.226838133520464,False,True,0.6354845008163338,1.226838133520464,False
AUDJPY,body60_plus_early1,実体60%以上で入る。さらに1本以内にブレイク水準内へ戻れば撤退,1,2021-10-07 14:00:00,2021-10-07 15:00:00,2021-10-11 02:00:00,long,3m,81.427,81.513,81.21865879435958,82.39602361692128,82.39602361692128,3.0000000000000195,2.9575322796793415,35,TP,81.513,0.14717060282021208,0.5843558316130474,1.5356327667970981,1.3997360617708328,0.9115044247787784,0.9380530973451511,0.061946902654848895,0.9380530973451511,0.906225752129321,1.5084534257919031,1.2026858394827336,0.6666666666666666,2.167552445169382,2.086014422153603,0.6666666666666666,2.4121665142167177,2.2558853034365076,0.4166666666666667,5.259202484517523,5.136895449993855,0.5833333333333334,False,True,0.4756384675920737,0.8901234179222169,False,True,0.4756384675920737,0.9376872646813567,False,True,0.4756384675920737,1.0667891344563716,False,True,0.4756384675920737,1.0667891344563716,False
AUDJPY,body60_plus_early1,実体60%以上で入る。さらに1本以内にブレイク水準内へ戻れば撤退,1,2021-11-17 17:00:00,2021-11-17 18:00:00,2021-11-18 12:00:00,short,3m,82.993,82.925,83.25615163465896,81.9315450960231,83.25615163465896,-0.999999999999998,-1.0377470581199486,18,SL,82.923,0.16557581732948312,0.4227670509437895,2.0474004324279718,1.4132498560122018,0.6902654867256507,0.7905604719764063,0.2094395280235936,0.7905604719764063,1.386750525860518,2.6332347744501883,2.464127954072621,1.0,3.5572827572273673,4.541726032996554,0.8333333333333334,4.843702497956501,4.51756791579982,0.6666666666666666,4.843702497956501,4.8859792030508284,0.625,False,True,0.04227670509441328,0.5193995197309831,False,True,0.04227670509441328,0.6401901057149966,False,True,0.22346258407026176,0.6401901057149966,True,False,0.5254390490302095,0.6401901057149966,False
AUDJPY,body60_plus_early1,実体60%以上で入る。さらに1本以内にブレイク水準内へ戻れば撤退,1,2022-03-02 18:00:00,2022-03-02 19:00:00,2022-03-08 07:00:00,long,3m,83.988,84.386,83.95958819527404,85.66523541417789,83.95958819527404,-0.9999999999999917,-1.0293143854401927,81,SL,84.386,0.2132059023629811,1.8667400648336874,1.1585045125978015,0.900537920723765,0.7773279352226443,0.7854251012145859,0.21457489878541416,0.7854251012145859,0.997304702489892,1.5149674395509405,3.653745001269974,1.0,1.6509861879935803,4.061801246597961,0.5,3.0909088008175796,5.407917826013183,0.75,3.564629269531656,2.7813488905687622,0.5416666666666666,False,False,0.36584353029398997,0.18761206681748716,False,False,0.7269967589176545,0.18761206681748716,False,False,0.8020415856445959,0.18761206681748716,False,False,1.2476202443360531,0.18761206681748716,False
AUDJPY,body60_plus_early1,実体60%以上で入る。さらに1本以内にブレイク水準内へ戻れば撤退,1,2022-04-19 04:00:00,2022-04-19 05:00:00,2022-04-19 22:00:00,long,3m,94.312,94.483,94.13006789473303,95.54179631580091,95.54179631580091,3.0000000000000027,2.9645824230398867,17,TP,94.484,0.17646605263348394,0.9746917179432647,1.8700480634958212,1.49037163848299,0.7969696969696739,0.9121212121211796,0.08787878787882038,0.9121212121211796,1.1010231324851916,3.8137646870687805,3.7400961269916424,1.0,4.981128023675286,5.3948053225697805,1.0,5.978486990873074,6.516834160667241,0.8333333333333334,6.737839840898655,7.655863435705654,0.75,False,False,0.5666812313623407,0.6063489175577352,False,True,0.5666812313623407,1.0596939026477044,False,True,1.173030148920076,1.2296982720563423,False,True,1.173030148920076,2.6520681627759255,False
AUDJPY,body60_plus_early1,実体60%以上で入る。さらに1本以内にブレイク水準内へ戻れば撤退,1,2022-04-26 20:00:00,2022-04-26 21:00:00,2022-04-27 01:00:00,short,3m,90.759,90.572,91.20277408586328,88.67967774241016,91.20277408586328,-1.0000000000000029,-1.0198169206378904,4,SL,90.579,0.31538704293163894,0.5707273143717015,1.3665748471899586,1.173161701764023,0.8584686774942153,0.9976798143851727,0.0023201856148273086,0.9976798143851727,1.1361522143161968,1.1382839214412779,1.9721799418843602,1.0,1.3665748471899586,1.2556000916176984,0.6666666666666666,4.169480102215321,4.756060953097332,0.6666666666666666,5.336300389375229,4.331186174620636,0.5833333333333334,False,True,0.19975456003009553,0.1268282920825703,False,False,0.41219194926846614,0.4438990222890862,True,False,1.128771799535128,0.4438990222890862,True,False,2.9741234493368727,0.4438990222890862,True
AUDJPY,body60_plus_early1,実体60%以上で入る。さらに1本以内にブレイク水準内へ戻れば撤退,1,2022-05-10 00:00:00,2022-05-10 01:00:00,2022-05-10 02:00:00,short,3m,90.439,89.999,90.61778182585965,88.14265452242104,90.61778182585965,-1.0000000000000093,-1.020200981149743,1,SL,89.998,0.30939091292982535,1.4253812299264714,2.550171860344712,2.1332236094138124,0.8365019011406786,0.8681875792141964,0.13181242078580355,0.8681875792141964,1.211343999152342,0.9243968974126613,1.8164722249857026,0.3333333333333333,1.2637733807284637,2.139687923381718,0.5,4.547644876432185,5.753239431449407,0.5833333333333334,5.449416674957107,5.711221390657905,0.625,False,False,1.0989333745464802,0.817735716941966,True,False,2.6826902966870754,0.817735716941966,True,False,2.7344048084304124,0.817735716941966,True,False,3.7396056304421004,0.817735716941966,True
AUDJPY,body60_plus_early1,実体60%以上で入る。さらに1本以内にブレイク水準内へ戻れば撤退,1,2022-08-25 06:00:00,2022-08-25 07:00:00,2022-08-26 15:00:00,long,3m,95.147,95.225,94.90097458755181,96.19707623734455,94.90097458755181,-0.9999999999999877,-1.0385772211677489,32,SL,95.228,0.1620127062240917,0.4999607863345718,1.6665359544487772,1.0863345480850692,0.6518518518518159,0.6962962962962628,0.3037037037037372,0.6962962962962628,0.8727580597049769,1.39495231742751,1.1665751681141179,0.6666666666666666,2.9380411641393636,2.6294233947969228,0.8333333333333334,3.561449058210947,3.592310835145156,0.5833333333333334,5.49956864968108,5.079848483375381,0.5416666666666666,False,True,0.3888583893713141,0.4012031001451556,False,True,0.3888583893713141,1.28384992046434,False,False,0.3888583893713141,1.28384992046434,True,False,0.9320256634139364,1.28384992046434,False
AUDJPY,body60_plus_early1,実体60%以上で入る。さらに1本以内にブレイク水準内へ戻れば撤退,1,2022-11-28 01:00:00,2022-11-28 02:00:00,2022-11-28 03:00:00,short,3m,92.595,92.53,92.99348355587279,91.13954933238163,92.676,-0.31500578208231705,-0.34197545520577843,1,early_back_inside,92.528,0.23174177793639386,0.28911489588373895,3.8447966004841736,3.641984658595511,0.9472502805836016,0.957351290684612,0.04264870931538797,0.957351290684612,1.4533928897482191,1.7519499661016085,4.40576580145266,0.6666666666666666,2.6969673123485904,5.3723588861983504,0.3333333333333333,2.96450646973356,5.450031544793992,0.5,3.283827399515625,5.592431418886004,0.5,True,False,0.8846052784503302,0.30637548668285236,True,False,0.9363870508474251,0.30637548668285236,True,False,1.367901820823175,0.30637548668285236,True,True,1.367901820823175,1.6613318644067536,True
AUDJPY,body60_plus_early1,実体60%以上で入る。さらに1本以内にブレイク水準内へ戻れば撤退,1,2022-12-20 03:00:00,2022-12-20 04:00:00,2022-12-27 01:00:00,short,3m,91.018,88.99,89.74511964570131,86.72464106289605,89.74511964570131,-0.9999999999999999,-1.0165536681122622,116,SL,88.99,0.37755982285065676,5.371334229071768,8.250348187159053,7.511392442626964,0.9104333868378781,0.9540930979133225,0.04590690208667745,0.9540930979133225,1.9247711061688888,0.7707387873076248,7.959003628382973,0.6666666666666666,1.1759725826961895,7.222696470748861,0.6666666666666666,1.1759725826961895,7.35777440254505,0.5833333333333334,2.5320490744539508,6.5446582248699805,0.5833333333333334,False,True,0.029134455877634323,1.2633759503289796,False,True,0.029134455877634323,1.9255226748200733,False,True,0.2569129291025667,2.248650276371727,False,True,0.2569129291025667,2.5876693993111672,False
AUDJPY,body60_plus_early1,実体60%以上で入る。さらに1本以内にブレイク水準内へ戻れば撤退,1,2023-01-18 04:00:00,2023-01-18 05:00:00,2023-01-18 06:00:00,long,3m,91.817,91.848,91.24179672731889,93.66660981804336,91.512,-0.554269524996025,-0.5748896710152037,1,early_back_inside,91.849,0.3031016363405585,0.1055751476183262,1.1085390499920968,0.8149081706786828,0.7351190476190195,0.8214285714285714,0.17857142857142858,0.8214285714285714,1.4137966158279216,6.021082637605665,6.449981674804957,0.6666666666666666,7.380362663191181,7.443047907089512,0.8333333333333334,7.380362663191181,7.634402862147687,0.6666666666666666,7.881844614378066,7.030644986705563,0.5,True,False,1.3790753657639465,0.22104796532577378,True,False,1.5572334273698192,0.22104796532577378,True,False,1.590225661000505,0.22104796532577378,True,False,3.988761045953565,0.22104796532577378,True
AUDJPY,body60_plus_early1,実体60%以上で入る。さらに1本以内にブレイク水準内へ戻れば撤退,1,2023-05-01 03:00:00,2023-05-01 04:00:00,2023-05-02 04:00:00,long,3m,90.778,90.836,90.42339040473675,92.07382878578973,92.07382878578973,2.9999999999999964,2.9697050186338614,24,TP,90.835,0.206304797631622,0.2762902300593474,1.177868875516459,0.9112730394941233,0.7736625514402512,0.7818930041151874,0.21810699588481264,0.7818930041151874,1.0071780203334053,2.5399312377391037,1.8419348670626834,1.0,3.3348715487872256,3.8147440536271957,1.0,3.8632160238130813,4.139506253872497,0.9166666666666666,10.877110109707134,10.353612831699818,0.75,False,False,0.28598462409656583,0.252054244966508,False,True,0.28598462409656583,0.5671220511745914,False,True,0.28598462409656583,0.5671220511745914,True,False,0.4750253078214296,0.5671220511745914,False
AUDJPY,body60_plus_early1,実体60%以上で入る。さらに1本以内にブレイク水準内へ戻れば撤退,1,2023-08-30 12:00:00,2023-08-30 13:00:00,2023-08-30 14:00:00,long,3m,94.935,94.944,94.61591018332683,95.92826945001953,94.896,-0.14630140150865048,-0.18440072481815878,1,early_back_inside,94.947,0.16404490833658789,0.07315070075432524,2.68219236099181,1.816575735399019,0.6772727272727349,0.7363636363636358,0.2636363636363642,0.7363636363636358,1.0720408508854393,1.1886988872577853,2.0969867549572947,0.6666666666666666,1.4813016902750862,1.8531510857761817,0.5,3.6392473625275943,2.621233443696597,0.5833333333333334,3.6392473625275943,3.9928090828401084,0.5833333333333334,True,False,1.2008906707168105,0.04267124210663197,True,False,1.9872607038258068,0.29260280301730096,True,False,1.9872607038258068,0.29260280301730096,True,False,2.2554799399249705,0.29260280301730096,True
AUDJPY,body60_plus_early1,実体60%以上で入る。さらに1本以内にブレイク水準内へ戻れば撤退,1,2023-09-29 01:00:00,2023-09-29 02:00:00,2023-10-02 05:00:00,long,3m,96.064,96.201,95.88180558752109,97.15858323743673,95.88180558752109,-0.9999999999999843,-1.0391610865080836,27,SL,96.2,0.15959720623945622,0.8521452424170785,1.8734663785492172,1.604038103373209,0.8561872909698816,0.909698996655517,0.09030100334448303,0.909698996655517,1.0455977512609493,0.6892351225431715,1.7042904848340679,0.6666666666666666,2.2682101305511435,2.1679577490903736,0.8333333333333334,3.6842750186852977,4.335915498180747,0.75,6.209381876729875,6.152989912158159,0.7083333333333334,False,True,0.03132886920656851,1.9110610215969392,False,True,0.03132886920656851,1.9549214384860816,False,True,0.03132886920656851,1.9549214384860816,False,True,0.03132886920656851,1.9549214384860816,False
AUDJPY,body60_plus_early1,実体60%以上で入る。さらに1本以内にブレイク水準内へ戻れば撤退,1,2023-11-14 14:00:00,2023-11-14 15:00:00,2023-11-16 16:00:00,long,3m,97.592,97.618,97.26051205688539,98.69046382934383,97.26051205688539,-0.9999999999999821,-1.0349662142199147,49,SL,97.617,0.17874397155730612,0.13986485687988964,2.5399458009382614,1.9581079963180574,0.7709251101321642,0.8105726872246761,0.1894273127753239,0.8105726872246761,1.405983751120416,4.296648403349237,5.510675361066395,0.3333333333333333,4.6882700026128,6.0309726286594865,0.3333333333333333,4.6882700026128,4.9791889049229425,0.25,5.057513224775639,5.3148645614346135,0.4583333333333333,False,True,0.29651349658536286,1.0517837237365444,False,True,0.29651349658536286,1.8014593566125048,False,True,0.29651349658536286,1.8014593566125048,False,True,0.29651349658536286,1.8014593566125048,False
AUDJPY,body60_plus_early1,実体60%以上で入る。さらに1本以内にブレイク水準内へ戻れば撤退,1,2023-12-07 02:00:00,2023-12-07 03:00:00,2023-12-07 10:00:00,short,3m,96.032,95.957,96.28190344062162,94.98228967813512,94.98228967813512,2.9999999999999925,2.9615270309970394,7,TP,95.956,0.1624517203108131,0.4678313030762944,1.939037637750585,1.6066311855647553,0.8285714285714209,0.8730158730158523,0.12698412698414774,0.8730158730158523,1.0748973032329159,2.1113965388840072,2.8623888938223336,0.6666666666666666,2.659251617486549,3.5272017981939054,0.8333333333333334,5.27541350968972,5.878669663656567,0.75,6.297255566409064,6.771242544525866,0.5833333333333334,False,True,0.43089725283342445,1.0156863816789237,False,True,0.43089725283342445,1.1141771823265185,False,True,0.43089725283342445,1.3234701337028107,False,True,0.43089725283342445,5.244635134487358,False
AUDJPY,body60_plus_early1,実体60%以上で入る。さらに1本以内にブレイク水準内へ戻れば撤退,1,2024-01-10 19:00:00,2024-01-10 20:00:00,2024-01-11 13:00:00,long,3m,97.591,97.617,97.34430273489568,98.43509179531299,97.34430273489568,-0.9999999999999988,-1.0458383768359616,17,SL,97.617,0.13634863255216362,0.19068764763785587,0.6967433279072617,0.4180459967443778,0.60000000000003,0.9789473684211014,0.021052631578898556,0.9789473684211014,0.8767935782821383,0.9681065187763497,1.0781186231828692,0.6666666666666666,2.3395907537095897,2.1709055269532254,0.6666666666666666,3.989772319805818,3.667070146880368,0.75,8.155564006661901,7.334140293760736,0.75,False,True,0.4620508385069439,0.24202662969411348,False,True,0.4620508385069439,0.4620508385069439,True,False,1.444825637870885,0.4620508385069439,True,True,1.444825637870885,0.8360919934886514,True
AUDJPY,body60_plus_early1,実体60%以上で入る。さらに1本以内にブレイク水準内へ戻れば撤退,1,2024-02-16 02:00:00,2024-02-16 03:00:00,2024-02-20 12:00:00,long,3m,97.88,97.886,97.6654554350083,98.54763369497509,98.54763369497509,2.999999999999984,2.943322112696531,57,TP,97.886,0.11027228249584967,0.05441077181136656,1.5144331487496596,1.242379289692827,0.8203592814371207,0.9161676646705996,0.08383233532940043,0.9161676646705996,1.0234564382955473,1.5235016107182637,0.2992592449625161,0.3333333333333333,1.5235016107182637,0.7073400335476364,0.3333333333333333,2.0857462527690087,1.450953914969689,0.4166666666666667,4.969517158771308,3.7362063310469558,0.5416666666666666,False,True,0.39901232661664515,0.38087540267956593,False,True,0.39901232661664515,0.4262177125224573,False,True,0.39901232661664515,0.7889561912648152,False,True,0.39901232661664515,1.5779123825296304,False
AUDJPY,body60_plus_early1,実体60%以上で入る。さらに1本以内にブレイク水準内へ戻れば撤退,1,2024-04-04 09:00:00,2024-04-04 10:00:00,2024-04-04 18:00:00,long,3m,100.168,100.206,99.9723046874791,100.90708593756274,99.9723046874791,-0.9999999999999715,-1.053488449832999,8,SL,100.207,0.11684765626045723,0.33376792695828655,1.3693043157267217,1.0697689966615243,0.7812500000000167,0.8624999999999623,0.13750000000003776,0.8624999999999623,1.0082712019751114,1.7886537624180956,2.344933640681947,1.0,2.8669809110528313,3.371911877477049,0.8333333333333334,5.656938454346151,5.956473773411349,0.8333333333333334,11.861598634982943,12.554808944819637,0.7916666666666666,False,True,0.14548858354593228,0.9499548690354694,False,False,0.29097716709186455,0.9499548690354694,False,True,0.736001069703116,0.9841874769286801,False,True,0.736001069703116,1.626048874925619,False
AUDJPY,body60_plus_early1,実体60%以上で入る。さらに1本以内にブレイク水準内へ戻れば撤退,1,2024-04-24 01:00:00,2024-04-24 02:00:00,2024-04-24 10:00:00,long,3m,100.806,100.94,100.62652284486055,101.88043146541837,100.62652284486055,-0.9999999999999792,-1.039875314022233,8,SL,100.94,0.15673857756972934,0.8549267326378974,3.1070844686168857,2.9603433130147927,0.9527720739219508,0.9917864476385938,0.00821355236140619,0.9917864476385938,0.9214624977324294,1.3653307521231972,3.7323293924862937,0.6666666666666666,1.7927941184421006,3.4388470812822898,0.6666666666666666,3.9939114524724952,4.606396275854891,0.75,5.040239692417392,7.069095669871578,0.625,False,False,0.41470326583180034,0.4848838185110937,False,False,1.090988591649802,0.4848838185110937,False,False,1.090988591649802,0.4848838185110937,True,False,1.9267751735569996,0.4848838185110937,False
AUDJPY,body60_plus_early1,実体60%以上で入る。さらに1本以内にブレイク水準内へ戻れば撤退,1,2024-09-01 22:00:00,2024-09-01 23:00:00,2024-09-02 02:00:00,long,3m,99.033,99.14,98.76784835370779,100.25645493887663,98.76784835370779,-0.9999999999999943,-1.0335884581581873,3,SL,99.143,0.18607582314610588,0.5911568635847331,1.832586277112726,1.768096437448934,0.9648093841642224,0.9648093841642224,0.035190615835777615,0.9648093841642224,0.9595061894837513,1.5746269184574824,1.1608171139481767,0.6666666666666666,1.7734705907541992,1.7465998242276448,0.6666666666666666,2.2410219283166137,1.9508176498296268,0.5,3.85326791991141,3.466328881928659,0.5,False,False,0.49979625739438677,0.6771433164698143,False,False,0.639524243332577,0.6771433164698143,True,False,1.0802048143685132,0.6771433164698143,True,False,3.2083695232734915,0.6771433164698143,True
AUDJPY,body60_plus_early1,実体60%以上で入る。さらに1本以内にブレイク水準内へ戻れば撤退,1,2024-10-23 02:00:00,2024-10-23 03:00:00,2024-10-23 04:00:00,long,3m,101.417,101.433,101.10580859950086,102.41457420149746,101.371,-0.1894915328013736,-0.22769547086612463,1,early_back_inside,101.433,0.1635957002495744,0.09780208144588426,1.3264407296093546,1.0635976357236765,0.8018433179723853,0.8248847926267423,0.1751152073732577,0.8248847926267423,0.9790947993911133,2.365587844971538,2.683444609670597,1.0,2.9890761141888658,3.129666606267254,0.8333333333333334,3.092990825725058,3.3497212895204282,0.8333333333333334,5.562493382232788,5.189622946720523,0.7083333333333334,True,False,0.40954621605454805,0.9291197737355096,True,True,0.5379114479522331,0.9291197737355096,True,True,0.5379114479522331,1.3570038800611555,True,True,0.5379114479522331,1.5648333031335402,True
AUDJPY,body60_plus_early1,実体60%以上で入る。さらに1本以内にブレイク水準内へ戻れば撤退,1,2024-11-06 18:00:00,2024-11-06 19:00:00,2024-11-06 20:00:00,long,3m,101.69,101.759,101.20142562981313,103.4317231105606,101.665,-0.16858737600957377,-0.19100591005338108,1,early_back_inside,101.76,0.2787871850934319,0.2510875812908968,0.8931543963060787,0.5775014369690067,0.646586345381544,0.8273092369478193,0.17269076305218065,0.8273092369478193,1.3431416100811062,1.9943527885389034,1.040219979633628,1.0,2.148592302760461,1.3128293536065494,0.6666666666666666,3.9994664734188445,3.7770746157041333,0.6666666666666666,5.025338591264406,4.358163018120119,0.6666666666666666,True,False,0.5918492987570739,0.04663055081112941,True,False,0.6958712967204215,0.04663055081112941,True,False,1.0689157032097116,0.04663055081112941,True,False,1.6822867946488609,0.04663055081112941,True
AUDJPY,body60_plus_early1,実体60%以上で入る。さらに1本以内にブレイク水準内へ戻れば撤退,1,2024-11-15 18:00:00,2024-11-15 19:00:00,2024-11-15 20:00:00,short,3m,99.533,99.484,99.95396304328703,98.07411087013888,99.559,-0.15958701662035815,-0.18618485272372595,1,early_back_inside,99.485,0.23498152164351968,0.20427138127405842,1.2979744018454988,0.9617777534986514,0.740983606557392,0.7704918032787054,0.22950819672129466,0.7704918032787054,1.3572473669735283,2.830009761400937,2.5874374961379925,1.0,4.523759964464924,4.808888767493257,1.0,6.498383316780742,6.119630130668445,0.8333333333333334,6.660098160289351,5.72810998322652,0.5833333333333334,True,False,0.7319724495653357,0.029789576435820343,True,False,0.7319724495653357,0.029789576435820343,True,False,1.3149970169516907,0.029789576435820343,True,False,2.255496501567648,0.029789576435820343,True
AUDJPY,body60_plus_early1,実体60%以上で入る。さらに1本以内にブレイク水準内へ戻れば撤退,1,2024-11-26 00:00:00,2024-11-26 01:00:00,2024-11-26 01:00:00,short,3m,99.415,99.21,99.70325655486813,97.73023033539558,99.70325655486813,-0.9999999999999956,-1.0253417818306094,0,SL,99.212,0.24662827743407087,0.8231010738590967,2.522014127784978,2.2990064476753465,0.9115755627009536,0.9614147909967831,0.0385852090032169,0.9614147909967831,1.1420457765233232,2.846388935217123,4.253364662454057,0.6666666666666666,2.846388935217123,4.026302297251561,0.5,3.6857087494477896,4.666942541930066,0.5,5.57924668783297,6.921347453583509,0.5,True,False,2.0435612868225173,0.6082027639353074,True,False,2.3841548346262895,0.6082027639353074,True,False,2.7166390122442765,0.6082027639353074,True,False,3.268076184878917,0.6082027639353074,True
SILVER,body60_plus_early1,実体60%以上で入る。さらに1本以内にブレイク水準内へ戻れば撤退,1,2015-03-20 15:00:00,2015-03-20 16:00:00,2015-03-31 02:00:00,long,3m,16.78,16.8,16.58441166554648,17.446765003360564,16.58441166554648,-0.9999999999999987,-1.1623464464750317,149,SL,16.799,0.10779416722676075,0.17626185617287699,1.7626185617289345,1.2431099330088222,0.7052631578947339,0.7157894736842016,0.28421052631579835,0.7157894736842016,1.4127876790170715,5.1023168892153095,5.82591819350402,1.0,5.399178962769654,6.196995785446942,0.6666666666666666,5.714594915921135,6.11350332725978,0.5833333333333334,7.486490417448622,7.263843862282887,0.5833333333333334,False,True,0.07421551838857804,0.7607090634830156,False,True,0.07421551838857804,0.9184170400587564,True,False,0.2133696153671825,0.9184170400587564,True,False,0.8070937624758727,0.9184170400587564,True
SILVER,body60_plus_early1,実体60%以上で入る。さらに1本以内にブレイク水準内へ戻れば撤退,1,2015-06-03 16:00:00,2015-06-03 17:00:00,2015-06-03 18:00:00,short,3m,16.484,16.475,16.64392793008535,15.968216209743959,16.498,-0.13615273678177076,-0.34334168405838206,1,early_back_inside,16.476,0.08446396504267374,0.09471494732648213,2.4981067357351145,1.5391178940548509,0.6161137440758458,0.6350710900473995,0.3649289099526006,0.6350710900473995,1.2280779994646984,1.1484187363332279,1.3023305257386877,0.3333333333333333,2.6638578935564374,1.3260092625703293,0.5,3.516292419494482,3.4570955774154624,0.6666666666666666,3.9661884192951247,3.6820435773157625,0.5416666666666666,True,False,0.43805663138486417,0.18942989465288015,True,False,0.8997919996012859,0.18942989465288015,True,False,0.9945069469277259,0.18942989465288015,True,False,0.9945069469277259,0.18942989465288015,True
SILVER,body60_plus_early1,実体60%以上で入る。さらに1本以内にブレイク水準内へ戻れば撤退,1,2015-07-20 01:00:00,2015-07-20 02:00:00,2015-07-20 06:00:00,short,3m,14.668,14.641,14.779036084505767,14.226891746482698,14.779036084505767,-0.9999999999999998,-1.253556887862447,4,SL,14.642,0.06901804225288367,0.3767130905384886,5.5058067078702715,3.3904178148464235,0.6157894736842092,0.6263157894736864,0.3736842105263136,0.6263157894736864,1.1824919942194856,0.6664923909527067,3.1151274794529087,0.3333333333333333,0.7968930761391125,3.4483736749292877,0.5,2.3472123333552024,3.897531590571318,0.5833333333333334,2.9412598992043675,5.129093617331783,0.5833333333333334,False,True,0.738937216056274,0.9852496214083568,False,False,0.738937216056274,0.9852496214083568,False,True,0.738937216056274,1.1011613415740338,True,False,3.37592884982572,1.5213413271746576,False
SILVER,body60_plus_early1,実体60%以上で入る。さらに1本以内にブレイク水準内へ戻れば撤退,1,2015-08-10 14:00:00,2015-08-10 15:00:00,2015-08-12 13:00:00,long,3m,15.018,15.09,14.952920053492322,15.501239839523034,15.501239839523034,2.999999999999996,2.744674542909599,44,TP,15.081,0.06853997325383915,0.9191716455254088,2.6845648059790106,1.8529333171702866,0.6902173913043446,0.7173913043478272,0.28260869565217284,0.7173913043478272,1.2857734899847368,1.4298225597062029,2.772104962695721,0.6666666666666666,1.4298225597062029,2.37817425747055,0.6666666666666666,2.159323865678773,3.4140661119515814,0.5833333333333334,5.529619899271999,2.9180052238902303,0.5416666666666666,False,True,0.05836010447779838,4.610448253746591,False,True,0.05836010447779838,4.610448253746591,False,True,0.05836010447779838,4.610448253746591,False,True,0.05836010447779838,4.610448253746591,False
SILVER,body60_plus_early1,実体60%以上で入る。さらに1本以内にブレイク水準内へ戻れば撤退,1,2015-08-26 06:00:00,2015-08-26 07:00:00,2015-08-26 08:00:00,short,3m,14.494,14.488,14.672780605588502,13.933658183234492,14.553,-0.351768519174318,-0.5411823371912555,1,early_back_inside,14.485,0.09239030279425131,0.0974128206944283,1.2447193755398722,1.0174227939195588,0.8173913043478349,0.9652173913043517,0.03478260869564828,0.9652173913043517,0.9407310229419263,1.0823646743824917,1.5586051311107951,0.6666666666666666,2.1322584085335077,2.4786151043359257,0.6666666666666666,2.1322584085335077,1.7967253594749468,0.6666666666666666,4.199574936604082,3.2146230829160185,0.6666666666666666,True,False,0.9091863264813116,-0.021647293487657142,True,False,1.0390700874071968,-0.021647293487657142,True,False,1.0390700874071968,-0.021647293487657142,True,True,1.0390700874071968,3.9831020017275685,True
SILVER,body60_plus_early1,実体60%以上で入る。さらに1本以内にブレイク水準内へ戻れば撤退,1,2015-10-05 12:00:00,2015-10-05 13:00:00,2015-10-06 14:00:00,long,3m,15.42,15.483,15.294295705554728,16.04911288333582,16.04911288333582,2.999999999999999,2.814524623814797,24,TP,15.484,0.09435214722263655,0.6783099471915935,3.3385567713336353,2.098521399123995,0.6285714285714273,0.679365079365078,0.3206349206349221,0.679365079365078,1.3865044376852644,1.399014266082657,1.9713382840255664,0.0,2.1197185849737394,3.105387726986504,0.5,2.5648594878182203,2.7768313463155887,0.5,9.84609282720297,11.033135234788258,0.5833333333333334,False,True,0.5193310533185579,2.1939087354478164,False,True,0.5193310533185579,2.1939087354478164,False,True,0.5193310533185579,2.1939087354478164,False,True,0.5193310533185579,2.4482749656446545,False
SILVER,body60_plus_early1,実体60%以上で入る。さらに1本以内にブレイク水準内へ戻れば撤退,1,2015-10-28 13:00:00,2015-10-28 14:00:00,2015-10-28 18:00:00,long,3m,16.189,16.239,16.10622455486152,16.63732633541544,16.10622455486152,-1.0000000000000064,-1.2636029573351997,4,SL,16.241,0.0663877225692402,0.7832773589388508,3.9465128469611694,2.7414707562859775,0.6946564885496118,0.8282442748091541,0.1717557251908459,0.8282442748091541,1.14538271282529,1.762374057612441,3.961575873094601,1.0,2.5607144426847226,4.503844813898418,1.0,3.5850002197586064,5.528130590972302,0.75,4.443592709364667,6.492164263512434,0.625,False,True,0.6025210453375692,1.0845378816076354,False,True,0.6025210453375692,1.4309874826767404,False,True,0.6025210453375692,1.6719959008118002,True,False,7.9834038507229526,1.6719959008118002,False
SILVER,body60_plus_early1,実体60%以上で入る。さらに1本以内にブレイク水準内へ戻れば撤退,1,2016-04-12 08:00:00,2016-04-12 09:00:00,2016-04-12 10:00:00,long,3m,15.998,16.005,15.86651242446945,16.420462726591644,15.976,-0.20940506676428197,-0.462135319755674,1,early_back_inside,16.005,0.06924378776527446,0.1010921011965517,1.5308232466907095,0.924270639511348,0.6037735849056449,0.6037735849056449,0.39622641509435513,0.6037735849056449,1.105422545662201,2.7150450035646667,2.5273025299138947,1.0,2.7150450035646667,2.8016953760188357,0.8333333333333334,2.7150450035646667,1.6030318904025211,0.4166666666666667,7.466373759802801,7.7407666059077425,0.5833333333333334,True,False,0.47657704849804405,0.49101877724045256,True,False,0.8087368095724392,0.49101877724045256,True,True,0.8087368095724392,2.4117686999750116,True,True,0.8087368095724392,2.4117686999750116,True
SILVER,body60_plus_early1,実体60%以上で入る。さらに1本以内にブレイク水準内へ戻れば撤退,1,2016-04-19 06:00:00,2016-04-19 07:00:00,2016-04-19 07:00:00,long,long,16.452,16.681,16.507733465359358,17.200799603921926,16.507733465359358,-1.0000000000000067,-1.2020009234477507,0,SL,16.672,0.08663326732032083,2.5394401804859013,5.771454955649806,5.021165811415357,0.8700000000000045,0.8759999999999977,0.12400000000000233,0.8759999999999977,1.1557845392413366,1.338977549710751,5.367453108754318,0.6666666666666666,1.4544066488237652,5.7137404060933195,0.6666666666666666,1.4659495587350788,5.298195649286518,0.5,2.4124681714616147,5.8753411448515065,0.4583333333333333,False,False,2.043095054300027,0.3578302072502742,False,False,2.043095054300027,0.3578302072502742,False,True,2.043095054300027,1.1658339010412502,False,True,2.043095054300027,2.839555838179689,False
SILVER,body60_plus_early1,実体60%以上で入る。さらに1本以内にブレイク水準内へ戻れば撤退,1,2016-10-04 12:00:00,2016-10-04 13:00:00,2016-10-04 16:00:00,short,3m,18.648,18.513,18.716376376824893,17.902870869525326,17.902870869525326,2.999999999999995,2.8279052830696445,3,TP,18.511,0.10168818841244603,1.3472557839690305,2.301152214954412,1.6422752987067846,0.7136752136752151,0.7735042735042716,0.2264957264957283,0.7735042735042716,1.0767548065692323,1.79961903990023,2.212646360533086,0.6666666666666666,2.0651366031642087,2.6650096164642854,0.5,2.301152214954377,2.9108592120790573,0.5,5.605370780017118,6.441259405107398,0.625,False,True,0.5998730133000767,2.596171729692131,False,True,0.5998730133000767,3.0682029532725026,False,True,0.5998730133000767,5.054667685839989,False,True,0.5998730133000767,7.93602494644527,False
SILVER,body60_plus_early1,実体60%以上で入る。さらに1本以内にブレイク水準内へ戻れば撤退,1,2016-11-11 18:00:00,2016-11-11 19:00:00,2016-12-20 06:00:00,short,3m,17.383,17.283,17.75697074160633,15.861087775181016,15.861087775181016,3.0000000000000013,2.926155779402371,599,TP,17.277,0.23698537080316415,0.447284993334208,1.7216252573618935,1.1857271993105112,0.6887254901960734,0.7622549019607818,0.23774509803921817,0.7622549019607818,1.7150536371199339,2.966427833150506,2.2406446364195114,1.0,5.650137793155799,5.569964067935522,1.0,6.000370382275995,6.228232548691533,0.75,6.000370382275995,6.143839153722815,0.625,False,False,0.6709274900013196,0.38820961685612176,False,False,0.6709274900013196,0.38820961685612176,False,False,0.6709274900013196,0.38820961685612176,True,True,0.9283273446559154,0.9874027211340316,False
SILVER,body60_plus_early1,実体60%以上で入る。さらに1本以内にブレイク水準内へ戻れば撤退,1,2017-11-17 18:00:00,2017-11-17 19:00:00,2017-11-20 02:00:00,long,3m,17.248,17.307,17.192794773950396,17.649615678148805,17.192794773950396,-1.0000000000000018,-1.3064658353270016,6,SL,17.306,0.05710261302480103,1.0157153399409067,3.0646583532699987,1.8913320123037725,0.6171428571428578,0.6342857142857155,0.36571428571428455,0.6342857142857155,1.2784691656062062,2.7494363512193596,3.7476393577130502,1.0,3.1872446874008236,4.062861359763627,0.6666666666666666,3.1872446874008236,4.0278366928691325,0.5833333333333334,3.1872446874008236,3.800176358054823,0.5416666666666666,False,False,0.9982030064936905,0.1751233344725358,False,False,0.9982030064936905,0.1751233344725358,False,False,0.9982030064936905,0.1751233344725358,True,False,1.9788936795400403,0.1751233344725358,False
SILVER,body60_plus_early1,実体60%以上で入る。さらに1本以内にブレイク水準内へ戻れば撤退,1,2018-03-20 14:00:00,2018-03-20 15:00:00,2018-03-20 16:00:00,short,3m,16.147,16.142,16.242287681183285,15.841136956450145,16.161,-0.1894549736899155,-0.5384509778555159,1,early_back_inside,16.141,0.05014384059164252,0.11965577285678129,1.6153529335664767,0.9771888116637375,0.6049382716049794,0.6666666666666959,0.3333333333333041,0.6666666666666959,1.1784517323621841,2.5526564876112396,2.2734596842787735,0.6666666666666666,3.5099026704654195,3.529845299274977,0.5,3.589673185703297,3.609615814512784,0.5,3.789099473797956,2.8916811773721673,0.4166666666666667,True,False,1.017074069282641,0.0598278864283198,True,False,1.017074069282641,0.0598278864283198,True,False,1.1766150997583258,0.0598278864283198,True,False,1.2563856149962036,0.0598278864283198,True
SILVER,body60_plus_early1,実体60%以上で入る。さらに1本以内にブレイク水準内へ戻れば撤退,1,2018-04-11 14:00:00,2018-04-11 15:00:00,2018-04-11 16:00:00,long,3m,16.797,16.834,16.70126898895061,17.232193033148175,16.784,-0.3767017187972342,-0.6403929219552954,1,early_back_inside,16.831,0.06636550552469608,0.512314337564215,2.4862313440617507,2.154733831520159,0.8666666666666566,0.9575757575757495,0.04242424242425052,0.9575757575757495,1.2874083598145296,2.546503619069274,3.8574256004836265,0.6666666666666666,3.119090231641066,4.309467663040265,0.6666666666666666,3.119090231641066,4.279331525536503,0.6666666666666666,3.525928087942035,4.4450802818072725,0.5833333333333334,True,False,0.7684715063463224,0.512314337564215,True,False,1.5520110814445522,0.512314337564215,True,False,1.8232363189785674,0.512314337564215,True,False,3.450587744182604,0.512314337564215,True
SILVER,body60_plus_early1,実体60%以上で入る。さらに1本以内にブレイク水準内へ戻れば撤退,1,2018-06-19 11:00:00,2018-06-19 12:00:00,2018-06-22 06:00:00,short,3m,16.303,16.272,16.394853270073106,15.903440189780676,16.394853270073106,-1.0000000000000042,-1.2848927015062186,63,SL,16.272,0.061426635036553726,0.5046670712396161,1.7093562090372862,1.3837645501730496,0.8095238095238143,0.8095238095238143,0.19047619047618564,0.8095238095238143,0.9699104889301998,1.7093562090372862,2.0837866167311616,1.0,2.5558945220843134,3.109400342153568,0.8333333333333334,3.33731450335847,4.03733656991664,0.6666666666666666,4.248971148178367,4.802476968247622,0.6666666666666666,False,False,0.8628178959902592,0.6837424836148799,True,False,1.3837645501730496,0.6837424836148799,True,False,1.3837645501730496,0.6837424836148799,True,False,1.562839962548371,0.6837424836148799,True
SILVER,body60_plus_early1,実体60%以上で入る。さらに1本以内にブレイク水準内へ戻れば撤退,1,2018-07-17 13:00:00,2018-07-17 14:00:00,2018-07-19 08:00:00,short,long,15.606,15.578,15.673179643502833,15.292461069491502,15.292461069491502,3.000000000000002,2.6322743108513706,40,TP,15.578,0.04758982175141624,0.5883611026378179,3.4461150297357266,2.6266120653473575,0.7621951219512209,0.8292682926829344,0.17073170731706552,0.8292682926829344,1.114225716675406,2.941805513189052,3.7613084775774213,1.0,3.6352310984407437,5.463353095922499,0.6666666666666666,3.6352310984407437,4.2866308906469,0.5,3.6352310984407437,4.2866308906469,0.5416666666666666,False,True,1.84913489400456,0.5883611026377806,False,False,1.84913489400456,0.5883611026377806,False,False,1.84913489400456,0.5883611026377806,True,True,1.84913489400456,0.5883611026377806,False
SILVER,body60_plus_early1,実体60%以上で入る。さらに1本以内にブレイク水準内へ戻れば撤退,1,2019-05-16 15:00:00,2019-05-16 16:00:00,2019-05-23 15:00:00,short,3m,14.558,14.536,14.626078318277985,14.265765045166045,14.626078318277985,-1.0000000000000069,-1.3885507708080156,114,SL,14.536,0.045039159138992396,0.48846382615864303,2.420116229604159,1.9538553046345721,0.8073394495412933,0.9541284403669816,0.0458715596330184,0.9541284403669816,1.2564216609266448,4.5071889413728705,4.107536719970374,1.0,4.5071889413728705,5.439710791312124,0.8333333333333334,4.529391842561927,5.350899186555978,0.5833333333333334,4.529391842561927,5.262087581799872,0.6666666666666666,False,False,0.44405802378057024,0.08881160475610617,False,True,0.44405802378057024,0.333043517835408,False,True,0.44405802378057024,0.42185512259155356,False,False,0.6660870356708948,0.42185512259155356,False
SILVER,body60_plus_early1,実体60%以上で入る。さらに1本以内にブレイク水準内へ戻れば撤退,1,2019-07-16 13:00:00,2019-07-16 14:00:00,2019-07-17 18:00:00,long,3m,15.506,15.576,15.445969675849296,15.966090972452115,15.966090972452115,3.0000000000000013,2.7308320176189436,27,TP,15.575,0.06501516207535234,1.0612909019595815,4.5527841591310105,2.7685849616337244,0.6081081081081084,0.743243243243241,0.256756756756759,0.743243243243241,1.4313177953683998,1.6150078942863482,2.876252154586142,0.3333333333333333,1.6611509769802455,2.1379628314838137,0.3333333333333333,2.261011052000882,3.6299225052530937,0.4166666666666667,3.337682981525114,4.260544635403004,0.5,False,True,0.2307154134694588,1.722675087238766,False,False,0.2307154134694588,1.722675087238766,False,True,0.7690513782315749,1.722675087238766,False,False,0.9074806263132665,1.722675087238766,False
SILVER,body60_plus_early1,実体60%以上で入る。さらに1本以内にブレイク水準内へ戻れば撤退,1,2019-08-07 01:00:00,2019-08-07 02:00:00,2019-08-07 18:00:00,long,3m,16.64,16.745,16.592122203859848,17.203633388420464,17.203633388420464,3.000000000000001,2.7710589707356,16,TP,16.746,0.0764388980700771,1.3867285201157686,4.186350249406173,3.087433308937012,0.7374999999999903,0.8437499999999979,0.15625000000000208,0.8437499999999979,0.9996014431641015,1.4783049318215475,4.081691493170983,1.0,1.9231046458209853,4.31717369470009,0.6666666666666666,2.2239985699970495,4.735808719640707,0.5833333333333334,2.4333160824673348,4.042444459582799,0.5,False,False,0.7980230162930502,0.5363761257051702,False,False,0.7980230162930502,0.5363761257051702,False,False,0.7980230162930502,0.5363761257051702,False,False,1.4783049318215475,0.5363761257051702,False
SILVER,body60_plus_early1,実体60%以上で入る。さらに1本以内にブレイク水準内へ戻れば撤退,1,2019-10-25 06:00:00,2019-10-25 07:00:00,2019-10-25 17:00:00,long,3m,17.946,18.015,17.88832039860692,18.395038804179247,17.88832039860692,-1.000000000000004,-1.2762875760194181,10,SL,18.012,0.06333980069654085,1.041998858130341,2.320815638563045,1.4682711182745944,0.6326530612244962,0.6870748299319738,0.3129251700680262,0.6870748299319738,1.0538440899078818,2.210300608155313,2.6997243142468257,0.6666666666666666,2.6207850068127234,3.599632418995805,0.6666666666666666,2.904966513575559,3.599632418995805,0.5833333333333334,7.467658483267603,7.151901253531081,0.5833333333333334,False,True,0.28418150676283555,0.6473023209597735,False,True,0.28418150676283555,0.8683323817752935,False,True,0.28418150676283555,1.1840896115117587,False,True,0.28418150676283555,4.910024922402139,False
SILVER,body60_plus_early1,実体60%以上で入る。さらに1本以内にブレイク水準内へ戻れば撤退,1,2019-11-07 15:00:00,2019-11-07 16:00:00,2019-11-12 15:00:00,short,3m,17.304,17.207,17.397872454133374,16.63438263759988,16.63438263759988,3.0000000000000084,2.8166314769781176,68,TP,17.213,0.09543622706668638,0.9535163197138019,4.4427573577875,3.688326863068876,0.8301886792452847,0.8490566037735846,0.15094339622641542,0.8490566037735846,1.376928963471877,1.5193391907527982,3.656892259122265,0.3333333333333333,1.7079468144324637,3.939803694641726,0.5,2.0327710552140847,4.327497143316606,0.5,2.1899440749471393,3.5311538433358214,0.4166666666666667,False,True,0.31434603946607176,2.808157952563808,False,True,0.31434603946607176,2.808157952563808,False,True,0.31434603946607176,2.808157952563808,False,True,0.31434603946607176,2.808157952563808,False
SILVER,body60_plus_early1,実体60%以上で入る。さらに1本以内にブレイク水準内へ戻れば撤退,1,2019-12-06 14:00:00,2019-12-06 15:00:00,2019-12-11 15:00:00,short,3m,16.723,16.59,16.737165085875404,16.148504742373788,16.737165085875404,-0.9999999999999984,-1.2378281491958787,69,SL,16.593,0.07358254293770206,1.7667233940265186,4.756562983917557,4.009103086444846,0.8428571428571529,0.8857142857142875,0.11428571428571255,0.8857142857142875,1.4274724838439603,2.826757430442478,4.688612084147319,0.6666666666666666,2.826757430442478,4.294496865479863,0.3333333333333333,2.826757430442478,4.9468255032743,0.4166666666666667,2.921888690120801,3.5742173279152376,0.4583333333333333,False,False,0.6115580979322842,0.9241322368754357,False,True,0.6115580979322842,0.9241322368754357,False,True,0.6115580979322842,0.9241322368754357,False,True,0.6115580979322842,1.060034036415911,False
SILVER,body60_plus_early1,実体60%以上で入る。さらに1本以内にブレイク水準内へ戻れば撤退,1,2019-12-23 06:00:00,2019-12-23 07:00:00,2019-12-24 05:00:00,long,3m,17.29,17.314,17.222284638880225,17.589146083359328,17.589146083359328,3.000000000000018,2.6183845369775045,21,TP,17.314,0.04585768055988768,0.5233583492880367,1.504655254203028,1.2865892753330646,0.8550724637681428,0.9130434782608651,0.08695652173913491,0.9130434782608651,1.1018211548801078,1.046716698575996,1.8971740161690556,0.6666666666666666,2.289692778135083,2.638598344327056,0.8333333333333334,3.0311171062930837,3.5108622598071433,0.8333333333333334,5.51706926541118,5.320809884428167,0.7083333333333334,False,True,0.15264618520903653,1.8099476246210238,False,True,0.15264618520903653,1.8099476246210238,False,True,0.15264618520903653,1.8099476246210238,False,False,0.5451649471749866,1.8099476246210238,False
SILVER,body60_plus_early1,実体60%以上で入る。さらに1本以内にブレイク水準内へ戻れば撤退,1,2020-02-18 15:00:00,2020-02-18 16:00:00,2020-02-21 05:00:00,long,3m,18.113,18.114,17.989984489299076,18.486046532102776,18.486046532102776,3.000000000000003,2.7177772376843605,58,TP,18.114,0.06200775535046248,0.01612701498948492,3.096386877977323,2.9834977730511003,0.9635416666666776,0.9739583333333386,0.026041666666661464,0.9739583333333386,1.31360503417114,2.4029252334302735,4.112388822313612,0.3333333333333333,2.4029252334302735,3.8704835974716825,0.3333333333333333,2.886735683114248,3.7575944925454023,0.25,4.16076986728201,5.821852411196951,0.4583333333333333,False,True,0.06450805995788238,1.6127014989464865,False,True,0.06450805995788238,1.6127014989464865,False,True,0.06450805995788238,1.6127014989464865,False,True,0.06450805995788238,1.8223526938095613,False
SILVER,body60_plus_early1,実体60%以上で入る。さらに1本以内にブレイク水準内へ戻れば撤退,1,2020-03-12 12:00:00,2020-03-12 13:00:00,2020-03-13 14:00:00,short,3m,16.383,16.062,16.345384722740423,15.211845831778732,15.211845831778732,3.0000000000000027,2.8764929892425464,24,TP,16.062,0.1416923613702115,2.2654714544653145,3.796958387857793,3.126491758031576,0.8234200743494352,0.8382899628252766,0.1617100371747234,0.8382899628252766,1.0709703793750207,1.5879472811672966,4.199238365753483,1.0,1.7149830636606844,3.7757857574422156,0.6666666666666666,3.3311605187153837,5.829530907751909,0.5833333333333334,4.594460800177348,6.669378580902606,0.625,False,True,0.479912956086098,1.1786097597997307,False,True,0.479912956086098,1.757328324491801,False,True,0.479912956086098,3.8110734748014945,False,True,0.9174806513410919,3.9028215399356037,False
SILVER,body60_plus_early1,実体60%以上で入る。さらに1本以内にブレイク水準内へ戻れば撤退,1,2020-03-16 07:00:00,2020-03-16 08:00:00,2020-03-16 10:00:00,short,long,14.285,14.052,14.504293178462426,12.69512046461272,12.69512046461272,2.9999999999999982,2.922616564505829,2,TP,14.053,0.22614658923121353,1.0258832591226978,2.6487244492004223,2.352456439022745,0.8881469115191984,0.9398998330550896,0.06010016694491044,0.9398998330550896,1.4662785946875128,0.7826781761410243,2.8344446943864274,1.0,1.1806501301110368,2.4895356676124107,0.6666666666666666,3.192619452959437,1.724545133870052,0.5833333333333334,6.28353496212654,7.026415942870561,0.625,False,True,0.19014215578566973,1.1275872029150409,False,True,0.19014215578566973,5.938625935352531,False,True,0.19014215578566973,6.199518660732878,False,True,0.19014215578566973,10.241144948828344,False
SILVER,body60_plus_early1,実体60%以上で入る。さらに1本以内にブレイク水準内へ戻れば撤退,1,2020-09-21 13:00:00,2020-09-21 14:00:00,2020-09-21 14:00:00,short,3m,25.832,25.581,26.032954665098192,24.225136004705426,24.225136004705426,2.9999999999999982,2.9225586044290597,0,TP,25.576,0.22597733254909566,1.1328569866377278,2.6241570042037967,2.022326730052508,0.7706576728499169,0.9241146711635722,0.07588532883642783,0.9241146711635722,1.4038933644855804,1.9692240588038623,3.4826501893901947,0.6666666666666666,3.4383979633496518,4.575680172591438,0.8333333333333334,4.3367181519725495,5.544803922879186,0.8333333333333334,5.075730326849495,6.027153186721023,0.75,False,True,0.0221261130202637,8.368095944265404,False,True,0.0221261130202637,8.368095944265404,False,True,0.0221261130202637,8.368095944265404,False,True,0.0221261130202637,8.368095944265404,False
SILVER,body60_plus_early1,実体60%以上で入る。さらに1本以内にブレイク水準内へ戻れば撤退,1,2020-11-05 20:00:00,2020-11-05 21:00:00,2020-11-06 01:00:00,long,3m,25.276,25.371,24.97347814270867,26.563565571873983,24.97347814270867,-0.999999999999998,-1.0880454731180964,3,SL,25.368,0.19876092864566391,0.4628676301065661,1.036420997847323,0.6993326150523181,0.6747572815533964,0.7815533980582436,0.21844660194175636,0.7815533980582436,1.0462351127282252,1.5445691569860553,1.4288522494594138,0.6666666666666666,3.0187019354776354,2.4552109075218165,0.6666666666666666,4.885265965581325,4.356993126872735,0.75,7.239853475253889,7.35557038278053,0.7083333333333334,False,False,0.26665200430051167,0.462867630106584,True,False,1.4640704387066423,0.462867630106584,True,False,1.569725006448364,0.462867630106584,True,False,2.4602420774142675,0.462867630106584,True
SILVER,body60_plus_early1,実体60%以上で入る。さらに1本以内にブレイク水準内へ戻れば撤退,1,2020-11-24 10:00:00,2020-11-24 11:00:00,2020-11-25 08:00:00,short,3m,23.212,23.131,23.42954301899138,22.23537094302586,23.42954301899138,-1.0000000000000029,-1.1172360355912778,20,SL,23.132,0.14927150949569024,0.5359361627029574,2.2911270955551832,1.9494677918320278,0.8508771929824499,0.9035087719298206,0.09649122807017944,0.9035087719298206,1.0771885266018295,1.058473921338348,1.520718861669676,0.3333333333333333,1.2661491843857642,1.6881989125143444,0.3333333333333333,2.6595832074134726,3.0213401172379664,0.4166666666666667,6.0091842243070275,6.478128366672127,0.4166666666666667,False,False,0.48234254643266644,0.495740950500257,False,True,1.0517747193045766,0.495740950500257,False,False,1.0517747193045766,1.4537268413318183,True,False,1.0517747193045766,1.4537268413318183,False
SILVER,body60_plus_early1,実体60%以上で入る。さらに1本以内にブレイク水準内へ戻れば撤退,1,2021-01-29 11:00:00,2021-01-29 12:00:00,2021-01-29 17:00:00,long,3m,27.282,27.461,26.840561848939327,29.322314453182017,26.840561848939327,-0.9999999999999983,-1.0564117469890668,5,SL,27.451,0.3102190755303363,0.5447762994944326,1.4860465921120345,1.2958584165488867,0.872017353579174,1.0,0.0,1.0,1.72071402117523,2.9559755422271725,2.7464461962677835,1.0,3.4620695009291,3.8650105508510277,1.0,3.607128278900995,3.1364931325921943,0.5833333333333334,6.385809759162526,7.001503683443222,0.625,False,False,0.6027998106831908,0.2353175731544005,False,False,0.7414115318563276,0.37392929432753735,False,False,1.6311053700839184,0.622140981079432,True,False,2.5594815491040146,0.622140981079432,False
SILVER,body60_plus_early1,実体60%以上で入る。さらに1本以内にブレイク水準内へ戻れば撤退,1,2021-03-25 11:00:00,2021-03-25 12:00:00,2021-03-25 13:00:00,short,3m,24.814,24.673,24.909014783928193,23.96495564821542,24.909014783928193,-1.0000000000000029,-1.1482957949390553,1,SL,24.671,0.1180073919640968,1.2117884957876857,2.60153194550224,1.618542676191927,0.6221498371335427,0.915309446254073,0.0846905537459271,0.915309446254073,0.8722647305965705,1.3304251317389215,2.372732719024837,1.0,2.8303311719796125,3.287929624934418,1.0,2.8303311719796125,3.313351761209685,0.6666666666666666,4.414977666471204,4.914946346551444,0.7083333333333334,False,True,0.05084427255053395,1.728705266718094,True,False,3.457410533436188,2.3388365373244713,True,False,4.287866985094869,2.3388365373244713,True,False,4.287866985094869,2.3388365373244713,True
SILVER,body60_plus_early1,実体60%以上で入る。さらに1本以内にブレイク水準内へ戻れば撤退,1,2021-07-19 02:00:00,2021-07-19 03:00:00,2021-07-19 04:00:00,short,3m,25.509,25.471,25.688905816466658,24.817282550600027,25.525,-0.24781348600789266,-0.40843333805005044,1,early_back_inside,25.477,0.10895290823332883,0.293704872305659,0.9453625577338206,0.6241228536495377,0.660194174757308,0.8640776699029163,0.13592233009708368,0.8640776699029163,1.1249337038566003,1.8815468382081106,1.9641513335440803,0.3333333333333333,1.8815468382081106,1.404276420711419,0.5,5.617105682845708,5.2866877015018625,0.6666666666666666,8.21455814729889,7.700574620763978,0.625,True,False,0.4956269720157853,0.578231467351755,True,False,0.5506966355730984,0.578231467351755,True,True,0.5506966355730984,0.578231467351755,True,True,0.5506966355730984,1.652089906719328,True
SILVER,body60_plus_early1,実体60%以上で入る。さらに1本以内にブレイク水準内へ戻れば撤退,1,2021-08-06 13:00:00,2021-08-06 14:00:00,2021-08-08 22:00:00,short,3m,24.481,24.252,24.51673037622226,23.45780887133322,23.45780887133322,3.000000000000002,2.8677900114846864,7,TP,24.252,0.1323651881111296,1.7300621354290044,2.810406613011274,2.6668643397660867,0.9489247311828001,0.9758064516129022,0.0241935483870977,0.9758064516129022,1.4365388953035811,3.8227573822142626,5.341283536018746,0.6666666666666666,4.502694466007312,6.701157703604844,0.8333333333333334,4.525359035467081,6.436737726574212,0.5833333333333334,6.746486842524356,8.84673694579624,0.625,False,True,0.7403759356857851,0.49862052811489566,False,False,0.7781502181187248,0.49862052811489566,False,True,0.7781502181187248,0.49862052811489566,False,False,0.9670216302834502,0.49862052811489566,False
SILVER,body60_plus_early1,実体60%以上で入る。さらに1本以内にブレイク水準内へ戻れば撤退,1,2021-09-29 13:00:00,2021-09-29 14:00:00,2021-09-30 14:00:00,short,long,21.881,21.682,21.96881737489448,20.821547875316554,21.96881737489448,-1.0000000000000033,-1.1220288694604967,23,SL,21.685,0.14340868744724086,1.3667233379575323,3.9607084487748443,3.116965979933755,0.7869718309859233,0.8697183098591579,0.13028169014084218,0.8697183098591579,1.31878527652324,1.6805118594273587,4.56736625694989,0.6666666666666666,1.6805118594273587,3.946762292265106,0.6666666666666666,2.9356659453067384,5.585435682163151,0.5833333333333334,3.2006429189923575,3.786381492402746,0.5,False,True,0.08367693905862696,1.9315426766032149,False,True,0.08367693905862696,1.9315426766032149,False,True,0.08367693905862696,1.9315426766032149,False,True,0.08367693905862696,1.9315426766032149,False
SILVER,body60_plus_early1,実体60%以上で入る。さらに1本以内にブレイク水準内へ戻れば撤退,1,2021-11-10 14:00:00,2021-11-10 15:00:00,2021-11-10 17:00:00,long,3m,24.817,25.072,24.77907861031266,25.950764169062015,24.77907861031266,-1.000000000000003,-1.1194859823564256,2,SL,25.066,0.14646069484366953,1.7001148346713673,3.3660908172409063,2.867663576554115,0.8519269776876255,0.8924949290060832,0.10750507099391679,0.8924949290060832,1.4989346865285298,4.547295099964405,6.445415276826413,0.6666666666666666,4.547295099964405,5.373455320828799,0.5,4.547295099964405,5.462216336293581,0.5,4.547295099964405,4.458534084499623,0.5,False,False,0.7920213687625662,0.22531642387211856,False,False,1.0514766447365127,0.2799385872350483,True,False,2.307786402084018,0.2799385872350483,True,False,3.8030681241443927,0.2799385872350483,True
SILVER,body60_plus_early1,実体60%以上で入る。さらに1本以内にブレイク水準内へ戻れば撤退,1,2022-01-18 13:00:00,2022-01-18 14:00:00,2022-01-20 06:00:00,long,3m,23.425,23.466,23.21079849073224,24.23160452780328,24.23160452780328,3.0000000000000053,2.8628534756693913,38,TP,23.461,0.12760075463387976,0.2821299929086729,5.227241813058215,3.7617332387825098,0.7196401799100424,0.9610194902548728,0.038980509745127255,0.9610194902548728,1.474480332788023,1.5438780167503254,5.0705029281089455,0.6666666666666666,1.6771060689572026,3.7774071272774563,0.3333333333333333,2.398104939723873,2.9545279812937735,0.5,2.460800493703575,2.8604846503242065,0.5416666666666666,False,False,1.6692691247097293,0.49372748759022633,False,True,1.6692691247097293,0.9090855327058043,False,True,1.6692691247097293,1.316606633573909,True,True,1.6692691247097293,1.316606633573909,False
SILVER,body60_plus_early1,実体60%以上で入る。さらに1本以内にブレイク水準内へ戻れば撤退,1,2022-08-31 09:00:00,2022-08-31 10:00:00,2022-08-31 13:00:00,short,long,18.131,17.994,18.196111989589234,17.3876640312323,18.196111989589234,-1.0000000000000069,-1.1731713198763452,3,SL,18.001,0.10105599479461633,1.2864155190813544,2.1770108784453743,1.9494142866079052,0.8954545454545463,0.8954545454545463,0.10454545454545366,0.8954545454545463,1.102052507807855,3.7009184933571433,4.472767804805956,1.0,3.7009184933571433,4.86858796452329,0.6666666666666666,3.7009184933571433,4.076947645088621,0.3333333333333333,6.728942715194825,7.411732490707232,0.5,False,True,0.3463426397526764,0.7817448154417582,False,False,0.3463426397526764,0.7817448154417582,False,False,0.8905953593640199,0.7817448154417582,False,False,2.26607041438178,0.7817448154417582,False
SILVER,body60_plus_early1,実体60%以上で入る。さらに1本以内にブレイク水準内へ戻れば撤退,1,2022-09-12 11:00:00,2022-09-12 12:00:00,2022-09-14 00:00:00,long,3m,19.423,19.459,19.23795845075236,20.12212464774293,19.23795845075236,-0.999999999999992,-1.158341271670994,34,SL,19.457,0.11052077462382126,0.3076344706751108,2.6420372187390093,2.3072585300631543,0.8732876712328685,0.9006849315068501,0.09931506849314985,0.9006849315068501,1.1020033851331195,1.4114993360386303,2.1624893673925403,0.3333333333333333,3.845430883438612,4.505940188123364,0.6666666666666666,4.198305717448253,4.831670804132294,0.5,6.568900756179821,6.4060354481753885,0.5416666666666666,False,True,0.4433555606787993,1.8186626060497921,False,True,0.4433555606787993,2.587748782737489,False,True,0.4433555606787993,3.3025465234237292,False,True,0.4433555606787993,4.949295748802164,False
SILVER,body60_plus_early1,実体60%以上で入る。さらに1本以内にブレイク水準内へ戻れば撤退,1,2022-10-03 13:00:00,2022-10-03 14:00:00,2022-10-10 01:00:00,long,3m,20.004,20.179,19.810295415208866,21.2851137543734,19.810295415208866,-0.999999999999997,-1.0949269454292958,102,SL,20.178,0.1843522923955666,0.9438450574113063,3.0702086350275857,2.7501692190088223,0.8957597173144919,0.9204946996466462,0.07950530035335378,0.9204946996466462,1.4361083077855745,2.58743731255859,4.328668711576014,1.0,2.9454475067491006,4.692103302648185,0.8333333333333334,3.737409451473517,5.028415909311972,0.6666666666666666,4.838562018453374,6.829315674027807,0.5416666666666666,False,True,-0.005424396881661548,1.7900509709524735,False,True,-0.005424396881661548,1.8171729553608582,False,True,-0.005424396881661548,1.914812099230978,False,True,-0.005424396881661548,2.8966279348140116,False
SILVER,body60_plus_early1,実体60%以上で入る。さらに1本以内にブレイク水準内へ戻れば撤退,1,2022-11-30 23:00:00,2022-12-01 00:00:00,2022-12-05 01:00:00,long,3m,22.243,22.337,22.01865353273126,23.292039401806214,23.292039401806214,3.000000000000004,2.8900568921016077,47,TP,22.339,0.15917323363436883,0.6031164776140583,1.5894632170453822,1.2187978818450693,0.7667984189723279,0.7707509881422933,0.22924901185770674,0.7707509881422933,1.31553897380856,1.8093494328421749,1.3444471480146618,0.6666666666666666,4.1338608569796955,4.353747072776466,0.6666666666666666,4.605045605115674,5.45317815176043,0.5833333333333334,6.320158088330649,6.9735342724125395,0.5833333333333334,False,False,0.6470937207734034,0.06910709639329496,True,False,0.8292851567193162,0.32668809204094545,True,False,0.8481325466447562,0.32668809204094545,True,True,0.8481325466447562,0.38323026181726555,True
SILVER,body60_plus_early1,実体60%以上で入る。さらに1本以内にブレイク水準内へ戻れば撤退,1,2023-01-23 14:00:00,2023-01-23 15:00:00,2023-01-23 16:00:00,short,3m,23.105,22.901,23.234693350000725,21.899919949997823,23.234693350000725,-0.9999999999999996,-1.1048867171009666,1,SL,22.894,0.16684667500036285,1.2646341319030974,2.8349381250718593,2.0617731818704392,0.727272727272726,0.8773784355179715,0.12262156448202859,0.8773784355179715,1.2494593640378793,3.182562673177898,4.83078251333596,0.6666666666666666,3.5601548547413717,5.094497687761251,0.6666666666666666,5.544012189622511,6.946497435429756,0.8333333333333334,5.544012189622511,5.813720890739314,0.6666666666666666,False,False,0.9649577973289023,0.9050225304140548,True,False,2.2355854559234696,0.9050225304140548,True,False,2.4333718367424426,0.9050225304140548,True,False,3.5301872212839798,0.9050225304140548,True
SILVER,body60_plus_early1,実体60%以上で入る。さらに1本以内にブレイク水準内へ戻れば撤退,1,2023-03-15 11:00:00,2023-03-15 12:00:00,2023-03-15 17:00:00,long,3m,21.974,22.101,21.796293937109247,23.01511818867225,21.796293937109247,-1.000000000000003,-1.1148647968076368,5,SL,22.105,0.15235303144537535,0.8598450503885705,2.4613885030207125,1.9559833970671383,0.7946666666666715,0.9759999999999991,0.02400000000000091,0.9759999999999991,1.1530062619117114,2.520461827093212,3.3737431748070525,0.6666666666666666,2.520461827093212,2.559844043141545,0.5,2.520461827093212,2.8945928795523512,0.5,3.570654255048717,2.9274113929259777,0.5416666666666666,False,True,0.26254810698887043,1.7656360195001803,False,True,0.8138991316655076,1.7656360195001803,True,False,1.9428559917176784,1.7656360195001803,True,False,2.6386084752382106,1.7656360195001803,True
SILVER,body60_plus_early1,実体60%以上で入る。さらに1本以内にブレイク水準内へ戻れば撤退,1,2023-04-04 14:00:00,2023-04-04 15:00:00,2023-04-13 12:00:00,long,long,24.627,24.828,24.507239582686726,25.79028125193982,25.79028125193982,3.0000000000000027,2.890884292104483,135,TP,24.827,0.16038020865663669,1.247036661663095,5.0567336630437785,4.620270831461721,0.9136868064118413,0.9136868064118413,0.08631319358815874,0.9136868064118413,1.4195632624984507,1.6897346765534527,5.574253877633968,0.6666666666666666,1.6897346765534527,5.131555862743566,0.6666666666666666,2.1698437912937485,5.811190843349954,0.6666666666666666,2.313253007385,5.661546443950379,0.4583333333333333,False,True,0.8729256631641578,0.6297535141398484,False,True,0.8729256631641578,0.9477478628639231,False,True,0.8729256631641578,0.9789237794055159,False,True,0.8729256631641578,1.1535089120383386,False
SILVER,body60_plus_early1,実体60%以上で入る。さらに1本以内にブレイク水準内へ戻れば撤退,1,2023-05-05 01:00:00,2023-05-05 02:00:00,2023-05-05 03:00:00,long,3m,26.081,26.112,25.87329162316616,26.82812513050151,25.989,-0.5152730776834732,-0.6618954981625138,1,early_back_inside,26.11,0.11935418841691857,0.242974296793837,1.0305461553669761,0.8127071306552315,0.7886178861788364,0.9756097560975603,0.02439024390243973,0.9756097560975603,0.8960323458764914,0.6200033780256684,0.5445975617792724,0.6666666666666666,1.0975735475859585,0.9132482189837199,0.6666666666666666,5.027054416424241,4.867864359904124,0.5833333333333334,5.311920833354938,3.678128148017061,0.5416666666666666,True,False,1.2735204521608132,0.10891951235587234,True,False,1.2735204521608132,0.10891951235587234,True,False,1.2735204521608132,0.10891951235587234,True,False,1.700820077556859,0.10891951235587234,True
SILVER,body60_plus_early1,実体60%以上で入る。さらに1本以内にブレイク水準内へ戻れば撤退,1,2023-05-11 13:00:00,2023-05-11 14:00:00,2023-05-18 20:00:00,short,3m,24.479,24.3,24.635738881332188,23.292783356003444,23.292783356003444,2.9999999999999982,2.8957523184055316,121,TP,24.301,0.16786944066609294,1.0603478470751473,3.8958847864446238,3.34783983177658,0.8593272171253842,0.9128440366972498,0.08715596330275018,0.9128440366972498,1.514875723607582,1.5071236253371412,3.4074099355448557,0.6666666666666666,1.7930601234248098,4.271176440184717,0.6666666666666666,3.8184436515458673,6.225075843783851,0.75,6.5110123418715204,9.072526803906996,0.6666666666666666,False,False,0.8637665046398818,0.4348617575083261,False,True,0.8637665046398818,1.0424768159446456,False,True,0.8637665046398818,1.0424768159446456,False,True,0.8637665046398818,1.0424768159446456,False
SILVER,body60_plus_early1,実体60%以上で入る。さらに1本以内にブレイク水準内へ戻れば撤退,1,2023-10-20 14:00:00,2023-10-20 15:00:00,2023-10-20 16:00:00,long,3m,23.549,23.654,23.34158733895591,24.591237983132263,23.34158733895591,-1.0000000000000022,-1.1120313110327549,1,SL,23.654,0.1562063305220441,0.6721878661965153,1.3379739431911513,1.0883041643181515,0.8133971291865955,0.9473684210526352,0.052631578947364845,0.9473684210526352,1.3621652636780277,3.156082076522664,3.636216266663048,0.6666666666666666,3.156082076522664,2.85519798403472,0.6666666666666666,4.090743299995915,3.585001953048059,0.6666666666666666,5.601565551637605,5.294279669947759,0.625,False,False,0.8386343854451743,0.2368662004692411,True,False,2.195813696241941,0.2368662004692411,True,False,3.021644503283379,0.2368662004692411,True,False,3.021644503283379,0.2368662004692411,True
SILVER,body60_plus_early1,実体60%以上で入る。さらに1本以内にブレイク水準内へ戻れば撤退,1,2024-03-04 14:00:00,2024-03-04 15:00:00,2024-03-05 13:00:00,long,3m,23.492,23.487,23.27912396315032,24.110628110549037,24.110628110549037,2.999999999999993,2.8316304248896618,21,TP,23.501,0.10393801842483999,0.08659006719960176,1.7702858183029124,1.5874845653259981,0.8967391304347921,0.9510869565217376,0.04891304347826245,0.9510869565217376,1.2005305417109398,2.434143000166492,3.809962956782341,0.6666666666666666,2.684292083187552,4.05049092122569,0.5,3.2134536049628735,4.175565462736204,0.5,7.51409360920959,8.120224079606803,0.5,False,True,0.6638571818636135,1.0775652807060982,False,True,0.6638571818636135,3.049894589141415,False,True,0.6638571818636135,3.107621300607816,False,True,0.6638571818636135,4.175565462736169,False
SILVER,body60_plus_early1,実体60%以上で入る。さらに1本以内にブレイク水準内へ戻れば撤退,1,2024-04-02 18:00:00,2024-04-02 19:00:00,2024-04-03 17:00:00,long,long,25.912,25.95,25.606264995273474,26.981205014179576,26.981205014179576,3.0000000000000018,2.8981773764128405,21,TP,25.953,0.17186750236326265,0.23855586097563655,0.6109357415229686,0.42474580124930256,0.6952380952380962,0.8190476190476016,0.18095238095239835,0.8190476190476016,1.3193071841923973,1.4895195221893283,0.8727653450328005,0.6666666666666666,2.9033993811424907,1.7804413038669353,0.6666666666666666,3.5317904295660956,2.9615837374779996,0.6666666666666666,5.672974742713265,5.667156307079706,0.6666666666666666,False,True,0.09309497013682268,0.9134943944676733,False,True,0.09309497013682268,1.216053047412378,False,True,0.09309497013682268,1.58843292795971,False,True,0.09309497013682268,2.222642412016895,False
SILVER,body60_plus_early1,実体60%以上で入る。さらに1本以内にブレイク水準内へ戻れば撤退,1,2024-08-19 14:00:00,2024-08-19 15:00:00,2024-08-22 14:00:00,long,3m,29.218,29.347,29.003159074725225,30.37852277582433,29.003159074725225,-0.9999999999999999,-1.1017912570239574,68,SL,29.35,0.17192046263738806,0.7677969101235714,1.8729591292408079,1.4890606741790324,0.7950310559006238,0.8354037267080826,0.16459627329191742,0.8354037267080826,1.083987811056061,1.7682595505875909,2.1405247191323697,0.6666666666666666,1.7682595505875909,2.442990168574983,0.5,1.9253089185674164,1.9369422050844542,0.4166666666666667,5.415294873674529,5.4560113764841205,0.5,False,False,0.32573202247666855,0.6223808286607629,False,False,0.7387136938310179,0.6223808286607629,False,False,1.00046264046404,0.6223808286607629,False,True,1.00046264046404,0.72708040731398,False
SILVER,body60_plus_early1,実体60%以上で入る。さらに1本以内にブレイク水準内へ戻れば撤退,1,2024-09-13 12:00:00,2024-09-13 13:00:00,2024-09-16 05:00:00,long,3m,30.182,30.194,29.900175582690757,31.075473251927725,31.075473251927725,2.9999999999999987,2.880881240842677,15,TP,30.192,0.14691220865462112,0.06806786237562301,1.2864825988990742,1.0822790117722294,0.8412698412698353,0.9576719576719623,0.042328042328037656,0.9576719576719623,0.9540088115063802,1.5995947658269112,1.1163129429600531,0.3333333333333333,1.9943883676054617,1.1503468741478524,0.6666666666666666,2.191785168494737,1.5451404759264031,0.5833333333333334,9.958328265552097,9.549921091298408,0.7083333333333334,False,True,0.10890857980099199,4.084071742536752,False,True,0.10890857980099199,4.084071742536752,False,True,0.10890857980099199,4.737523221342632,False,True,0.10890857980099199,4.900886091044083,False
SILVER,body60_plus_early1,実体60%以上で入る。さらに1本以内にブレイク水準内へ戻れば撤退,1,2024-10-18 17:00:00,2024-10-18 18:00:00,2024-10-22 10:00:00,long,3m,32.951,33.095,32.661050281754726,34.39684915473581,34.39684915473581,3.0000000000000053,2.919345494354672,38,TP,33.096,0.21697485912263503,0.6682801896326682,1.225948485808953,0.9816805544259183,0.8007518796992089,0.8609022556390774,0.13909774436092254,0.8609022556390774,1.227693499640911,2.451896971617841,2.9266063477017563,0.6666666666666666,4.00046348000806,4.724049616368985,0.6666666666666666,5.088147098996451,4.4383022249398145,0.75,7.328037941489459,6.825675592041431,0.7083333333333334,False,True,0.10139423566840054,2.350502735949473,False,True,0.10139423566840054,2.659294271848715,False,True,0.10139423566840054,3.009565267794126,False,True,0.10139423566840054,4.203251951344926,False
SILVER,body60_plus_early1,実体60%以上で入る。さらに1本以内にブレイク水準内へ戻れば撤退,1,2024-11-06 13:00:00,2024-11-06 14:00:00,2024-11-07 14:00:00,short,3m,31.298,31.04,31.670784703600923,29.147645889197232,31.670784703600923,-1.0000000000000027,-1.055486443790091,23,SL,31.041,0.31539235180046093,0.8148580602315744,2.308236061667663,1.8897097427938614,0.8186813186813211,0.8489010989010992,0.15109890109890073,0.8489010989010992,1.7279294718173563,2.1560446729862726,3.475036708224953,1.0,2.504816605381122,3.132606083691847,0.5,3.6969824833852956,4.759151550224141,0.5833333333333334,4.670373240159993,4.841588552426545,0.5,False,True,0.3075534312936359,0.7133971344439957,True,False,1.147776722972105,0.7133971344439957,True,False,1.1763126083498656,0.7133971344439957,True,False,1.1763126083498656,0.7133971344439957,True
SILVER,body60_plus_early1,実体60%以上で入る。さらに1本以内にブレイク水準内へ戻れば撤退,1,2024-12-09 10:00:00,2024-12-09 11:00:00,2024-12-12 14:00:00,long,3m,31.527,31.617,31.26897376465889,32.661078706023325,31.26897376465889,-1.0000000000000049,-1.100567130997172,72,SL,31.612,0.17401311767055377,0.4884689219862237,1.4941402319579173,1.293005969963562,0.865384615384602,0.9384615384615319,0.06153846153846806,0.9384615384615319,1.1230948981593079,1.7182612667515915,1.8446885171480212,1.0,3.2066548055096638,4.085898865084887,0.8333333333333334,3.2066548055096638,3.7238571934950926,0.5,3.4422692267030284,1.7412480395509313,0.4166666666666667,False,True,0.356294978389949,0.44824206958738944,False,True,0.356294978389949,0.6953498771804238,False,True,0.356294978389949,2.5917586331270104,False,True,0.356294978389949,3.804310898292843,False
SILVER,body60_plus_early1,実体60%以上で入る。さらに1本以内にブレイク水準内へ戻れば撤退,1,2024-12-18 20:00:00,2024-12-18 21:00:00,2024-12-23 06:00:00,short,3m,29.621,29.46,29.772080487777945,28.523758536666165,29.772080487777945,-0.9999999999999952,-1.1121505552916917,54,SL,29.463,0.15604024388897283,1.0125592992050134,2.858237009148357,1.954623963655274,0.683856502242155,0.7914798206278018,0.2085201793721982,0.7914798206278018,1.0795028784945526,3.4093768808675633,4.6590544969750365,0.6666666666666666,3.9348823399486585,4.851312591760785,0.8333333333333334,4.691097512772657,5.883097700444399,0.75,5.331957828725216,6.447054778482649,0.5833333333333334,False,True,0.3781075864119881,1.1086883465979223,False,True,0.3781075864119881,1.4419357108932453,False,False,1.0317851086835905,1.4419357108932453,False,True,1.0317851086835905,1.4419357108932453,False
